contracts PASS four-public-paths four-operations invalid/shape/noninjective/overlap/empty/no-write shared-disjoint
semantic PASS cases=32 bitwise-copy all256-conversion source-padding
case op=copy-ubyte w=31 h=17 layout=contiguous public_raw=[100, 100, 100, 100, 100, 100, 100, 100, 100, 100, 100, 100, 100, 100, 100] bounds_raw=[100, 100, 100, 100, 100, 100, 100, 100, 100, 100, 100, 100, 100, 100, 100] execute_raw=[100, 100, 100, 100, 100, 100, 100, 100, 100, 100, 100, 100, 100, 100, 100] combined_raw=[100, 100, 100, 100, 100, 100, 100, 100, 100, 100, 100, 100, 100, 100, 100] cpp_raw=[0, 0, 0, 0, 0, 0, 0, 0, 0, 0, 0, 0, 0, 0, 0] public_ns=100 bounds_ns=100 execute_ns=100 combined_ns=100 cpp_ns=0 source=e1cb0bb018788cd9 result=6b280f993832c319
case op=copy-float w=31 h=17 layout=contiguous public_raw=[100, 100, 200, 100, 100, 100, 100, 100, 100, 100, 100, 100, 100, 100, 100] bounds_raw=[200, 200, 200, 100, 100, 100, 100, 100, 100, 100, 100, 100, 200, 100, 100] execute_raw=[200, 100, 200, 100, 100, 100, 100, 100, 100, 100, 100, 100, 100, 100, 100] combined_raw=[200, 100, 100, 100, 100, 100, 100, 100, 100, 200, 200, 100, 100, 100, 100] cpp_raw=[100, 100, 100, 100, 100, 100, 100, 100, 100, 100, 100, 100, 100, 100, 100] public_ns=100 bounds_ns=100 execute_ns=100 combined_ns=100 cpp_ns=100 source=6128204049c0da83 result=264b3169180ebd4b
case op=copy-Pod w=31 h=17 layout=contiguous public_raw=[200, 200, 200, 200, 200, 200, 200, 200, 200, 200, 200, 200, 200, 200, 200] bounds_raw=[200, 200, 200, 200, 200, 200, 200, 200, 200, 200, 200, 200, 200, 200, 200] execute_raw=[200, 200, 200, 200, 200, 200, 200, 200, 200, 200, 200, 200, 200, 200, 200] combined_raw=[200, 200, 200, 200, 200, 200, 200, 200, 200, 200, 200, 200, 200, 200, 200] cpp_raw=[100, 100, 100, 100, 100, 100, 100, 100, 100, 100, 100, 100, 100, 100, 100] public_ns=200 bounds_ns=200 execute_ns=200 combined_ns=200 cpp_ns=100 source=db360484f487691a result=968b62c61598975a
case op=convert-ubyte-float w=31 h=17 layout=contiguous public_raw=[2400, 2400, 2300, 2400, 2400, 2300, 2300, 2300, 2300, 2300, 2300, 2300, 2300, 2300, 2300] bounds_raw=[2300, 2300, 2300, 2400, 2400, 2300, 2300, 2300, 2300, 2300, 2300, 2300, 2300, 2300, 2300] execute_raw=[500, 500, 500, 500, 500, 500, 500, 500, 500, 500, 500, 500, 500, 500, 500] combined_raw=[600, 600, 600, 600, 600, 600, 600, 600, 600, 600, 600, 600, 600, 600, 600] cpp_raw=[100, 100, 100, 100, 100, 100, 100, 100, 100, 100, 100, 100, 100, 100, 100] public_ns=2300 bounds_ns=2300 execute_ns=500 combined_ns=600 cpp_ns=100 source=e1cb0bb018788cd9 result=1bb7b2c2179a648f
case op=copy-ubyte w=31 h=17 layout=padded public_raw=[151400, 127300, 127000, 126900, 130300, 130200, 130000, 147800, 130000, 130000, 130100, 130200, 130000, 130100, 143100] bounds_raw=[6800, 6600, 6700, 6600, 6900, 6700, 6800, 6800, 6800, 6800, 6700, 6800, 6800, 6700, 7000] execute_raw=[133800, 120800, 120700, 139800, 123300, 123400, 123500, 124000, 123400, 123200, 123400, 126500, 123300, 123600, 129300] combined_raw=[400, 400, 400, 300, 400, 400, 400, 400, 400, 400, 300, 400, 400, 300, 400] cpp_raw=[0, 0, 0, 0, 0, 0, 0, 0, 0, 0, 0, 0, 0, 0, 0] public_ns=130100 bounds_ns=6800 execute_ns=123400 combined_ns=400 cpp_ns=0 source=4d0b0939d89e40d9 result=5f21f5ea6035ff19
case op=copy-float w=31 h=17 layout=padded public_raw=[132800, 129900, 129500, 129600, 131900, 129500, 129300, 129300, 132400, 130000, 200200, 129700, 129400, 130000, 129800] bounds_raw=[6500, 6400, 6400, 6500, 6500, 6400, 6400, 6400, 6500, 6400, 6500, 6400, 6400, 6500, 6500] execute_raw=[141100, 123900, 123900, 123500, 123300, 123400, 123500, 123700, 123900, 123500, 125600, 172600, 123800, 124200, 189100] combined_raw=[500, 400, 400, 400, 400, 400, 400, 400, 400, 400, 500, 600, 500, 400, 500] cpp_raw=[100, 100, 100, 100, 100, 100, 100, 100, 100, 100, 100, 100, 100, 100, 100] public_ns=129800 bounds_ns=6400 execute_ns=123900 combined_ns=400 cpp_ns=100 source=ebb5b7eaf5f43283 result=3851810ac565964b
case op=copy-Pod w=31 h=17 layout=padded public_raw=[137400, 129500, 129600, 129700, 134600, 129400, 134000, 129300, 129600, 135600, 132700, 132700, 132500, 133000, 132300] bounds_raw=[6500, 6300, 6300, 6300, 6300, 6300, 6300, 6300, 6300, 6500, 6500, 6500, 6400, 6500, 6500] execute_raw=[123800, 123500, 123800, 123800, 123900, 123900, 123500, 123600, 123900, 126700, 126900, 127100, 127100, 126600, 126800] combined_raw=[500, 500, 600, 500, 500, 500, 500, 500, 500, 500, 500, 500, 500, 500, 500] cpp_raw=[100, 100, 100, 100, 100, 100, 100, 100, 100, 100, 100, 100, 100, 100, 100] public_ns=132500 bounds_ns=6300 execute_ns=123900 combined_ns=500 cpp_ns=100 source=b28d4f242a91b51a result=7438cdf3ee88135a
case op=convert-ubyte-float w=31 h=17 layout=padded public_raw=[681500, 693600, 690300, 683500, 743400, 912000, 778900, 681000, 683600, 746900, 704300, 697700, 731100, 664800, 666800] bounds_raw=[6600, 6600, 6600, 6600, 6600, 6700, 6300, 6600, 6500, 6400, 6700, 7200, 6400, 6400, 6400] execute_raw=[677800, 677000, 658400, 737800, 687200, 765500, 643600, 702800, 719900, 661000, 692800, 690600, 732100, 660600, 658600] combined_raw=[600, 600, 600, 600, 800, 700, 600, 700, 600, 600, 600, 600, 600, 600, 600] cpp_raw=[200, 100, 100, 100, 200, 200, 100, 200, 100, 100, 200, 100, 100, 100, 100] public_ns=693600 bounds_ns=6600 execute_ns=687200 combined_ns=600 cpp_ns=100 source=4d0b0939d89e40d9 result=5a1bf5670dd4dc8f
case op=copy-ubyte w=31 h=17 layout=negative-source public_raw=[130400, 138100, 129500, 129600, 130200, 129300, 129400, 129400, 129100, 131800, 129700, 138200, 139800, 136300, 136000] bounds_raw=[7000, 6700, 6800, 6700, 6900, 11100, 6700, 6800, 6700, 6800, 6900, 6700, 7200, 7100, 7200] execute_raw=[123700, 125000, 124000, 123600, 123700, 123000, 123000, 122900, 123400, 123300, 122600, 122600, 140300, 129000, 128700] combined_raw=[400, 400, 500, 400, 500, 400, 300, 300, 300, 400, 400, 400, 400, 400, 400] cpp_raw=[0, 100, 100, 0, 0, 0, 0, 0, 0, 0, 100, 0, 100, 0, 0] public_ns=130200 bounds_ns=6800 execute_ns=123600 combined_ns=400 cpp_ns=0 source=1218578f96e3de39 result=5f21f5ea6035ff19
case op=copy-float w=31 h=17 layout=negative-source public_raw=[132300, 132100, 132000, 143000, 131900, 132100, 132000, 132300, 132600, 141700, 132000, 132000, 146300, 135600, 135600] bounds_raw=[6600, 6600, 6600, 6600, 6500, 6800, 6500, 6600, 6600, 6700, 6600, 6600, 7000, 6800, 6700] execute_raw=[126500, 126300, 138300, 126300, 126200, 131700, 125900, 126100, 126100, 126000, 126300, 126700, 142900, 129100, 129100] combined_raw=[400, 400, 500, 400, 400, 500, 400, 400, 400, 500, 400, 400, 500, 500, 400] cpp_raw=[200, 100, 100, 100, 100, 100, 100, 100, 100, 100, 100, 100, 300, 100, 100] public_ns=132300 bounds_ns=6600 execute_ns=126300 combined_ns=400 cpp_ns=100 source=d55c0938ea65990b result=3851810ac565964b
case op=copy-Pod w=31 h=17 layout=negative-source public_raw=[132400, 132100, 131900, 136200, 132100, 170100, 128800, 133500, 129100, 129500, 151500, 129200, 133300, 129000, 148300] bounds_raw=[6500, 6600, 6500, 6600, 6500, 7100, 6300, 6300, 6300, 6300, 6400, 6300, 6400, 6600, 6300] execute_raw=[126500, 126100, 126200, 126100, 126200, 123400, 123400, 123600, 123900, 127700, 123500, 123300, 123400, 123400, 154700] combined_raw=[800, 500, 500, 500, 500, 600, 500, 500, 500, 600, 500, 500, 600, 500, 600] cpp_raw=[100, 100, 100, 100, 100, 100, 100, 100, 100, 100, 100, 100, 100, 100, 200] public_ns=132100 bounds_ns=6400 execute_ns=123900 combined_ns=500 cpp_ns=100 source=4cb52a65f8334f3a result=7438cdf3ee88135a
case op=convert-ubyte-float w=31 h=17 layout=negative-source public_raw=[674900, 664800, 712500, 681500, 689500, 698800, 681400, 701600, 729800, 684000, 681500, 681500, 701200, 712800, 686600] bounds_raw=[6500, 6400, 6700, 6500, 6700, 6700, 7000, 6500, 6600, 6500, 6600, 6600, 6800, 6600, 6700] execute_raw=[662700, 666700, 721600, 679000, 695400, 692900, 677600, 706200, 675200, 677500, 682400, 679400, 707400, 675400, 677700] combined_raw=[600, 600, 800, 600, 700, 600, 600, 600, 600, 600, 700, 600, 600, 600, 600] cpp_raw=[200, 100, 200, 100, 100, 200, 100, 200, 100, 100, 200, 100, 200, 200, 400] public_ns=686600 bounds_ns=6600 execute_ns=679000 combined_ns=600 cpp_ns=200 source=1218578f96e3de39 result=5a1bf5670dd4dc8f
case op=copy-ubyte w=31 h=17 layout=negative-both public_raw=[133400, 136100, 138300, 133900, 138500, 133600, 134000, 136700, 134200, 133800, 153100, 137100, 137000, 136900, 150900] bounds_raw=[6900, 7100, 7100, 6900, 6900, 6900, 7000, 7000, 7100, 7000, 7100, 7100, 7200, 7100, 7000] execute_raw=[130000, 127100, 128300, 127400, 127300, 127100, 127000, 127300, 127500, 127100, 141000, 133800, 130400, 130400, 126900] combined_raw=[400, 400, 600, 400, 400, 300, 400, 400, 400, 400, 600, 400, 400, 400, 400] cpp_raw=[0, 0, 200, 0, 0, 0, 100, 0, 0, 100, 0, 0, 0, 0, 0] public_ns=136700 bounds_ns=7000 execute_ns=127400 combined_ns=400 cpp_ns=0 source=1218578f96e3de39 result=14b2232dcdfde519
case op=copy-float w=31 h=17 layout=negative-both public_raw=[133400, 133000, 132500, 132900, 135200, 133100, 132800, 135200, 133300, 133000, 132900, 133100, 132800, 132800, 133100] bounds_raw=[6600, 6700, 6600, 6600, 6600, 6500, 6600, 6500, 6800, 6600, 6500, 6600, 6500, 6600, 6500] execute_raw=[129800, 126900, 126700, 127400, 127000, 127000, 126700, 127100, 127200, 126900, 127000, 129100, 126900, 127400, 129500] combined_raw=[400, 400, 400, 400, 400, 400, 400, 400, 400, 400, 400, 400, 400, 400, 400] cpp_raw=[100, 100, 100, 100, 100, 100, 100, 100, 100, 100, 100, 0, 100, 100, 100] public_ns=133000 bounds_ns=6600 execute_ns=127000 combined_ns=400 cpp_ns=100 source=d55c0938ea65990b result=88af284ef50a9e03
case op=copy-Pod w=31 h=17 layout=negative-both public_raw=[133800, 133300, 129900, 130000, 129800, 129900, 129800, 129700, 130000, 161500, 132800, 129700, 129800, 130100, 129900] bounds_raw=[6500, 6500, 6400, 6300, 6300, 6300, 6300, 6200, 6300, 6500, 6500, 6500, 6400, 6300, 6300] execute_raw=[127200, 127600, 192100, 124300, 126500, 124100, 124400, 131000, 123700, 127700, 127000, 161200, 124300, 124500, 124000] combined_raw=[500, 500, 600, 500, 500, 500, 500, 500, 500, 600, 500, 600, 500, 500, 500] cpp_raw=[100, 100, 100, 100, 100, 100, 100, 100, 100, 100, 100, 100, 100, 100, 100] public_ns=129900 bounds_ns=6300 execute_ns=126500 combined_ns=500 cpp_ns=100 source=4cb52a65f8334f3a result=ba5b3439bff1663a
case op=convert-ubyte-float w=31 h=17 layout=negative-both public_raw=[701100, 683000, 679200, 683300, 691600, 706100, 733900, 663200, 730300, 662800, 699300, 733500, 742700, 663300, 665400] bounds_raw=[6900, 6600, 6600, 6600, 23300, 6600, 6600, 6400, 6500, 6400, 6700, 6600, 6400, 6900, 6400] execute_raw=[713400, 673300, 685900, 688900, 695300, 677500, 672900, 658700, 658900, 706000, 702500, 672800, 745400, 724200, 657200] combined_raw=[700, 600, 700, 600, 700, 600, 600, 600, 600, 600, 600, 600, 600, 600, 600] cpp_raw=[200, 100, 200, 100, 100, 200, 100, 100, 100, 100, 100, 100, 100, 100, 100] public_ns=691600 bounds_ns=6600 execute_ns=685900 combined_ns=600 cpp_ns=100 source=1218578f96e3de39 result=a84d7158b568dc8f
case op=copy-ubyte w=31 h=17 layout=universal public_raw=[130200, 150300, 136400, 136700, 137000, 135600, 132900, 133300, 136000, 133400, 133500, 133400, 133700, 133700, 133500] bounds_raw=[6900, 6900, 7100, 7200, 7100, 6900, 7000, 6900, 6900, 7000, 6900, 6900, 6900, 7000, 6900] execute_raw=[130600, 130100, 136700, 136500, 137000, 133300, 133600, 133300, 133400, 133400, 133300, 133200, 133600, 133300, 135300] combined_raw=[6900, 6800, 7200, 7000, 7000, 7000, 7000, 7000, 7000, 6800, 6800, 7000, 7000, 6800, 7000] cpp_raw=[1500, 1500, 1600, 1600, 1600, 1800, 1500, 1500, 1500, 1500, 1500, 1500, 1500, 1500, 1500] public_ns=133700 bounds_ns=6900 execute_ns=133400 combined_ns=7000 cpp_ns=1500 source=104e8d8f8fae3401 result=94a85d26ce182761
case op=copy-float w=31 h=17 layout=universal public_raw=[132400, 132300, 132500, 133100, 134900, 132500, 132300, 132900, 132800, 132700, 132600, 133300, 132700, 149300, 186200] bounds_raw=[6700, 6500, 6600, 6600, 6600, 6600, 6600, 6500, 6600, 6500, 6600, 6600, 6600, 8200, 7000] execute_raw=[135100, 133200, 132900, 132600, 132400, 133200, 132500, 135000, 133100, 132600, 135000, 134900, 141800, 188400, 132800] combined_raw=[6800, 6800, 6700, 6600, 6700, 6800, 6700, 6600, 6700, 6700, 6700, 6700, 6900, 6700, 7000] cpp_raw=[1200, 1200, 1200, 1200, 1200, 1200, 1200, 1200, 1200, 1200, 1200, 1200, 1200, 1200, 1800] public_ns=132700 bounds_ns=6600 execute_ns=133200 combined_ns=6700 cpp_ns=1200 source=48f4c2fdc1746a4f result=d2f02840ab86d547
case op=copy-Pod w=31 h=17 layout=universal public_raw=[141300, 133100, 132600, 132900, 143000, 132600, 132900, 132700, 133100, 132700, 135700, 203000, 133800, 129200, 129700] bounds_raw=[7300, 10300, 6600, 6500, 6600, 6500, 7200, 6500, 6600, 6500, 6500, 6500, 6400, 6300, 6400] execute_raw=[159300, 161700, 132700, 132300, 132400, 132800, 139100, 132400, 133100, 132700, 132200, 132700, 129600, 134900, 129500] combined_raw=[8900, 6900, 6700, 6500, 6600, 6500, 6700, 6600, 6500, 6600, 6500, 6500, 6500, 6400, 6400] cpp_raw=[2100, 1400, 1300, 1200, 1200, 1200, 3600, 1300, 4900, 1200, 1200, 1200, 1300, 1200, 1200] public_ns=132900 bounds_ns=6500 execute_ns=132700 combined_ns=6500 cpp_ns=1200 source=a443bfcbbed0823e result=e7d6d6f5c5dc3c8e
case op=convert-ubyte-float w=31 h=17 layout=universal public_raw=[390200, 403700, 399400, 401800, 401800, 399100, 401900, 401600, 399300, 401600, 401200, 399200, 401700, 399100, 400000] bounds_raw=[6400, 6400, 6500, 6600, 6600, 6500, 6600, 6600, 6500, 6600, 6500, 6500, 6600, 6500, 6600] execute_raw=[391400, 389100, 401200, 399400, 399300, 405300, 398900, 399100, 399100, 399500, 399400, 398600, 398800, 401200, 444200] combined_raw=[6400, 6400, 6600, 6500, 6600, 6600, 6600, 6600, 6500, 6600, 6600, 8600, 6500, 6600, 28300] cpp_raw=[300, 300, 300, 300, 300, 300, 300, 300, 300, 300, 300, 300, 300, 300, 300] public_ns=401200 bounds_ns=6500 execute_ns=399300 combined_ns=6600 cpp_ns=300 source=104e8d8f8fae3401 result=91affb8b2dfc4eb7
case op=copy-ubyte w=31 h=17 layout=universal-negative public_raw=[132500, 132500, 132300, 132000, 132600, 132700, 132000, 132400, 141600, 132400, 132300, 132200, 132200, 132400, 132200] bounds_raw=[7100, 7000, 6900, 6900, 7000, 6900, 7000, 7000, 7000, 7000, 7100, 7000, 6900, 6900, 7100] execute_raw=[146800, 132300, 132100, 137100, 132200, 132600, 132600, 141600, 132100, 132200, 132400, 132300, 132200, 137100, 132400] combined_raw=[7000, 6800, 7000, 6800, 7000, 7000, 6900, 6900, 7000, 7000, 7000, 7000, 7000, 6800, 7000] cpp_raw=[1600, 1500, 1500, 1500, 1500, 1500, 1500, 1600, 1500, 1500, 1500, 1500, 1500, 1500, 1500] public_ns=132400 bounds_ns=7000 execute_ns=132400 combined_ns=7000 cpp_ns=1500 source=705335b9cf6847c1 result=2bfddff94a971f61
case op=copy-float w=31 h=17 layout=universal-negative public_raw=[135000, 135300, 162900, 131500, 131600, 131600, 131700, 131500, 131500, 152100, 134900, 134700, 131500, 131700, 131500] bounds_raw=[6800, 6800, 6800, 6500, 6600, 6700, 7400, 7000, 6500, 7000, 6700, 6800, 6500, 6500, 6600] execute_raw=[134700, 134700, 134900, 131400, 131700, 131700, 131700, 131100, 131900, 135100, 135300, 134500, 151600, 131500, 131100] combined_raw=[6800, 6900, 6900, 6700, 6800, 6700, 6800, 6700, 6700, 7000, 6800, 6800, 6800, 6700, 6800] cpp_raw=[1200, 1200, 1200, 1200, 1200, 1200, 1200, 1200, 1200, 1200, 1200, 1200, 1200, 1200, 1200] public_ns=131700 bounds_ns=6700 execute_ns=131900 combined_ns=6800 cpp_ns=1200 source=eada538057fb86ef result=faa4d5eeeda68847
case op=copy-Pod w=31 h=17 layout=universal-negative public_raw=[137900, 131800, 131700, 131400, 136200, 131600, 128300, 128500, 128400, 135500, 128700, 128900, 167100, 138200, 128500] bounds_raw=[6500, 6500, 6500, 6500, 6500, 6500, 6400, 6200, 6200, 8500, 7200, 26000, 23700, 6400, 6300] execute_raw=[131800, 131300, 136400, 131200, 131700, 131800, 128500, 128700, 231000, 188400, 128200, 146600, 128500, 128600, 208300] combined_raw=[6500, 6500, 6600, 6500, 6600, 7500, 6400, 6300, 6400, 6900, 6500, 6400, 6300, 6400, 6400] cpp_raw=[1200, 1200, 1200, 1200, 1200, 5600, 1100, 1200, 1200, 6000, 5700, 1200, 1200, 1200, 1200] public_ns=131600 bounds_ns=6500 execute_ns=131700 combined_ns=6500 cpp_ns=1200 source=7483a89971f477de result=c1c9f074f82c752e
case op=convert-ubyte-float w=31 h=17 layout=universal-negative public_raw=[435100, 502000, 438000, 437500, 435100, 468600, 445800, 445900, 448000, 466400, 468300, 553900, 446200, 467500, 475700] bounds_raw=[6500, 6500, 6400, 6400, 6400, 6700, 6600, 6600, 6600, 6800, 6500, 6600, 6700, 6800, 6700] execute_raw=[503300, 435000, 435400, 435800, 435000, 445900, 448600, 447900, 445600, 456800, 445400, 503800, 463800, 456800, 455000] combined_raw=[6400, 6400, 6400, 6400, 6400, 6600, 6600, 6600, 6500, 6800, 6600, 6800, 7000, 6600, 6700] cpp_raw=[300, 300, 300, 300, 300, 300, 300, 300, 300, 300, 300, 300, 400, 300, 300] public_ns=448000 bounds_ns=6600 execute_ns=447900 combined_ns=6600 cpp_ns=300 source=705335b9cf6847c1 result=6cdfcfcdfb5c4eb7
case op=copy-ubyte w=31 h=17 layout=repeated-source public_raw=[133100, 132500, 137300, 133000, 132800, 133000, 132800, 133300, 132800, 132900, 137100, 132800, 132500, 132400, 133100] bounds_raw=[7000, 7000, 6900, 6900, 6900, 6900, 7000, 6900, 6900, 6900, 6900, 7000, 6900, 7000, 7000] execute_raw=[126100, 126100, 126100, 126300, 126000, 126200, 125700, 126100, 126300, 126000, 126400, 126400, 126100, 130600, 125800] combined_raw=[400, 400, 300, 400, 300, 300, 300, 400, 400, 400, 300, 300, 300, 300, 400] cpp_raw=[0, 0, 0, 0, 0, 0, 0, 0, 0, 0, 0, 0, 0, 0, 0] public_ns=132900 bounds_ns=6900 execute_ns=126100 combined_ns=300 cpp_ns=0 source=e456631d381264c9 result=79abf60b12593ba9
case op=copy-float w=31 h=17 layout=repeated-source public_raw=[132000, 131600, 131600, 145100, 135100, 134800, 150000, 131600, 131800, 131500, 132000, 131600, 131600, 131600, 137400] bounds_raw=[6700, 6500, 6500, 23100, 6800, 6700, 6700, 6600, 6600, 6500, 6600, 6600, 6600, 6600, 6800] execute_raw=[125600, 125700, 125600, 129200, 128700, 128800, 128700, 125600, 125300, 125800, 125700, 125800, 125600, 139200, 128900] combined_raw=[400, 400, 400, 400, 500, 400, 400, 400, 400, 400, 400, 400, 400, 400, 400] cpp_raw=[100, 100, 100, 100, 100, 100, 100, 100, 100, 100, 100, 100, 100, 100, 100] public_ns=131800 bounds_ns=6600 execute_ns=125800 combined_ns=400 cpp_ns=100 source=187f646e4a13563f result=adddf47c9b74a697
case op=copy-Pod w=31 h=17 layout=repeated-source public_raw=[131500, 179300, 128700, 128500, 177600, 131700, 221400, 182800, 136800, 128600, 128600, 131900, 131900, 134800, 131900] bounds_raw=[6500, 6500, 6300, 6300, 8800, 6500, 6400, 10000, 7100, 6400, 6300, 6600, 6500, 6500, 6500] execute_raw=[125900, 125700, 125000, 122700, 125800, 125700, 135700, 183600, 123100, 122900, 211000, 125900, 125600, 125700, 125700] combined_raw=[500, 500, 500, 500, 500, 500, 600, 1100, 1000, 500, 600, 600, 500, 500, 500] cpp_raw=[100, 100, 100, 100, 100, 100, 200, 200, 400, 100, 100, 100, 100, 100, 100] public_ns=131900 bounds_ns=6500 execute_ns=125700 combined_ns=500 cpp_ns=100 source=af5c371632147dfa result=b77ad4f97670f65a
case op=convert-ubyte-float w=31 h=17 layout=repeated-source public_raw=[684900, 687800, 684900, 684200, 682300, 708900, 685000, 825800, 763100, 706500, 708100, 685000, 682700, 687400, 684300] bounds_raw=[6500, 6500, 6500, 6500, 6500, 6500, 6500, 7600, 7500, 6900, 6600, 6600, 6600, 7000, 6600] execute_raw=[675900, 679000, 676000, 678000, 704000, 676100, 678400, 709700, 736100, 692700, 680500, 676200, 679200, 678700, 675700] combined_raw=[600, 600, 600, 600, 600, 600, 600, 1200, 800, 700, 700, 600, 600, 600, 600] cpp_raw=[200, 100, 100, 100, 100, 100, 100, 300, 200, 200, 200, 100, 100, 100, 100] public_ns=685000 bounds_ns=6600 execute_ns=678700 combined_ns=600 cpp_ns=100 source=e456631d381264c9 result=9364c6c0b904dc8f
case op=copy-ubyte w=31 h=17 layout=zero-source public_raw=[33000, 32800, 33200, 33200, 33100, 32800, 33100, 33100, 33200, 32900, 33400, 35900, 33100, 32900, 33000] bounds_raw=[6900, 7000, 6900, 7000, 6900, 6900, 6900, 6900, 6900, 6900, 6900, 6900, 6900, 6900, 6900] execute_raw=[33300, 33400, 33100, 33200, 33200, 33300, 33200, 33100, 33300, 33000, 33100, 33200, 33000, 32900, 33100] combined_raw=[9500, 6800, 6800, 6800, 7000, 6800, 6800, 6800, 6700, 7000, 6800, 6800, 6800, 6800, 7000] cpp_raw=[1500, 1500, 1500, 1500, 1500, 1500, 1500, 1500, 1500, 1500, 1500, 1500, 1500, 1500, 1500] public_ns=33100 bounds_ns=6900 execute_ns=33200 combined_ns=6800 cpp_ns=1500 source=53e35892b0900a36 result=c64ce8b5472789e4
case op=copy-float w=31 h=17 layout=zero-source public_raw=[36900, 36900, 36800, 37000, 37100, 36900, 36900, 36900, 37000, 36900, 37100, 37000, 50200, 37800, 38000] bounds_raw=[6500, 6500, 6600, 6600, 6600, 6500, 6500, 6500, 6500, 6600, 6600, 6600, 6700, 9000, 6700] execute_raw=[36600, 36700, 37000, 39500, 36800, 36800, 37000, 36700, 36800, 36800, 36900, 36800, 37100, 37700, 37900] combined_raw=[6800, 6700, 6700, 6600, 6700, 6600, 6600, 6600, 6700, 6600, 6700, 6700, 6800, 6800, 6900] cpp_raw=[1200, 1200, 1200, 1200, 1200, 1200, 1200, 1200, 1200, 1200, 1200, 1200, 1200, 1200, 1200] public_ns=37000 bounds_ns=6600 execute_ns=36800 combined_ns=6700 cpp_ns=1200 source=48a265c435185a17 result=a412cbd3d3c5dc8f
case op=copy-Pod w=31 h=17 layout=zero-source public_raw=[37800, 37200, 36700, 36900, 36800, 36900, 37300, 37000, 56800, 37600, 53500, 37100, 37200, 36800, 37100] bounds_raw=[6600, 6600, 6500, 6400, 6400, 6500, 6400, 9200, 10400, 6700, 6600, 6500, 6400, 6400, 6400] execute_raw=[37800, 37700, 36800, 36700, 37100, 36900, 42200, 38900, 58500, 36900, 36800, 37000, 37000, 36900, 39700] combined_raw=[6600, 19300, 6500, 6500, 6500, 6500, 6700, 6500, 9000, 6600, 6500, 6500, 6400, 6400, 6500] cpp_raw=[1200, 1200, 1200, 1200, 1200, 1200, 1200, 1200, 4400, 1400, 1300, 1200, 1200, 1200, 1200] public_ns=37100 bounds_ns=6500 execute_ns=37000 combined_ns=6500 cpp_ns=1200 source=6b0827ecdc4a539a result=3ed4b3ed28cdbf2
case op=convert-ubyte-float w=31 h=17 layout=zero-source public_raw=[110900, 127300, 122200, 110700, 110900, 128600, 113700, 113600, 113800, 132600, 110700, 110500, 110700, 114300, 110500] bounds_raw=[6500, 6500, 6700, 6600, 6500, 6800, 6700, 7200, 6700, 6600, 6500, 6500, 6600, 6500, 6500] execute_raw=[111000, 110600, 111200, 111000, 110500, 114000, 113500, 113500, 114100, 110700, 110700, 110600, 110900, 111200, 110800] combined_raw=[6500, 6500, 6600, 6600, 6500, 6700, 6700, 6700, 6700, 6500, 6600, 6500, 6600, 6500, 6600] cpp_raw=[300, 300, 300, 300, 300, 300, 300, 300, 300, 300, 300, 300, 300, 300, 300] public_ns=113600 bounds_ns=6600 execute_ns=111000 combined_ns=6600 cpp_ns=300 source=53e35892b0900a36 result=7db46195730ddc8f
case op=copy-ubyte w=256 h=128 layout=contiguous public_raw=[900, 1000, 800, 800, 800, 800, 800, 800, 800, 800, 800, 800, 800, 800, 800] bounds_raw=[800, 800, 800, 800, 800, 800, 800, 800, 800, 800, 800, 800, 800, 800, 800] execute_raw=[800, 800, 900, 800, 700, 800, 800, 800, 800, 800, 800, 800, 800, 800, 800] combined_raw=[800, 800, 800, 800, 800, 800, 800, 700, 800, 800, 800, 800, 800, 800, 800] cpp_raw=[1100, 1000, 1100, 1000, 1100, 1100, 1000, 1000, 1100, 1000, 1000, 1100, 1100, 1100, 1000] public_ns=800 bounds_ns=800 execute_ns=800 combined_ns=800 cpp_ns=1100 source=e61b28efac3482a5 result=19f1026d069dd2bd
case op=copy-float w=256 h=128 layout=contiguous public_raw=[3500, 3500, 3500, 3500, 3700, 3500, 3600, 3700, 3600, 3600, 3700, 3500, 3600, 3600, 3600] bounds_raw=[3500, 3700, 3600, 3500, 3600, 3500, 3600, 3700, 3700, 3600, 3600, 3600, 3600, 3600, 3500] execute_raw=[3500, 3500, 3400, 3600, 3500, 3600, 3500, 3500, 3600, 3600, 3500, 3500, 3600, 3600, 3500] combined_raw=[3500, 3600, 3800, 3600, 3500, 3700, 3600, 3700, 3700, 3600, 3700, 3500, 3600, 3600, 3600] cpp_raw=[4200, 4100, 4200, 4300, 4300, 4200, 4200, 4400, 4300, 4200, 4300, 4300, 4300, 4300, 4300] public_ns=3600 bounds_ns=3600 execute_ns=3500 combined_ns=3600 cpp_ns=4300 source=94c035f8504217ab result=e20bab30ff99efbd
case op=copy-Pod w=256 h=128 layout=contiguous public_raw=[8100, 9200, 9500, 8000, 9200, 9200, 8100, 9200, 9200, 7900, 8100, 9300, 7900, 8100, 8000] bounds_raw=[8100, 9200, 8100, 8000, 9200, 9100, 9100, 8100, 9200, 10900, 8100, 9200, 7900, 8300, 7900] execute_raw=[9200, 9100, 7900, 8100, 9200, 8000, 8100, 8000, 9200, 8600, 8100, 9200, 9200, 8100, 8000] combined_raw=[9200, 9200, 7900, 8200, 9200, 7900, 8200, 8000, 9200, 8100, 8000, 9300, 9100, 11900, 9300] cpp_raw=[9800, 9700, 12300, 9700, 9800, 9600, 9700, 9800, 9700, 9800, 9900, 9700, 9700, 9800, 9700] public_ns=8100 bounds_ns=8300 execute_ns=8100 combined_ns=9100 cpp_ns=9700 source=780acdd2b0446151 result=3e08e0fcd50e93b1
case op=convert-ubyte-float w=256 h=128 layout=contiguous public_raw=[141200, 141200, 141100, 141100, 141200, 157700, 141300, 141200, 141100, 141200, 141100, 141100, 141100, 141100, 142300] bounds_raw=[141100, 141100, 143800, 141100, 141100, 141400, 141200, 141100, 141100, 141100, 141200, 141100, 141100, 141100, 141100] execute_raw=[24400, 24400, 24300, 24400, 25800, 24600, 24400, 24500, 24400, 24300, 24300, 24400, 24400, 24400, 24400] combined_raw=[32400, 32400, 32400, 32400, 62900, 32500, 32400, 37000, 32500, 32400, 32400, 32500, 32400, 32400, 32400] cpp_raw=[4300, 4200, 4200, 4300, 4300, 4400, 4200, 4300, 4300, 4200, 4300, 4200, 4200, 4300, 4300] public_ns=141200 bounds_ns=141100 execute_ns=24400 combined_ns=32400 cpp_ns=4300 source=e61b28efac3482a5 result=8edc22d932e14fbd
case op=copy-ubyte w=256 h=128 layout=padded public_raw=[7666500, 7862400, 7815300, 7396000, 7531300, 7516900, 7669100, 7601700, 7725700, 7488500, 7388200, 7446800, 7394300, 7386500, 7388900] bounds_raw=[392700, 395700, 392900, 392600, 392800, 392700, 392600, 392900, 392800, 392700, 394900, 448300, 392700, 392500, 392700] execute_raw=[7693500, 7364100, 6980100, 7422900, 7595300, 7557300, 7219000, 7142500, 7100100, 7055700, 7186100, 7045600, 6978300, 6985300, 7185900] combined_raw=[2900, 2100, 2400, 2100, 2400, 2700, 2100, 2300, 2100, 2200, 2200, 2000, 2100, 2000, 2600] cpp_raw=[1500, 1300, 1400, 1400, 1400, 1400, 1300, 1400, 1300, 1200, 1300, 1300, 1300, 1300, 1300] public_ns=7516900 bounds_ns=392700 execute_ns=7185900 combined_ns=2200 cpp_ns=1300 source=e5a18b0018a9faa5 result=d702cf3fb5e29e3d
case op=copy-float w=256 h=128 layout=padded public_raw=[7349500, 7222900, 7250300, 7446500, 7608600, 7417400, 7373700, 7561200, 7528400, 7617900, 7417300, 7488300, 7408300, 7479900, 8874100] bounds_raw=[382700, 365500, 368000, 359700, 368000, 376800, 373700, 368100, 434800, 375500, 373800, 383000, 382700, 389600, 1294600] execute_raw=[7184200, 6851300, 6971900, 7037600, 7169500, 7036900, 7304700, 7181600, 7308400, 7244200, 7406100, 7080200, 7038400, 7234300, 13739400] combined_raw=[4800, 4700, 4800, 4600, 4800, 4800, 5000, 4800, 4600, 5200, 8600, 5300, 4800, 4800, 5100] cpp_raw=[4300, 4700, 4700, 4700, 4700, 4700, 4800, 4300, 4700, 5300, 5600, 4900, 4700, 4800, 4800] public_ns=7446500 bounds_ns=375500 execute_ns=7181600 combined_ns=4800 cpp_ns=4700 source=36662a215b68a60b result=bf1783c6025d513d
case op=copy-Pod w=256 h=128 layout=padded public_raw=[7344200, 7101100, 7297100, 7427100, 7778700, 7775200, 7349900, 7354600, 7474700, 7351400, 7441000, 7386200, 7553500, 7341500, 7660100] bounds_raw=[372500, 369300, 360700, 360700, 375400, 410500, 436200, 373600, 382400, 369500, 377200, 372100, 361200, 364800, 423800] execute_raw=[7057900, 6972600, 6821900, 6921200, 7101900, 7208300, 7359600, 7088500, 7274200, 7019200, 6990500, 7231900, 6914900, 7447500, 7743900] combined_raw=[10300, 9700, 10000, 9900, 10500, 10400, 12500, 11700, 11700, 10700, 10400, 10500, 10100, 10400, 11100] cpp_raw=[10400, 9800, 10100, 10100, 10000, 10100, 10800, 10400, 11400, 11200, 10400, 10100, 10200, 10100, 11200] public_ns=7386200 bounds_ns=372500 execute_ns=7088500 combined_ns=10400 cpp_ns=10200 source=49f9223bca7c6711 result=6d7da255f160ecf1
case op=convert-ubyte-float w=256 h=128 layout=padded public_raw=[39009800, 38415400, 38957800, 39978500, 38442800, 38360800, 38346100, 39138600, 39041800, 38123900, 37980600, 41700200, 38952100, 39226700, 37774500] bounds_raw=[458800, 377000, 406300, 380600, 377800, 392500, 398600, 377700, 377600, 377000, 359700, 377100, 386200, 369100, 368100] execute_raw=[38473200, 38084600, 38699200, 38105600, 37906700, 39172000, 47361100, 38339900, 37821500, 37392400, 38681100, 37631400, 40115400, 37480800, 38029400] combined_raw=[22300, 21900, 22000, 21800, 21100, 22000, 22000, 21400, 21100, 20900, 21800, 21100, 22500, 21500, 21300] cpp_raw=[4400, 4400, 4400, 4500, 5200, 4500, 4400, 4300, 4400, 4400, 4300, 4300, 4500, 4400, 4300] public_ns=38952100 bounds_ns=377700 execute_ns=38105600 combined_ns=21800 cpp_ns=4400 source=e5a18b0018a9faa5 result=8d94738f899eb13d
case op=copy-ubyte w=256 h=128 layout=negative-source public_raw=[7414000, 7609600, 8075400, 7569200, 7368100, 7348000, 7405500, 7402300, 7359800, 7431900, 7463100, 7171500, 7374100, 7454300, 7855100] bounds_raw=[383600, 383400, 389700, 401100, 392800, 400400, 400300, 400300, 396100, 400400, 383500, 393700, 451900, 392800, 390400] execute_raw=[7091700, 7057400, 7054900, 7087400, 7034400, 7041700, 6943000, 6945200, 6953700, 6921300, 6842800, 6998200, 7032000, 7204900, 6996900] combined_raw=[2000, 2100, 2800, 2500, 2400, 2200, 2000, 2100, 2000, 2000, 2000, 2100, 2100, 2000, 2300] cpp_raw=[1300, 1300, 1200, 1800, 1400, 1300, 1300, 1300, 1300, 1300, 1300, 1300, 1300, 1200, 1500] public_ns=7414000 bounds_ns=393700 execute_ns=7032000 combined_ns=2100 cpp_ns=1300 source=e5a18b0018a9faa5 result=d702cf3fb5e29e3d
case op=copy-float w=256 h=128 layout=negative-source public_raw=[7607900, 7355900, 10104000, 7338800, 7417000, 7333800, 7298800, 7197200, 7237300, 7512300, 7530800, 8094100, 7398200, 7452600, 7431500] bounds_raw=[377500, 382900, 377400, 377200, 382600, 442800, 374000, 368200, 377300, 374200, 374200, 374100, 383300, 374200, 439100] execute_raw=[6958200, 7099200, 13327500, 6959200, 6946300, 6788100, 6971200, 6859900, 7466000, 7142900, 7150900, 6984600, 6998900, 7093600, 6988200] combined_raw=[5300, 7100, 11700, 5200, 5300, 5100, 5100, 5300, 17800, 5600, 5200, 5000, 6500, 5200, 5300] cpp_raw=[5000, 4900, 5900, 5200, 4900, 4800, 4800, 5000, 4900, 4800, 4900, 4800, 5100, 4900, 4800] public_ns=7417000 bounds_ns=377300 execute_ns=6988200 combined_ns=5300 cpp_ns=4900 source=36662a215b68a60b result=bf1783c6025d513d
case op=copy-Pod w=256 h=128 layout=negative-source public_raw=[7392200, 7319100, 7328800, 7358100, 7323500, 7541200, 7209600, 7189400, 7260700, 7320000, 7429500, 7311900, 7256100, 7247500, 7287600] bounds_raw=[369500, 368200, 369600, 369300, 368800, 418100, 360700, 369700, 356800, 393300, 360900, 361200, 360800, 360700, 440600] execute_raw=[6955100, 7011900, 7246800, 7008600, 7041200, 7105600, 7241700, 7781900, 6986700, 7155600, 7103100, 7165600, 7011700, 7008800, 6954500] combined_raw=[10200, 10300, 13900, 10100, 10300, 10200, 10400, 17900, 10300, 10000, 10200, 10200, 26400, 9900, 9900] cpp_raw=[10200, 10100, 10400, 10300, 10200, 10000, 10000, 10300, 10100, 10000, 10000, 10000, 9900, 9900, 9900] public_ns=7319100 bounds_ns=368800 execute_ns=7041200 combined_ns=10200 cpp_ns=10000 source=7247388808cf2711 result=6d7da255f160ecf1
case op=convert-ubyte-float w=256 h=128 layout=negative-source public_raw=[38016500, 38600400, 38125000, 38154900, 47607100, 37838200, 38703800, 38103300, 38053600, 38336700, 38379200, 38787900, 39172300, 38889600, 40904300] bounds_raw=[368000, 438000, 377200, 376900, 369100, 408100, 433300, 377300, 368200, 371700, 368100, 370700, 378000, 396800, 407300] execute_raw=[37689400, 38088400, 39121000, 38059700, 38038300, 37909100, 38291600, 37916700, 38178800, 38328800, 37527600, 38025100, 38151600, 40791700, 39408000] combined_raw=[20800, 21800, 22200, 24200, 21000, 20800, 22700, 21600, 21100, 21600, 20900, 20800, 22400, 21300, 22800] cpp_raw=[4300, 4400, 4500, 4400, 6300, 4300, 4700, 4500, 4400, 4800, 4300, 4300, 4600, 4600, 7600] public_ns=38379200 bounds_ns=377200 execute_ns=38088400 combined_ns=21600 cpp_ns=4500 source=e5a18b0018a9faa5 result=8d94738f899eb13d
case op=copy-ubyte w=256 h=128 layout=negative-both public_raw=[7690100, 7699800, 7519500, 7532500, 7690200, 7658700, 7899400, 15459900, 7631400, 7842400, 7796300, 7766300, 7861500, 7845900, 7807100] bounds_raw=[404300, 412800, 393800, 393800, 403200, 403000, 420900, 393800, 436900, 468200, 404700, 423900, 418100, 404300, 394500] execute_raw=[7372900, 7228300, 7369900, 7266700, 7298700, 7348800, 7261400, 8334400, 7077900, 7265300, 7355700, 7341500, 7563200, 7491200, 7315300] combined_raw=[3600, 3400, 3200, 2700, 2900, 3100, 3800, 3300, 2500, 3000, 3200, 3100, 4000, 2700, 3200] cpp_raw=[1800, 1700, 1500, 1400, 1500, 1500, 1500, 1700, 2000, 1500, 1400, 1500, 1600, 1600, 1400] public_ns=7766300 bounds_ns=404300 execute_ns=7341500 combined_ns=3200 cpp_ns=1500 source=e5a18b0018a9faa5 result=d702cf3fb5e29e3d
case op=copy-float w=256 h=128 layout=negative-both public_raw=[7905200, 7892500, 7911300, 7871700, 7817600, 7775900, 7692300, 7811200, 7608100, 7566800, 7575400, 7861300, 7788200, 7771400, 7736400] bounds_raw=[390500, 396400, 427400, 418900, 445800, 443900, 402200, 395800, 400500, 398200, 393100, 386200, 397700, 392800, 404400] execute_raw=[7474500, 7448100, 7395500, 7355400, 7342000, 7417000, 7341600, 7241400, 7474000, 7254200, 7262700, 7234700, 7391900, 7392000, 7602500] combined_raw=[10600, 13300, 12100, 5900, 8100, 8200, 11500, 12600, 6600, 9200, 9500, 8000, 10100, 6000, 13700] cpp_raw=[5400, 5300, 5100, 4900, 6000, 5100, 7100, 5000, 5200, 6000, 4900, 5000, 5100, 5400, 6200] public_ns=7788200 bounds_ns=398200 execute_ns=7391900 combined_ns=9500 cpp_ns=5200 source=36662a215b68a60b result=bf1783c6025d513d
case op=copy-Pod w=256 h=128 layout=negative-both public_raw=[7773600, 7776100, 7704900, 7821900, 7741100, 7834800, 7783600, 7769800, 7676100, 7632400, 7617100, 7723900, 7668800, 7687300, 7744000] bounds_raw=[394100, 379600, 380500, 372400, 381900, 372200, 372700, 377500, 396700, 381800, 381400, 379200, 377400, 443000, 391800] execute_raw=[7357100, 7385900, 7387800, 7366000, 7278200, 7651500, 7363200, 7523000, 7322200, 7488900, 7341500, 7631900, 7222300, 7380800, 7341300] combined_raw=[23800, 18300, 17900, 12200, 20900, 17800, 16500, 24400, 13100, 18400, 20900, 17300, 17100, 14200, 17600] cpp_raw=[20400, 11100, 11100, 11000, 15600, 11400, 14300, 19300, 12500, 15600, 11400, 12300, 11000, 11900, 15500] public_ns=7741100 bounds_ns=380500 execute_ns=7366000 combined_ns=17800 cpp_ns=12300 source=7247388808cf2711 result=9cc58c133fed2cf1
case op=convert-ubyte-float w=256 h=128 layout=negative-both public_raw=[40559900, 39595100, 44093200, 43610200, 41259200, 39569500, 41692400, 40352600, 39303000, 39202100, 38535900, 39682100, 50591500, 55426300, 42161800] bounds_raw=[378200, 377400, 425500, 560500, 399200, 396800, 376900, 393900, 427200, 377800, 390000, 370700, 533500, 399000, 396300] execute_raw=[39143100, 48085800, 40288300, 41083600, 39582800, 39353400, 41941200, 39617000, 39092900, 38088400, 37986700, 37615800, 44768800, 42261500, 41613400] combined_raw=[41900, 23300, 23600, 21400, 22700, 22300, 22800, 22700, 22300, 22300, 21000, 25300, 23600, 40300, 26900] cpp_raw=[4800, 4700, 4700, 4700, 4700, 4500, 4500, 4700, 4900, 5100, 4400, 4300, 4900, 8300, 23400] public_ns=40559900 bounds_ns=396300 execute_ns=39617000 combined_ns=22800 cpp_ns=4700 source=e5a18b0018a9faa5 result=8d94738f899eb13d
case op=copy-ubyte w=256 h=128 layout=universal public_raw=[7813800, 8781300, 7899900, 7619600, 7710300, 7955400, 7530000, 7493700, 7572200, 7782400, 7634900, 7559900, 7489600, 8363500, 7735700] bounds_raw=[402500, 415900, 402700, 412500, 404200, 458700, 395800, 383700, 383600, 389900, 393300, 393800, 383700, 391600, 465100] execute_raw=[7752600, 7903300, 7653800, 7712600, 7695500, 7716600, 7622100, 7813900, 7469200, 7446400, 7681600, 7560500, 7698800, 7517900, 7503400] combined_raw=[416800, 411000, 469800, 402100, 410900, 391800, 404800, 384200, 385800, 383500, 434000, 400400, 390200, 463400, 432600] cpp_raw=[89500, 128800, 105500, 89200, 89400, 85400, 86200, 85000, 84900, 84900, 85000, 86900, 85000, 84900, 139800] public_ns=7710300 bounds_ns=395800 execute_ns=7681600 combined_ns=404800 cpp_ns=86200 source=2ca74caf843b767b result=186aee41ab7388cf
case op=copy-float w=256 h=128 layout=universal public_raw=[7425200, 7491100, 7466900, 7642600, 7490600, 7538800, 7490900, 7496400, 7808400, 7896300, 7908100, 7496800, 7716600, 8348000, 7492800] bounds_raw=[387800, 384200, 383300, 383200, 394300, 394400, 619000, 377300, 386500, 535400, 384200, 569700, 383800, 386700, 383300] execute_raw=[7803400, 7595700, 7748900, 7406500, 7449400, 7513600, 7732300, 7972900, 7356000, 7626900, 7429600, 8257900, 7664000, 7463000, 7641400] combined_raw=[386200, 406100, 390400, 389400, 384800, 387400, 388400, 385000, 392200, 391200, 439300, 392000, 393800, 482200, 396300] cpp_raw=[67100, 64900, 63900, 63600, 63900, 63900, 63800, 98700, 63900, 63700, 98100, 64100, 64000, 63800, 63800] public_ns=7496800 bounds_ns=386500 execute_ns=7626900 combined_ns=391200 cpp_ns=63900 source=2602f36fdf024e48 result=a35a34c9a114294f
case op=copy-Pod w=256 h=128 layout=universal public_raw=[11402800, 7703300, 7879400, 8120400, 7837700, 7577300, 9239800, 7636600, 7637200, 7810200, 8390800, 7619300, 7694200, 7652100, 7623400] bounds_raw=[625100, 560000, 451200, 379300, 386800, 375000, 381200, 384200, 379300, 435400, 371200, 403600, 403600, 380800, 379300] execute_raw=[11599700, 11854900, 9921000, 8024800, 7588700, 7657300, 7692200, 11875600, 7525200, 7953400, 7532300, 7442600, 8079600, 7521000, 7706700] combined_raw=[571900, 577100, 419900, 384600, 417100, 378800, 383700, 381800, 378200, 370200, 369800, 373100, 370300, 378500, 382200] cpp_raw=[122000, 77900, 76800, 236700, 87000, 65500, 65500, 65300, 65200, 65500, 85200, 74800, 63900, 65300, 65500] public_ns=7703300 bounds_ns=384200 execute_ns=7706700 combined_ns=381800 cpp_ns=65500 source=e9e6a4e830f5d812 result=65aae9126466d5ba
case op=convert-ubyte-float w=256 h=128 layout=universal public_raw=[22792500, 23081000, 23019200, 22682500, 22603700, 22477100, 22619900, 23159300, 22540700, 22903300, 22481700, 23767300, 22891000, 22670600, 23537000] bounds_raw=[377100, 368200, 386200, 377500, 377400, 368200, 371300, 377900, 377000, 380400, 377600, 679500, 378500, 380500, 377800] execute_raw=[22629400, 22267200, 23026900, 22889800, 22854100, 23555400, 22607900, 23115300, 22571200, 22390500, 23750600, 23244400, 22710500, 23871000, 34022200] combined_raw=[372700, 377100, 384100, 379900, 377400, 412200, 368600, 377700, 377100, 377100, 378300, 378200, 377900, 396300, 378200] cpp_raw=[18200, 18600, 19000, 18400, 18700, 18500, 18100, 18600, 18800, 18700, 18700, 40300, 18600, 18600, 19200] public_ns=22792500 bounds_ns=377600 execute_ns=22889800 combined_ns=377900 cpp_ns=18600 source=2ca74caf843b767b result=9981b35893e1a94f
case op=copy-ubyte w=256 h=128 layout=universal-negative public_raw=[8147100, 7532700, 7515000, 7628200, 7685500, 7893300, 7657600, 7690100, 7582800, 7527800, 7526500, 8288400, 7879100, 7444600, 7326600] bounds_raw=[439800, 402300, 407800, 403100, 416700, 408800, 402700, 403300, 402300, 410300, 412400, 392600, 394200, 461300, 396400] execute_raw=[7583300, 7846700, 7734500, 7606200, 7793300, 7630700, 7915900, 7600500, 7748300, 7577600, 7510300, 7393700, 7450100, 7839600, 7842100] combined_raw=[402300, 419700, 403300, 423600, 455400, 403100, 405700, 404900, 410900, 410200, 392600, 624700, 424100, 402800, 396400] cpp_raw=[89300, 89500, 96200, 89900, 95600, 89300, 89100, 90000, 89200, 89100, 241400, 94900, 86900, 87600, 86900] public_ns=7628200 bounds_ns=403300 execute_ns=7630700 combined_ns=405700 cpp_ns=89300 source=aee6fc6fec93767b result=e78d431e19cc88cf
case op=copy-float w=256 h=128 layout=universal-negative public_raw=[7844500, 7572400, 7573900, 7568600, 7567500, 7488600, 7431700, 7659600, 7498200, 7387500, 7511900, 7492400, 7743600, 7449400, 7683500] bounds_raw=[399300, 392400, 395300, 395400, 386500, 377300, 377000, 452400, 377200, 383100, 383400, 391900, 384400, 382900, 383300] execute_raw=[7563600, 7621600, 7690100, 7607200, 7558400, 7433100, 7372000, 7376000, 7395400, 7477100, 7898100, 7382200, 7380100, 7963300, 7438300] combined_raw=[394200, 396900, 400800, 397800, 494400, 387900, 390900, 387600, 384800, 389100, 389200, 430400, 390600, 428600, 387800] cpp_raw=[65400, 65300, 65400, 65400, 65600, 63700, 63800, 63800, 63800, 63800, 64400, 63800, 63800, 63800, 64000] public_ns=7567500 bounds_ns=384400 execute_ns=7477100 combined_ns=390900 cpp_ns=63800 source=a257b6291ff8ce48 result=6438f003893e294f
case op=copy-Pod w=256 h=128 layout=universal-negative public_raw=[7283600, 7325500, 7283700, 7251400, 7522100, 7377000, 7378300, 8121100, 8300300, 7302600, 7509900, 7463000, 7481600, 12981700, 7337700] bounds_raw=[369400, 365200, 356800, 363600, 357000, 360500, 360500, 394600, 362800, 408300, 361400, 378400, 378200, 993900, 363000] execute_raw=[7280000, 7298800, 7284500, 7184000, 7156800, 7252500, 7254800, 7392600, 7206000, 7227300, 7337200, 7475900, 7476800, 7474300, 7169400] combined_raw=[369200, 369100, 374100, 496800, 363400, 363200, 360500, 388100, 360700, 363800, 395700, 393100, 378100, 378100, 360600] cpp_raw=[63800, 63700, 67600, 65500, 62300, 62300, 62200, 62200, 62400, 62500, 291800, 65300, 65200, 65100, 65100] public_ns=7378300 bounds_ns=363600 execute_ns=7280000 combined_ns=369200 cpp_ns=63800 source=9d3846764beed812 result=da53e1b7f4d855ba
case op=convert-ubyte-float w=256 h=128 layout=universal-negative public_raw=[25103000, 26610700, 25693000, 25548000, 25156300, 25459400, 25792100, 26170200, 25908200, 25980900, 25939800, 25693600, 25844700, 26079300, 25791500] bounds_raw=[386200, 386200, 594800, 387600, 387000, 387100, 395900, 397000, 387400, 397300, 403100, 390200, 387500, 416400, 397200] execute_raw=[25149600, 26058500, 25700800, 25322900, 25479200, 25554800, 25788300, 25791000, 25939800, 25893200, 25920600, 25745900, 25663800, 25976700, 25850400] combined_raw=[386400, 477800, 388000, 384300, 390600, 396900, 397100, 402900, 452600, 410200, 433700, 397600, 387800, 391500, 387400] cpp_raw=[19300, 19500, 19400, 18800, 19500, 19700, 19600, 19700, 19200, 20100, 19200, 19500, 19500, 20600, 19300] public_ns=25792100 bounds_ns=390200 execute_ns=25788300 combined_ns=396900 cpp_ns=19500 source=aee6fc6fec93767b result=b595bddcda97a94f
case op=copy-ubyte w=256 h=128 layout=repeated-source public_raw=[7733900, 15765100, 7510300, 7655700, 7729600, 7784700, 7771800, 7767300, 7793700, 7730200, 7866500, 7786800, 7862300, 7752200, 7780400] bounds_raw=[423400, 402200, 403600, 402700, 412700, 421700, 413400, 402500, 415200, 393400, 432200, 408300, 412800, 402700, 413000] execute_raw=[7302100, 7346800, 7379700, 7278200, 7269300, 7353700, 7319900, 7375100, 7424200, 7371900, 7419700, 7346900, 7334000, 7354500, 7308500] combined_raw=[2500, 3300, 2700, 1800, 2300, 2300, 2800, 2600, 2100, 3100, 2200, 2900, 2600, 2100, 2600] cpp_raw=[1500, 1100, 1400, 1300, 1400, 1600, 1400, 1500, 1300, 1400, 1500, 1100, 1400, 1500, 1700] public_ns=7771800 bounds_ns=412700 execute_ns=7346900 combined_ns=2600 cpp_ns=1400 source=b801a0f8ceb910a5 result=d702cf3fb5e29e3d
case op=copy-float w=256 h=128 layout=repeated-source public_raw=[7730200, 7734400, 7690300, 7944900, 7665900, 7715200, 7846400, 9535800, 9852400, 9551100, 7891300, 9941000, 7847200, 7838800, 7784700] bounds_raw=[406700, 405900, 402600, 395400, 404500, 404600, 406300, 611400, 413100, 444100, 413500, 412400, 402500, 457100, 417500] execute_raw=[7336200, 7297900, 7373500, 7369500, 7460600, 7364400, 7299900, 7339800, 7406400, 8356200, 7547700, 7490000, 7610400, 7424600, 7458600] combined_raw=[5000, 3900, 4300, 4100, 4800, 5100, 4700, 5200, 7700, 5200, 4700, 4300, 5500, 4200, 4500] cpp_raw=[5200, 4800, 5500, 5000, 5100, 5100, 5400, 5300, 5600, 5300, 5700, 5200, 3700, 5200, 5200] public_ns=7846400 bounds_ns=406700 execute_ns=7406400 combined_ns=4700 cpp_ns=5200 source=2ab4dac9ab1576eb result=bf1783c6025d513d
case op=copy-Pod w=256 h=128 layout=repeated-source public_raw=[7740100, 7744300, 7738400, 7727100, 7730600, 7764200, 7864600, 7699400, 7635300, 7674400, 7637200, 7650100, 7694900, 7782300, 7692900] bounds_raw=[379100, 378600, 388900, 380100, 370700, 373300, 369500, 390100, 388200, 396600, 388600, 369400, 388800, 382900, 370700] execute_raw=[7338700, 7304700, 7333700, 7396700, 7201300, 7284200, 7292200, 7401800, 7297400, 7338100, 7275500, 7241800, 7396500, 7219600, 7342000] combined_raw=[7300, 7700, 7800, 6900, 7500, 7100, 6900, 7200, 6800, 8000, 6900, 6900, 7200, 6900, 7000] cpp_raw=[6800, 9600, 9600, 9600, 9900, 6900, 9300, 9600, 9200, 9800, 6500, 9500, 6700, 9300, 9700] public_ns=7727100 bounds_ns=380100 execute_ns=7304700 combined_ns=7100 cpp_ns=9500 source=eeeb850fb0e39951 result=fb16e77c4b15ecf1
case op=convert-ubyte-float w=256 h=128 layout=repeated-source public_raw=[48988200, 39994400, 39979800, 40146000, 44463300, 40735700, 39522700, 40311600, 40663000, 40239100, 39467500, 40215200, 47012600, 40182100, 47336100] bounds_raw=[400700, 395700, 396700, 397100, 533600, 402000, 395900, 393300, 431900, 440700, 387000, 430600, 387200, 388100, 502200] execute_raw=[39714500, 39735500, 39740600, 40832900, 41807200, 39655300, 39161200, 39462800, 40682200, 40008900, 39565200, 38854000, 42909900, 44042100, 50398000] combined_raw=[23000, 23500, 23200, 22200, 23900, 29200, 22700, 22700, 21800, 23200, 22300, 22800, 22500, 21700, 41000] cpp_raw=[4500, 4400, 4500, 4400, 4700, 4400, 4300, 4400, 4300, 4400, 4300, 4300, 4400, 4300, 4600] public_ns=40239100 bounds_ns=397100 execute_ns=39740600 combined_ns=22800 cpp_ns=4400 source=b801a0f8ceb910a5 result=8d94738f899eb13d
case op=copy-ubyte w=256 h=128 layout=zero-source public_raw=[2795100, 2328000, 2818500, 2948000, 2262300, 2935800, 2416100, 2783800, 3763300, 2371700, 3582200, 2961200, 2344900, 2348700, 2663300] bounds_raw=[606500, 466900, 553000, 419400, 419700, 600400, 437600, 541600, 479500, 435700, 467000, 664100, 451000, 470300, 592800] execute_raw=[3732800, 2485900, 2495700, 2338600, 2267200, 3335200, 2363600, 2492700, 2335200, 3726100, 2586200, 2429000, 2422400, 2335100, 2528600] combined_raw=[680500, 463200, 440600, 667900, 426600, 566600, 435400, 475900, 607600, 566000, 509100, 442300, 490000, 465000, 448600] cpp_raw=[178300, 91800, 91300, 184900, 91900, 92800, 93800, 93700, 124300, 92500, 171800, 93600, 96000, 143800, 96000] public_ns=2783800 bounds_ns=470300 execute_ns=2485900 combined_ns=475900 cpp_ns=93800 source=ea3b47c803d61b61 result=805f2b0ca3e19e3d
case op=copy-float w=256 h=128 layout=zero-source public_raw=[2299800, 2244200, 2349700, 2304900, 2246200, 2300600, 2535000, 2434000, 2349400, 2202900, 2258000, 2206300, 2257200, 2278100, 2297400] bounds_raw=[413900, 432600, 440700, 412800, 450300, 430900, 433600, 424500, 407500, 421800, 406600, 428200, 418600, 423400, 408200] execute_raw=[2384300, 2206500, 2616600, 2265600, 2513100, 2289200, 2281300, 2350900, 2193700, 2220400, 2264000, 2300600, 2198000, 2246100, 2194900] combined_raw=[434900, 414300, 436700, 423900, 437500, 434300, 431900, 530400, 433900, 420700, 425600, 419900, 419900, 441000, 419300] cpp_raw=[108300, 68200, 88100, 68600, 70100, 68500, 70100, 107900, 70900, 75500, 70100, 68300, 68200, 70300, 68300] public_ns=2297400 bounds_ns=423400 execute_ns=2265600 combined_ns=431900 cpp_ns=70100 source=3ee659a586185a17 result=d3a2f65955b6b13d
case op=copy-Pod w=256 h=128 layout=zero-source public_raw=[2193300, 2170400, 2156100, 2218400, 2178200, 2263600, 2258600, 2202600, 2133000, 2235100, 2242600, 2211500, 2270800, 2145600, 2251600] bounds_raw=[392800, 378600, 382100, 380500, 381000, 413000, 424700, 381400, 401200, 383500, 388200, 378700, 402900, 388700, 386600] execute_raw=[2166600, 2127500, 2198800, 2177600, 2084300, 2175000, 2156100, 2224000, 2269800, 2135400, 2181600, 2155400, 2150600, 2150100, 2092400] combined_raw=[407300, 384100, 405200, 378600, 380600, 415500, 395600, 398800, 384500, 392000, 395000, 388000, 388900, 396600, 379000] cpp_raw=[65400, 65100, 67200, 65700, 67000, 65700, 65400, 67400, 65300, 78600, 157400, 66900, 67100, 66900, 67100] public_ns=2211500 bounds_ns=386600 execute_ns=2156100 combined_ns=392000 cpp_ns=66900 source=52489578602bbe06 result=ef186d4d74d56cf1
case op=convert-ubyte-float w=256 h=128 layout=zero-source public_raw=[6638000, 6797200, 6682800, 6906800, 7012700, 6709600, 6721300, 6835900, 6752100, 6585500, 6559800, 6770800, 6689900, 6624800, 6678000] bounds_raw=[417000, 402600, 422100, 417600, 393000, 396600, 435500, 388100, 401500, 454000, 396400, 396600, 424700, 402700, 406900] execute_raw=[6688700, 6591400, 6745900, 6707700, 6667700, 6814500, 6701100, 6785300, 6614400, 6663900, 6753000, 6680200, 6642100, 6702800, 6808800] combined_raw=[427300, 396400, 455200, 406100, 432800, 412800, 396800, 421100, 392900, 430800, 417100, 396400, 397200, 430900, 418500] cpp_raw=[19600, 19400, 19500, 20400, 20300, 20300, 19500, 20300, 19200, 19800, 19000, 19700, 19700, 25500, 19500] public_ns=6709600 bounds_ns=402700 execute_ns=6701100 combined_ns=417100 cpp_ns=19700 source=ea3b47c803d61b61 result=fb8549580c3ab13d
case op=copy-ubyte w=2048 h=512 layout=contiguous public_raw=[184000, 61200, 60400, 62100, 68300, 80400, 64900, 75100, 52900, 61500, 61000, 111800, 158000, 229600, 179300] bounds_raw=[178900, 165300, 58200, 61100, 61500, 77600, 62900, 64800, 70800, 63000, 67300, 86100, 82700, 70100, 277700] execute_raw=[66400, 178300, 83400, 62700, 63300, 71500, 59600, 62500, 63800, 75000, 149100, 92000, 151600, 52700, 65000] combined_raw=[59400, 67400, 63700, 80400, 65400, 74000, 66800, 60000, 62700, 63300, 237500, 117600, 112800, 85800, 53400] cpp_raw=[71100, 71500, 68400, 81300, 97200, 79100, 86200, 76900, 71100, 72200, 175400, 254000, 216600, 126000, 59500] public_ns=68300 bounds_ns=70100 execute_ns=66400 combined_ns=66800 cpp_ns=79100 source=2330a0f18d4d82a5 result=80d2fb93a399d2bd
case op=copy-float w=2048 h=512 layout=contiguous public_raw=[321700, 326000, 294400, 311000, 303900, 309700, 389300, 362000, 337100, 323000, 412600, 340100, 318200, 337400, 832200] bounds_raw=[377800, 338700, 321500, 308600, 310500, 376500, 697300, 309000, 314700, 318800, 411500, 1061400, 418400, 586700, 346500] execute_raw=[314200, 298900, 302600, 719400, 383800, 357100, 389000, 313000, 331800, 436500, 952500, 338900, 323000, 311700, 320400] combined_raw=[301400, 297700, 303000, 398000, 309700, 301800, 320300, 309500, 320200, 422700, 387800, 318500, 914500, 322200, 338600] cpp_raw=[632300, 938600, 448400, 401700, 446200, 308600, 360800, 392600, 958200, 478400, 390800, 1215700, 423700, 326700, 335500] public_ns=326000 bounds_ns=346500 execute_ns=331800 combined_ns=320200 cpp_ns=423700 source=13b5de7322d2f7ab result=d89816c09b0f4fbd
case op=copy-Pod w=2048 h=512 layout=contiguous public_raw=[1144500, 850300, 824800, 837300, 857500, 1871000, 1444800, 1414800, 758500, 790800, 1455000, 1944000, 989100, 990400, 839200] bounds_raw=[1279300, 1727000, 848800, 898600, 938900, 1463800, 716300, 1389500, 722400, 726900, 1446900, 762900, 802800, 941400, 775100] execute_raw=[1036500, 1845100, 852100, 883300, 1665400, 1763700, 1013800, 861400, 708900, 1594500, 1453900, 1703200, 1784700, 828300, 1129000] combined_raw=[1659500, 1436200, 860100, 782400, 1616100, 820900, 709500, 1477500, 851700, 2229100, 1627300, 3045900, 1877900, 786500, 820400] cpp_raw=[1532700, 1022600, 892400, 912800, 853700, 813400, 1974900, 1099700, 797400, 757900, 1453100, 1186000, 812100, 1908100, 952400] public_ns=989100 bounds_ns=898600 execute_ns=1129000 combined_ns=1436200 cpp_ns=952400 source=d8cd6555f4166151 result=59e0883c487093b1
case op=convert-ubyte-float w=2048 h=512 layout=contiguous public_raw=[6651500, 5601800, 4858600, 5410800, 5542900, 5777200, 6077700, 4804300, 10800900, 4956500, 5398100, 4767900, 5793800, 5537500, 4998100] bounds_raw=[5055100, 6608400, 4737000, 6423800, 5326800, 5204200, 6068200, 4824200, 4869300, 4828800, 5763200, 5084900, 5103000, 5057500, 4659700] execute_raw=[1191300, 1822900, 798000, 1032400, 1368000, 1709000, 838300, 900200, 859300, 923300, 837900, 888700, 835500, 1130800, 861600] combined_raw=[1868000, 1159500, 1061000, 1224800, 2219500, 1940700, 1309700, 1115900, 1069400, 1139000, 1956100, 1085900, 1083100, 1617300, 1150600] cpp_raw=[761000, 874700, 851000, 564100, 956700, 1019500, 560000, 440300, 640500, 262600, 391800, 236300, 716300, 324700, 371400] public_ns=5537500 bounds_ns=5084900 execute_ns=900200 combined_ns=1159500 cpp_ns=564100 source=2330a0f18d4d82a5 result=8830660fbe034fbd
case op=copy-ubyte w=2048 h=512 layout=padded public_raw=[140885300, 144701100, 140915400, 138862900, 142531200, 138599300, 135337000, 131769500, 132118800, 130174200, 136373500, 134627700, 137113300, 133495400, 140861300] bounds_raw=[17545600, 13765100, 13868200, 13682300, 13865500, 13976800, 13397900, 13133600, 13216900, 13160600, 14166300, 13434700, 13402300, 13318600, 13554700] execute_raw=[124933300, 132888300, 129770000, 132061100, 123700400, 121799900, 119138000, 127998600, 118167100, 118033900, 134645900, 121690200, 123524200, 119148600, 118673300] combined_raw=[127600, 158000, 86200, 152900, 153400, 89000, 150500, 49600, 75100, 45000, 78700, 120600, 46800, 61100, 52400] cpp_raw=[136800, 91000, 138400, 96900, 104000, 63100, 101600, 53100, 47600, 59800, 397800, 88500, 47800, 44000, 75600] public_ns=137113300 bounds_ns=13554700 execute_ns=123524200 combined_ns=86200 cpp_ns=88500 source=ae83cf5b1e4efaa5 result=824b457e72415e3d
case op=copy-float w=2048 h=512 layout=padded public_raw=[131987300, 131603200, 131478500, 131436300, 141865500, 131821300, 169170100, 140763900, 131230200, 130481300, 131417700, 131632500, 133398800, 137237700, 143706400] bounds_raw=[13150000, 13317200, 13161000, 13187800, 13437100, 13334800, 13304100, 13170500, 13079900, 13195900, 13314800, 21651600, 14091600, 13660900, 13410400] execute_raw=[128620800, 120100700, 119279700, 118410300, 128675400, 119462400, 120627900, 118850900, 118649900, 118173400, 117570000, 118041500, 118674600, 124373800, 124545400] combined_raw=[456000, 360200, 353200, 342700, 352500, 301500, 439300, 348900, 335700, 366000, 309600, 317000, 314800, 731800, 357700] cpp_raw=[376700, 385100, 385000, 409200, 340900, 403600, 398900, 344000, 344700, 383300, 649500, 334000, 348300, 952600, 1161600] public_ns=131821300 bounds_ns=13314800 execute_ns=119279700 combined_ns=352500 cpp_ns=385000 source=f707132824e3b60b result=7e1f3007cb46713d
case op=copy-Pod w=2048 h=512 layout=padded public_raw=[133077800, 128921000, 127726900, 130002500, 132389200, 132454300, 144202400, 136307300, 127807700, 135107500, 124669100, 133476000, 126499500, 126286100, 134990800] bounds_raw=[12802300, 14454100, 12092600, 12522200, 12708600, 12658800, 12868800, 12880900, 12024100, 11988400, 11838500, 11981500, 12229400, 11947700, 12326200] execute_raw=[120425300, 119299700, 124514500, 122421100, 119508300, 119792700, 121884700, 121413900, 114753300, 117156700, 114208500, 113846500, 112806800, 113406400, 113810500] combined_raw=[957500, 873600, 1204500, 884600, 926500, 1029200, 1026600, 995900, 897500, 778300, 841800, 945500, 868200, 863300, 713600] cpp_raw=[837400, 745100, 931600, 681000, 870800, 1122400, 879600, 921700, 728400, 882500, 659400, 679200, 804900, 766000, 653000] public_ns=132389200 bounds_ns=12326200 execute_ns=119299700 combined_ns=897500 cpp_ns=804900 source=e31314711d294711 result=cd84131d95f48cf1
case op=convert-ubyte-float w=2048 h=512 layout=padded public_raw=[632240700, 640072100, 637888300, 682814800, 625586100, 622576100, 623188000, 631423600, 641100900, 630639800, 649871200, 659735000, 653590400, 640772800, 642491000] bounds_raw=[12355500, 12522100, 12308400, 12847200, 12818300, 12060400, 12152600, 12023400, 12384400, 23583100, 14045700, 12588200, 12125300, 12815800, 12138100] execute_raw=[632739700, 620729600, 630485600, 635392000, 642380400, 621553900, 625784900, 621002200, 620920500, 622830800, 675888500, 635038800, 625492900, 618616700, 635150400] combined_raw=[716700, 641900, 700600, 977900, 638600, 645100, 642100, 645000, 643400, 677800, 694700, 653000, 749800, 860300, 633200] cpp_raw=[613000, 158300, 158800, 239400, 169100, 165200, 531900, 161700, 152700, 164300, 201700, 159800, 198700, 206200, 163500] public_ns=640072100 bounds_ns=12384400 execute_ns=625784900 combined_ns=653000 cpp_ns=165200 source=ae83cf5b1e4efaa5 result=a6f0b1d68eba713d
case op=copy-ubyte w=2048 h=512 layout=negative-source public_raw=[126993000, 126328800, 126403000, 130056700, 127725100, 125471400, 126360500, 137249300, 127595600, 124394200, 123513800, 123119000, 133185800, 123974300, 124053400] bounds_raw=[13208500, 12653700, 12741000, 12946500, 12806900, 12758600, 13288600, 13109400, 12807100, 12660600, 12482800, 12427800, 12901800, 12401200, 12954800] execute_raw=[113299400, 123425100, 112338500, 113610400, 121536300, 115210900, 114320000, 112029100, 119608000, 110420200, 110833500, 110344600, 110405800, 110804900, 111042000] combined_raw=[55100, 51000, 54300, 44500, 55100, 76700, 81800, 57200, 54600, 47500, 52300, 61800, 91200, 51300, 50200] cpp_raw=[40700, 44100, 39300, 40400, 48600, 44500, 67000, 39300, 68400, 43800, 39500, 41600, 39600, 39400, 47100] public_ns=126360500 bounds_ns=12806900 execute_ns=112338500 combined_ns=54600 cpp_ns=41600 source=ae83cf5b1e4efaa5 result=824b457e72415e3d
case op=copy-float w=2048 h=512 layout=negative-source public_raw=[121920800, 125388300, 133577800, 125413400, 126711400, 122712200, 124806600, 124821900, 124485100, 122382000, 134610700, 124441200, 122405500, 122302900, 126306500] bounds_raw=[12037000, 12273900, 12319400, 12186000, 12237800, 12034200, 12995300, 12775500, 13006500, 12144900, 12279500, 14076700, 12099100, 12521500, 13650600] execute_raw=[112732300, 113377400, 114175400, 112333700, 112444200, 111094900, 115174400, 113087800, 113514000, 113655200, 113857000, 111441900, 110871500, 119654600, 116741900] combined_raw=[248800, 303900, 242000, 264800, 264500, 242100, 234100, 232100, 280800, 217800, 220500, 219500, 230100, 231300, 586200] cpp_raw=[389500, 281200, 239400, 215100, 228100, 364600, 276300, 230300, 264600, 252100, 231200, 246500, 256000, 238700, 1003600] public_ns=124806600 bounds_ns=12279500 execute_ns=113377400 combined_ns=242000 cpp_ns=252100 source=f707132824e3b60b result=7e1f3007cb46713d
case op=copy-Pod w=2048 h=512 layout=negative-source public_raw=[128847600, 134966300, 129140100, 128136700, 129732900, 129258400, 138579200, 127210900, 128118900, 138622100, 132971900, 137340100, 128503100, 131986500, 130704400] bounds_raw=[12350400, 12111900, 12973000, 12441500, 12546000, 12557800, 12504800, 12226800, 12151800, 12415200, 12219300, 12500200, 12770300, 12556400, 12427600] execute_raw=[115471800, 115665600, 129323100, 116620800, 116203400, 114936300, 116850600, 117386800, 117112100, 135847900, 116181000, 117594200, 117343000, 121971400, 118436600] combined_raw=[1031300, 1010500, 1736200, 885400, 1588000, 1249800, 872500, 1063400, 1039000, 1344800, 987100, 999700, 1022000, 1012100, 1405900] cpp_raw=[881400, 836200, 862200, 857700, 813800, 1398200, 775600, 832400, 874100, 896500, 882100, 864600, 901800, 856800, 857700] public_ns=129732900 bounds_ns=12441500 execute_ns=117112100 combined_ns=1031300 cpp_ns=862200 source=a98d88b93a2d4711 result=cd84131d95f48cf1
case op=convert-ubyte-float w=2048 h=512 layout=negative-source public_raw=[678827700, 669552400, 666345400, 642378100, 668046100, 678304200, 693074300, 736575900, 681195200, 694077800, 669712100, 679012800, 658023100, 668348400, 653102300] bounds_raw=[13612600, 13278100, 12961300, 12587000, 13363400, 13636200, 13974300, 13969000, 13090200, 13417600, 13138000, 12978400, 12984000, 13083300, 12965200] execute_raw=[662575500, 692187800, 673673100, 639729400, 660944500, 680845700, 673448900, 678490300, 691429000, 648700800, 655603200, 645106600, 657200800, 660558600, 646725300] combined_raw=[758400, 758900, 703800, 719100, 745600, 1148000, 1533700, 719300, 777100, 706700, 696800, 709300, 708500, 729400, 703300] cpp_raw=[428100, 361600, 232900, 217000, 203300, 953500, 941600, 246500, 296100, 257400, 413000, 234900, 224800, 242500, 283500] public_ns=669712100 bounds_ns=13138000 execute_ns=660944500 combined_ns=719300 cpp_ns=257400 source=ae83cf5b1e4efaa5 result=a6f0b1d68eba713d
case op=copy-ubyte w=2048 h=512 layout=negative-both public_raw=[132519500, 132545200, 133109100, 141618800, 132463800, 132159600, 132314400, 132524600, 132042200, 137649400, 134133200, 136512700, 134718000, 136347600, 144190400] bounds_raw=[13353700, 13349700, 13416600, 13458500, 13442900, 14137200, 13398500, 13487900, 13112000, 13596100, 13574300, 13586000, 14640800, 13471900, 13821700] execute_raw=[119065800, 118701600, 118809300, 118407600, 118165100, 121705300, 118543400, 127955800, 119905000, 120581900, 128557800, 121735400, 121414700, 120357100, 123472900] combined_raw=[79000, 79300, 67600, 81100, 69900, 86300, 81000, 68600, 88300, 72500, 77200, 85100, 73500, 81100, 74300] cpp_raw=[87200, 60600, 48500, 74700, 86000, 80000, 64600, 53900, 60700, 91300, 60100, 80000, 71100, 62300, 78000] public_ns=133109100 bounds_ns=13471900 execute_ns=120357100 combined_ns=79000 cpp_ns=71100 source=ae83cf5b1e4efaa5 result=824b457e72415e3d
case op=copy-float w=2048 h=512 layout=negative-both public_raw=[141135200, 134041900, 133428700, 132781700, 135941800, 138340800, 133398000, 135422400, 132112800, 135351300, 137487900, 135196300, 142310400, 133368700, 129733900] bounds_raw=[13217100, 13049700, 13158500, 13229400, 13289200, 14052100, 13685400, 13189500, 13216500, 13250500, 13623700, 13370700, 13235800, 13870500, 12471800] execute_raw=[120545800, 120991700, 121109900, 131464400, 122317400, 123516200, 121389400, 129708100, 128525500, 122913900, 129661800, 120854100, 146499100, 134818200, 115217400] combined_raw=[310100, 366100, 431100, 364100, 479100, 353300, 347700, 327600, 401500, 775400, 321800, 441000, 739100, 385100, 218100] cpp_raw=[373100, 446700, 439800, 365800, 809100, 391900, 348900, 344300, 375400, 563400, 335300, 671900, 775700, 268200, 550900] public_ns=135196300 bounds_ns=13235800 execute_ns=122913900 combined_ns=366100 cpp_ns=391900 source=f707132824e3b60b result=7e1f3007cb46713d
case op=copy-Pod w=2048 h=512 layout=negative-both public_raw=[128968300, 129614100, 126728000, 125853500, 126905400, 127809900, 131643300, 130228100, 127205200, 126390400, 124949600, 145028000, 137000700, 136591100, 144639400] bounds_raw=[12201700, 11941100, 12770800, 12042600, 12222300, 12240200, 12205600, 12094800, 12047800, 11971900, 11785700, 13000600, 13090800, 13123200, 13223400] execute_raw=[115414500, 115276800, 127552800, 120398300, 114967500, 117851500, 122320500, 117414600, 114392100, 114886100, 116830700, 123852800, 124078600, 124164000, 126654000] combined_raw=[833100, 1226100, 890400, 717900, 853800, 828000, 999600, 832600, 827400, 808300, 952200, 994100, 970600, 1029400, 838000] cpp_raw=[783200, 904800, 799800, 750700, 1028800, 742200, 863400, 766500, 663100, 738800, 794700, 892200, 854500, 931500, 835900] public_ns=128968300 bounds_ns=12205600 execute_ns=117851500 combined_ns=853800 cpp_ns=799800 source=a98d88b93a2d4711 result=35d2d67477ff8cf1
case op=convert-ubyte-float w=2048 h=512 layout=negative-both public_raw=[656278100, 636325900, 659752000, 670149900, 668787000, 688670200, 673775400, 685216800, 969623000, 764028200, 660111400, 657849900, 650428900, 667988700, 659427200] bounds_raw=[12551000, 12563800, 12841300, 12990100, 13386800, 13552000, 13443500, 18001400, 18842600, 12881500, 12764700, 12732300, 12714800, 13242100, 12848300] execute_raw=[668145600, 621424900, 642468100, 651707200, 676700200, 669788900, 673873000, 641918700, 951288900, 639459700, 647082400, 638217200, 644631800, 663794600, 649460400] combined_raw=[725900, 674600, 700600, 778600, 739500, 738700, 746300, 687200, 1170200, 733100, 686900, 710900, 686300, 695100, 774400] cpp_raw=[307000, 195500, 239900, 474900, 296400, 232100, 248800, 214800, 386000, 373300, 210600, 461200, 205400, 231400, 272700] public_ns=667988700 bounds_ns=12881500 execute_ns=649460400 combined_ns=725900 cpp_ns=248800 source=ae83cf5b1e4efaa5 result=a6f0b1d68eba713d
case op=copy-ubyte w=2048 h=512 layout=universal public_raw=[135713300, 131491200, 131240500, 129836200, 132711200, 133321500, 132361400, 135828700, 140722000, 137707500, 127983600, 138494800, 126268000, 126310300, 130383800] bounds_raw=[13993300, 13566100, 19359800, 13082500, 13481000, 22533400, 13533100, 13814000, 13499800, 14155900, 13259100, 12551700, 12713900, 13402300, 13099500] execute_raw=[134873500, 133816200, 140831200, 132082500, 133808300, 131933900, 132715000, 132714300, 137095000, 133082700, 125879600, 126208800, 127564900, 127229900, 139420700] combined_raw=[13635300, 13325200, 13087300, 12818900, 13676600, 13424000, 13366100, 13629600, 13817000, 13081100, 12549900, 12535600, 12781300, 12720200, 12847900] cpp_raw=[3294000, 2904500, 2892500, 2965100, 2893800, 3031300, 2892200, 3159800, 2996400, 3029400, 3069900, 2809600, 2766600, 2703600, 2800400] public_ns=132361400 bounds_ns=13499800 execute_ns=132715000 combined_ns=13087300 cpp_ns=2904500 source=546dc88cf162767b result=b53972f2ee1fc8cf
case op=copy-float w=2048 h=512 layout=universal public_raw=[131145200, 130944600, 130849700, 128527000, 128254700, 125847100, 134746900, 124846200, 123945500, 124419400, 124380100, 131055700, 131222800, 129340800, 131162700] bounds_raw=[13139800, 13080200, 13174700, 13059100, 12534100, 12434800, 12515300, 12468500, 12316000, 12351600, 12569800, 12847100, 12873400, 13082800, 13109100] execute_raw=[138054100, 130823800, 128909400, 134963700, 125337200, 123706200, 124960200, 125020400, 124507100, 125704200, 128294600, 126957400, 130270700, 130737800, 130987500] combined_raw=[13275100, 13417200, 13343500, 13346700, 12538700, 12494400, 12464700, 12550200, 12817700, 12569900, 13074000, 13033000, 13175500, 12806000, 13117300] cpp_raw=[2350900, 2331300, 2358100, 2373600, 2336200, 2224100, 2310800, 2209100, 2170200, 2176800, 2339300, 2354300, 2317600, 6303700, 2474500] public_ns=129340800 bounds_ns=12847100 execute_ns=128294600 combined_ns=13033000 cpp_ns=2336200 source=4f1036148aacde48 result=1d8ea0b52256e94f
case op=copy-Pod w=2048 h=512 layout=universal public_raw=[124703700, 123886600, 123522400, 124303700, 125100600, 122150800, 122232200, 122582000, 128615200, 122869700, 122127500, 124998700, 125071100, 127543300, 134248700] bounds_raw=[11953000, 11976700, 12140000, 11927800, 11997700, 12027100, 11914000, 11929600, 12445400, 11973000, 11921300, 13298900, 12307100, 12330300, 11881300] execute_raw=[122940200, 123460400, 128826100, 133377700, 124690400, 132904400, 123201500, 123039100, 128821400, 123124700, 126490900, 126716200, 124778300, 125402300, 126049000] combined_raw=[12221200, 12061100, 11898300, 11961200, 12320200, 11995800, 12139700, 11856000, 12008600, 12183800, 19384600, 12336200, 12287800, 12416900, 12172200] cpp_raw=[2433200, 2464600, 2685700, 2377500, 2404500, 2544100, 2531300, 2536100, 2762600, 2447000, 2457800, 2777300, 2611100, 2454900, 2516700] public_ns=124303700 bounds_ns=11976700 execute_ns=125402300 combined_ns=12172200 cpp_ns=2516700 source=196bf4d6cf5eb812 result=fc9731c7256835ba
case op=convert-ubyte-float w=2048 h=512 layout=universal public_raw=[361881000, 367610100, 360273000, 362223200, 376452500, 371054400, 367962000, 364197100, 363986100, 364589300, 378189000, 372688100, 398068200, 385014800, 405634600] bounds_raw=[12126500, 11866200, 12196700, 12112600, 12394400, 12504100, 12488200, 12102800, 13542900, 11970900, 12547500, 12686600, 12830000, 12976100, 12917000] execute_raw=[364163200, 379516400, 363121500, 382858800, 434814400, 374992200, 386490100, 380857900, 380530500, 375419600, 381697600, 400272700, 384674100, 396629600, 386220600] combined_raw=[12291500, 12239500, 21899200, 12088300, 13383500, 13214200, 12901600, 12139300, 12093300, 12555100, 12739200, 12625500, 13284700, 12836200, 12761200] cpp_raw=[668100, 629200, 629300, 605700, 731500, 1847900, 614600, 670800, 613400, 719300, 853000, 769300, 732300, 694500, 1220300] public_ns=367962000 bounds_ns=12488200 execute_ns=381697600 combined_ns=12739200 cpp_ns=694500 source=546dc88cf162767b result=24fea8e2dff2e94f
case op=copy-ubyte w=2048 h=512 layout=universal-negative public_raw=[129363000, 128895800, 129405900, 128073100, 130014900, 157676200, 143547300, 141282100, 140911900, 147550100, 145318800, 139995000, 137600900, 137356400, 130175000] bounds_raw=[22274200, 12949100, 13179500, 13216700, 13210900, 15007000, 16598200, 14330000, 14646300, 16012800, 14933600, 14204700, 13806900, 13733700, 13428900] execute_raw=[129459200, 129831400, 130665600, 138111000, 132331900, 148960200, 152309100, 164042200, 141687600, 142662400, 137728000, 138896500, 150040100, 134883100, 130642100] combined_raw=[13113200, 13256000, 13520700, 13206500, 13868500, 15542300, 14473000, 15271900, 14820700, 15301900, 14012600, 14403900, 14446000, 14003400, 13167800] cpp_raw=[2789500, 3263300, 2980800, 2862000, 2796500, 4296800, 3120700, 3439800, 2996300, 3328200, 3337200, 3228300, 3073300, 4277900, 3262900] public_ns=137600900 bounds_ns=14204700 execute_ns=138111000 combined_ns=14012600 cpp_ns=3228300 source=46067b9fc62767b result=6220d181b93fc8cf
case op=copy-float w=2048 h=512 layout=universal-negative public_raw=[129779200, 130803400, 130308500, 163097600, 135297500, 137396500, 134698000, 134183000, 134656300, 149207100, 135943800, 136152000, 136484000, 134368300, 140925400] bounds_raw=[13180000, 13102800, 13261900, 18027000, 13746200, 13522800, 13565100, 13819500, 15062100, 14503400, 14460200, 14063400, 14041500, 13355800, 14209200] execute_raw=[139068600, 130182200, 130457100, 194917300, 137374200, 133234800, 133695200, 134322900, 142566900, 136452900, 139846900, 135950400, 144402300, 132396000, 149567100] combined_raw=[12832000, 13238900, 13377900, 18295900, 14119700, 13617500, 22602900, 13707400, 13808400, 13508600, 14151600, 13742400, 13949600, 14124200, 20771000] cpp_raw=[2311500, 2301600, 2345000, 3736500, 3743800, 2379300, 2510000, 2557300, 2576700, 5370600, 2984500, 2580900, 2466200, 3114600, 2419100] public_ns=135297500 bounds_ns=13819500 execute_ns=136452900 combined_ns=13808400 cpp_ns=2557300 source=51109e231b84de48 result=d2e235024092e94f
case op=copy-Pod w=2048 h=512 layout=universal-negative public_raw=[141235000, 133180400, 150727500, 127812700, 136698800, 128005600, 140813100, 133537900, 128394100, 134286600, 126523600, 130026900, 139603700, 125663900, 138458400] bounds_raw=[13927500, 14162400, 12376700, 12872000, 12370400, 13830400, 12750800, 12998200, 12027700, 12491400, 12243600, 12375600, 12110500, 13051800, 12527900] execute_raw=[140396100, 140450200, 132892600, 127031600, 126237600, 130509200, 144303600, 131244200, 125620600, 129200700, 129073600, 124248700, 125919700, 129339000, 130338300] combined_raw=[14144700, 13823500, 12882900, 12375500, 12631200, 12987800, 12758200, 12839000, 13482100, 12554300, 12424600, 12108900, 12562000, 12528900, 12487900] cpp_raw=[3861100, 3025300, 2673100, 2769700, 3305100, 2699700, 4122000, 2909200, 3943900, 2435900, 2520700, 6527500, 2562400, 2566300, 2781900] public_ns=133537900 bounds_ns=12527900 execute_ns=129339000 combined_ns=12631200 cpp_ns=2781900 source=e1be015f3a91b812 result=17fc2f38b61735ba
case op=convert-ubyte-float w=2048 h=512 layout=universal-negative public_raw=[414120900, 433972700, 405404500, 408647800, 486155400, 412953500, 403109300, 433704100, 431808000, 407698400, 411389800, 597081100, 612227900, 616610600, 436231300] bounds_raw=[13326100, 14880300, 12215300, 12490500, 12109800, 12343000, 12401400, 12550200, 15402800, 12366800, 12794500, 13576100, 18775600, 18792200, 12910300] execute_raw=[418810000, 421241700, 429327300, 404187800, 411011100, 406753000, 412835500, 405366500, 431370600, 443203300, 441632400, 415215800, 613413400, 525722500, 418471100] combined_raw=[12123600, 12429200, 12404500, 12245700, 12382000, 12688900, 12103500, 12310500, 12602600, 12726600, 16180000, 12677500, 18074400, 18213900, 12683200] cpp_raw=[662800, 794500, 628800, 1220000, 719300, 1182800, 663400, 722200, 1517500, 644600, 2007200, 1310000, 1116700, 1169400, 2794100] public_ns=431808000 bounds_ns=12794500 execute_ns=418810000 combined_ns=12602600 cpp_ns=1116700 source=46067b9fc62767b result=940c5552cb46e94f
case op=copy-ubyte w=2048 h=512 layout=repeated-source public_raw=[129377400, 130256200, 130457500, 147965600, 147957200, 136570700, 132368700, 136665800, 136882400, 137959600, 135469900, 135607100, 133218800, 130623900, 130155200] bounds_raw=[13074400, 13403400, 16294500, 19208700, 14322700, 14140600, 13538700, 13788400, 13671900, 13896100, 13956100, 13705900, 13358000, 12984400, 13414200] execute_raw=[116214100, 117248000, 117366000, 128741400, 122726800, 121156100, 129624100, 122882900, 122838600, 129890900, 121941000, 120618500, 119843900, 125458500, 115667700] combined_raw=[30400, 30500, 47200, 30500, 32300, 34500, 33100, 32200, 33000, 34100, 32200, 31400, 31400, 33100, 30800] cpp_raw=[35000, 36800, 39600, 32300, 60900, 30300, 29800, 331600, 35400, 34000, 33300, 42100, 36600, 35900, 38800] public_ns=135469900 bounds_ns=13705900 execute_ns=121941000 combined_ns=32200 cpp_ns=35900 source=6e453727bce9f2a5 result=824b457e72415e3d
case op=copy-float w=2048 h=512 layout=repeated-source public_raw=[138519700, 135795700, 140488800, 150409900, 139376100, 145776400, 141545800, 140756800, 138873500, 130564200, 131069000, 130736100, 130914500, 135571100, 136635900] bounds_raw=[17729100, 14252800, 13602100, 13926600, 14764200, 14739500, 16448600, 13758900, 13799100, 13070600, 13147600, 12706200, 13178900, 17773900, 13788500] execute_raw=[139736500, 127568800, 122078000, 126933300, 127933600, 146428800, 130105400, 129516800, 121009300, 127154000, 118971600, 119421400, 118734600, 126274200, 125915900] combined_raw=[204900, 130500, 224600, 139500, 447600, 293400, 1187200, 123900, 147700, 118300, 95500, 137800, 104100, 111400, 283800] cpp_raw=[475700, 443600, 666600, 178400, 257800, 833100, 249000, 1156800, 149400, 115200, 258000, 150900, 127900, 140600, 797700] public_ns=138519700 bounds_ns=13799100 execute_ns=126933300 combined_ns=139500 cpp_ns=257800 source=1890cde25c8499ab result=7e1f3007cb46713d
case op=copy-Pod w=2048 h=512 layout=repeated-source public_raw=[137097400, 160742200, 137809200, 139563000, 142946100, 136894400, 138052300, 136965900, 137993700, 136553600, 134555200, 136817700, 137384900, 137666800, 137241200] bounds_raw=[12585700, 12776700, 13249600, 13241300, 12994700, 13136400, 22586100, 13725800, 13950300, 13139000, 13055100, 13022800, 13343800, 13646500, 12237900] execute_raw=[126883200, 135342000, 137016200, 124370300, 123700200, 124988100, 125681400, 125348000, 133729300, 124171700, 124220900, 132708600, 124608400, 135345000, 122605400] combined_raw=[317600, 1965000, 356800, 349900, 356300, 352600, 389800, 353200, 331500, 333700, 350200, 345500, 321200, 352700, 327900] cpp_raw=[306300, 333300, 301000, 345300, 333000, 437000, 376100, 325600, 344600, 316000, 326700, 334500, 332200, 458200, 338000] public_ns=137384900 bounds_ns=13139000 execute_ns=125348000 combined_ns=350200 cpp_ns=333300 source=20f0ed2a5964e151 result=29ff1e71f7668cf1
case op=convert-ubyte-float w=2048 h=512 layout=repeated-source public_raw=[647034900, 652863600, 647179400, 669483000, 696455500, 642150000, 655350300, 652195300, 639533100, 623912800, 638152500, 629779000, 639785500, 635604900, 632902000] bounds_raw=[12593800, 12604300, 12539300, 14135000, 14257300, 12201700, 12563600, 12896800, 12213200, 12347900, 12913600, 13891500, 12478200, 12403300, 12073600] execute_raw=[641527900, 642995900, 647347900, 725966600, 654104500, 636046400, 620089700, 657346700, 632174700, 624565200, 655797000, 670858100, 645049300, 621867100, 613256800] combined_raw=[646900, 664400, 653400, 877900, 649500, 632000, 635600, 695800, 718300, 617300, 808400, 650500, 647500, 649900, 633500] cpp_raw=[148100, 165300, 151100, 160300, 175500, 130000, 133500, 163100, 425700, 131700, 1025500, 141100, 133500, 133000, 140800] public_ns=642150000 bounds_ns=12563600 execute_ns=642995900 combined_ns=649900 cpp_ns=148100 source=6e453727bce9f2a5 result=a6f0b1d68eba713d
case op=copy-ubyte w=2048 h=512 layout=zero-source public_raw=[40367700, 40337100, 40477600, 40304300, 40311100, 53545400, 41986000, 51348400, 40964700, 40976000, 41947100, 40112100, 40885000, 40711400, 40730100] bounds_raw=[13046400, 12966100, 13553200, 12728800, 12653400, 12978800, 15304900, 13039000, 12983500, 12885600, 13011400, 12697900, 12852600, 12691500, 12883700] execute_raw=[40969500, 40682000, 40871400, 40435000, 46630400, 52421300, 43562700, 42128600, 40523700, 40541400, 40508300, 40607700, 40460800, 40712200, 40678400] combined_raw=[12909100, 13056000, 13040600, 12894000, 16683100, 18106600, 13247400, 13062000, 13030300, 12714200, 13149900, 12754000, 12711600, 12768900, 12727500] cpp_raw=[2764800, 2767400, 2767600, 2814900, 2827100, 4975100, 2887000, 2877500, 2831600, 2857600, 2858500, 2774700, 2767000, 2850600, 3093500] public_ns=40730100 bounds_ns=12966100 execute_ns=40682000 combined_ns=13030300 cpp_ns=2831600 source=ea3b47c803d61b61 result=f48fba1f72215e3d
case op=copy-float w=2048 h=512 layout=zero-source public_raw=[39601900, 38585500, 39284600, 39358400, 38945400, 39168400, 49432900, 38772100, 39722700, 39128100, 39233100, 40838600, 40633100, 40577500, 42255200] bounds_raw=[12744700, 12377800, 12328400, 12486000, 12431600, 12150800, 12225500, 12123800, 12335500, 12249300, 13439500, 12165600, 12921300, 12842400, 13094900] execute_raw=[39377000, 38807300, 38492800, 38744700, 39214100, 38183900, 38382900, 38249400, 38640100, 39003300, 38930700, 41126000, 40411500, 40513700, 41560100] combined_raw=[12848500, 12573300, 12533000, 12565400, 13010200, 12390500, 12712000, 12367600, 12570900, 12852700, 12370200, 13381100, 13171200, 13038800, 13176300] cpp_raw=[2067000, 2019200, 2050700, 2021000, 2062000, 2069100, 2118000, 2087500, 2126100, 2069000, 2096800, 2115300, 2208500, 2155900, 2190300] public_ns=39358400 bounds_ns=12377800 execute_ns=38930700 combined_ns=12712000 cpp_ns=2087500 source=3ee659a586185a17 result=3010c258495a713d
case op=copy-Pod w=2048 h=512 layout=zero-source public_raw=[40529700, 49587400, 41284600, 41361100, 41437000, 43102200, 41062900, 40938800, 40645600, 49699100, 50438000, 41806500, 39633900, 40296700, 40118400] bounds_raw=[12015000, 12539600, 12057500, 12241300, 13970300, 15869700, 12314600, 12348200, 12652000, 13745600, 12257700, 12455800, 12346100, 12667600, 12309700] execute_raw=[39866400, 49130700, 50539200, 41798900, 47938500, 50720900, 40441000, 40403600, 40999800, 46598500, 40437300, 46430900, 39777100, 39847200, 39697000] combined_raw=[12365400, 13187500, 12157900, 13375100, 14825300, 15686300, 12569500, 12228400, 12495900, 13268000, 12538700, 12548000, 12298800, 12571400, 12201700] cpp_raw=[2122800, 2125900, 2073300, 2111800, 2101800, 2124200, 2145800, 2068500, 2522600, 2314000, 2156000, 2081800, 2072600, 2165000, 2194700] public_ns=41284600 bounds_ns=12348200 execute_ns=40999800 combined_ns=12548000 cpp_ns=2124200 source=10734a11a61fbe06 result=14eb8df45bd38cf1
case op=convert-ubyte-float w=2048 h=512 layout=zero-source public_raw=[109759300, 110045900, 108848200, 108939900, 109849700, 122085000, 113565700, 116402100, 116448900, 113351700, 111377700, 111398300, 125028900, 115953300, 125245100] bounds_raw=[12559300, 12681700, 12208900, 12842700, 12293000, 13065900, 13179000, 13406400, 12936600, 13125000, 12950900, 12993600, 13537800, 13371900, 15324300] execute_raw=[110349200, 118980200, 109445100, 110309300, 111367700, 113832800, 113755000, 116047700, 122010000, 114091700, 111652200, 111952400, 115879200, 115799500, 124596000] combined_raw=[12880800, 12768800, 12616300, 12552700, 13102500, 13117900, 13310600, 13205700, 13417700, 12899400, 12874400, 12958700, 13382700, 13552700, 14045700] cpp_raw=[585000, 636100, 624200, 577100, 589300, 621200, 603700, 744000, 588300, 590800, 615000, 613600, 596400, 623900, 632900] public_ns=113351700 bounds_ns=12993600 execute_ns=113832800 combined_ns=13102500 cpp_ns=613600 source=ea3b47c803d61b61 result=1ea1c940ba66713d
m3_copy_conversion_candidates PASS cases=96 sink=3470652223959823994
