contracts PASS four-public-paths four-operations invalid/shape/noninjective/overlap/empty/no-write shared-disjoint
semantic PASS cases=32 bitwise-copy all256-conversion source-padding
case op=copy-ubyte w=31 h=17 layout=contiguous public_raw=[100, 100, 100, 100, 100, 100, 100, 100, 100, 100, 100, 100, 100, 100, 100] bounds_raw=[100, 100, 100, 100, 100, 100, 100, 100, 100, 100, 100, 100, 100, 100, 100] execute_raw=[100, 100, 100, 100, 100, 100, 100, 100, 100, 100, 100, 100, 100, 100, 100] combined_raw=[100, 100, 100, 100, 100, 100, 100, 100, 100, 100, 100, 100, 100, 100, 100] cpp_raw=[0, 0, 0, 0, 0, 0, 0, 0, 0, 0, 0, 0, 0, 0, 0] public_ns=100 bounds_ns=100 execute_ns=100 combined_ns=100 cpp_ns=0 source=e1cb0bb018788cd9 result=6b280f993832c319
case op=copy-float w=31 h=17 layout=contiguous public_raw=[100, 100, 200, 100, 100, 100, 100, 100, 100, 100, 100, 200, 100, 100, 100] bounds_raw=[200, 100, 200, 100, 100, 100, 100, 100, 100, 100, 100, 100, 100, 100, 100] execute_raw=[100, 100, 100, 100, 100, 100, 100, 100, 100, 100, 100, 100, 100, 100, 100] combined_raw=[200, 200, 100, 100, 100, 100, 100, 100, 100, 200, 100, 100, 100, 100, 100] cpp_raw=[100, 100, 100, 100, 100, 100, 100, 100, 100, 100, 100, 100, 100, 100, 100] public_ns=100 bounds_ns=100 execute_ns=100 combined_ns=100 cpp_ns=100 source=6128204049c0da83 result=264b3169180ebd4b
case op=copy-Pod w=31 h=17 layout=contiguous public_raw=[200, 200, 200, 200, 200, 200, 200, 200, 200, 200, 200, 200, 200, 200, 200] bounds_raw=[200, 200, 200, 200, 200, 200, 200, 200, 200, 200, 200, 200, 200, 200, 200] execute_raw=[200, 200, 200, 200, 200, 200, 200, 200, 200, 200, 200, 200, 200, 200, 200] combined_raw=[200, 200, 200, 200, 200, 200, 200, 200, 200, 200, 200, 200, 200, 200, 200] cpp_raw=[100, 100, 100, 100, 100, 100, 100, 100, 100, 100, 100, 100, 100, 100, 100] public_ns=200 bounds_ns=200 execute_ns=200 combined_ns=200 cpp_ns=100 source=db360484f487691a result=968b62c61598975a
case op=convert-ubyte-float w=31 h=17 layout=contiguous public_raw=[2400, 2300, 2300, 2300, 2300, 2300, 2300, 2300, 2300, 2300, 2300, 2300, 2300, 2300, 2300] bounds_raw=[2300, 2300, 2300, 2300, 2300, 2300, 2300, 2300, 2300, 2300, 2300, 2300, 2300, 2300, 2300] execute_raw=[500, 500, 500, 500, 500, 500, 500, 500, 500, 500, 500, 500, 500, 500, 500] combined_raw=[600, 600, 600, 600, 600, 600, 600, 600, 600, 600, 600, 600, 600, 600, 600] cpp_raw=[100, 100, 100, 100, 100, 100, 100, 100, 100, 100, 100, 100, 100, 100, 100] public_ns=2300 bounds_ns=2300 execute_ns=500 combined_ns=600 cpp_ns=100 source=e1cb0bb018788cd9 result=1bb7b2c2179a648f
case op=copy-ubyte w=31 h=17 layout=padded public_raw=[129600, 127100, 127000, 126900, 129300, 126800, 127500, 191400, 127100, 127100, 127600, 127000, 127200, 127300, 127200] bounds_raw=[6600, 6700, 6600, 6600, 6700, 6700, 19500, 6600, 6700, 6600, 6600, 6700, 6600, 6600, 6600] execute_raw=[120600, 120600, 120600, 120600, 120600, 162900, 120900, 120800, 120800, 120700, 120400, 123400, 120200, 121100, 124100] combined_raw=[300, 300, 300, 300, 300, 400, 300, 400, 300, 300, 300, 300, 400, 300, 400] cpp_raw=[0, 0, 0, 0, 0, 100, 0, 0, 0, 0, 0, 0, 0, 0, 0] public_ns=127200 bounds_ns=6600 execute_ns=120700 combined_ns=300 cpp_ns=0 source=4d0b0939d89e40d9 result=5f21f5ea6035ff19
case op=copy-float w=31 h=17 layout=padded public_raw=[126400, 129400, 129600, 129400, 140200, 126500, 126400, 126300, 131800, 129500, 129600, 131400, 129600, 137800, 129700] bounds_raw=[6300, 6400, 6400, 6400, 6400, 6200, 6200, 18900, 6500, 6400, 6400, 6500, 6400, 6500, 6500] execute_raw=[135000, 126700, 123400, 123300, 123000, 120900, 121000, 120500, 123700, 123400, 123400, 123900, 123700, 123600, 123600] combined_raw=[400, 400, 400, 400, 400, 400, 400, 400, 400, 400, 400, 400, 400, 400, 500] cpp_raw=[100, 100, 100, 100, 100, 100, 100, 100, 100, 100, 100, 100, 100, 100, 100] public_ns=129600 bounds_ns=6400 execute_ns=123400 combined_ns=400 cpp_ns=100 source=ebb5b7eaf5f43283 result=3851810ac565964b
case op=copy-Pod w=31 h=17 layout=padded public_raw=[129600, 129200, 141500, 126800, 126700, 141000, 129700, 129600, 129800, 129200, 141900, 126700, 131500, 129700, 129500] bounds_raw=[6300, 6300, 6100, 6200, 6200, 6300, 6300, 6300, 6300, 6300, 6100, 6200, 6200, 6300, 6300] execute_raw=[126100, 123700, 123700, 121200, 120800, 124000, 123900, 123500, 124100, 123800, 121000, 120800, 120700, 123900, 123500] combined_raw=[500, 500, 500, 500, 400, 500, 500, 500, 500, 500, 500, 500, 500, 500, 500] cpp_raw=[100, 100, 100, 100, 100, 100, 100, 100, 100, 100, 100, 100, 100, 100, 100] public_ns=129600 bounds_ns=6300 execute_ns=123700 combined_ns=500 cpp_ns=100 source=b28d4f242a91b51a result=7438cdf3ee88135a
case op=convert-ubyte-float w=31 h=17 layout=padded public_raw=[668600, 667500, 665100, 694300, 680700, 666600, 667000, 667000, 667300, 666900, 693000, 794900, 799400, 745600, 664900] bounds_raw=[6500, 6500, 6400, 6600, 6600, 6400, 6400, 6400, 6400, 6400, 6400, 6400, 6400, 6300, 6400] execute_raw=[691800, 658800, 661100, 677200, 677400, 658500, 660700, 658600, 658100, 683600, 658600, 660500, 704200, 743600, 661700] combined_raw=[700, 600, 600, 600, 600, 600, 600, 600, 600, 600, 600, 600, 700, 600, 600] cpp_raw=[200, 100, 100, 100, 100, 100, 100, 100, 100, 100, 100, 100, 200, 100, 200] public_ns=667500 bounds_ns=6400 execute_ns=661100 combined_ns=600 cpp_ns=100 source=4d0b0939d89e40d9 result=5a1bf5670dd4dc8f
case op=copy-ubyte w=31 h=17 layout=negative-source public_raw=[129500, 129500, 129500, 129300, 130100, 129900, 129700, 129400, 140600, 130100, 185300, 129200, 129500, 129900, 129400] bounds_raw=[6900, 6800, 20400, 6800, 6900, 6800, 6800, 6800, 6800, 6800, 6800, 6800, 6700, 6900, 6800] execute_raw=[123100, 123200, 123000, 123300, 122700, 133700, 123500, 123000, 123100, 123000, 123200, 122800, 123000, 123000, 122800] combined_raw=[400, 300, 300, 400, 300, 500, 400, 400, 400, 400, 400, 300, 300, 300, 400] cpp_raw=[0, 0, 0, 100, 0, 0, 0, 0, 0, 100, 0, 0, 0, 0, 0] public_ns=129500 bounds_ns=6800 execute_ns=123000 combined_ns=400 cpp_ns=0 source=1218578f96e3de39 result=5f21f5ea6035ff19
case op=copy-float w=31 h=17 layout=negative-source public_raw=[128800, 128700, 129300, 131000, 129200, 128800, 142400, 128800, 136600, 129100, 131200, 125800, 126000, 205400, 125900] bounds_raw=[6400, 6400, 6500, 6500, 6500, 6500, 6400, 6500, 6500, 6400, 6400, 6200, 6200, 6600, 6300] execute_raw=[123500, 123500, 122900, 123300, 122900, 123500, 123100, 122900, 123100, 199200, 120400, 119900, 120300, 125000, 120000] combined_raw=[400, 400, 400, 400, 400, 400, 400, 500, 600, 400, 400, 400, 400, 400, 400] cpp_raw=[100, 100, 100, 100, 100, 100, 100, 100, 200, 100, 100, 100, 100, 100, 100] public_ns=129100 bounds_ns=6400 execute_ns=123100 combined_ns=400 cpp_ns=100 source=d55c0938ea65990b result=3851810ac565964b
case op=copy-Pod w=31 h=17 layout=negative-source public_raw=[133200, 135700, 139900, 131900, 175900, 129600, 128700, 129200, 128800, 129500, 128900, 129400, 129500, 191900, 125800] bounds_raw=[6300, 6100, 6700, 6400, 6400, 6300, 6300, 6300, 6300, 6300, 6300, 6200, 6300, 6100, 6200] execute_raw=[120600, 120700, 126500, 138600, 123000, 123300, 123500, 123200, 125700, 123200, 123400, 126000, 123400, 120500, 120700] combined_raw=[500, 500, 600, 600, 500, 500, 500, 500, 500, 500, 500, 500, 500, 500, 500] cpp_raw=[100, 100, 300, 100, 100, 100, 100, 100, 100, 100, 100, 100, 100, 100, 100] public_ns=129500 bounds_ns=6300 execute_ns=123300 combined_ns=500 cpp_ns=100 source=4cb52a65f8334f3a result=7438cdf3ee88135a
case op=convert-ubyte-float w=31 h=17 layout=negative-source public_raw=[691600, 667100, 694400, 690600, 669800, 665400, 665600, 666700, 665100, 667400, 667800, 665300, 667200, 665400, 667400] bounds_raw=[6400, 6400, 6600, 6400, 6400, 6400, 6400, 6400, 6400, 6400, 6500, 6400, 6400, 6400, 6400] execute_raw=[658600, 661100, 659500, 658900, 661300, 661200, 672100, 663000, 661500, 658400, 662600, 659100, 661100, 661300, 658900] combined_raw=[600, 600, 600, 600, 600, 600, 700, 600, 600, 600, 600, 600, 600, 600, 600] cpp_raw=[100, 100, 100, 100, 100, 100, 100, 100, 100, 100, 100, 100, 100, 100, 100] public_ns=667200 bounds_ns=6400 execute_ns=661100 combined_ns=600 cpp_ns=100 source=1218578f96e3de39 result=5a1bf5670dd4dc8f
case op=copy-ubyte w=31 h=17 layout=negative-both public_raw=[130000, 144400, 134200, 134100, 133800, 145500, 130800, 130700, 130900, 133000, 130800, 131100, 130800, 131100, 130200] bounds_raw=[6800, 6700, 7100, 6900, 6900, 6800, 6800, 6800, 6900, 6900, 6700, 6900, 9100, 6700, 6700] execute_raw=[123600, 124100, 129300, 126800, 126900, 127200, 124100, 124000, 123900, 124500, 124000, 123800, 124200, 123700, 124100] combined_raw=[400, 400, 400, 400, 400, 400, 300, 400, 300, 400, 300, 400, 400, 300, 300] cpp_raw=[0, 0, 0, 0, 0, 0, 0, 0, 0, 0, 0, 0, 0, 0, 0] public_ns=131100 bounds_ns=6800 execute_ns=124100 combined_ns=400 cpp_ns=0 source=1218578f96e3de39 result=14b2232dcdfde519
case op=copy-float w=31 h=17 layout=negative-both public_raw=[146800, 130000, 133300, 130100, 130400, 129800, 165300, 130300, 129800, 171900, 130100, 129800, 132300, 129800, 129800] bounds_raw=[6400, 6400, 6500, 6400, 6500, 6500, 6500, 6500, 6400, 6500, 6400, 6500, 6400, 6500, 6500] execute_raw=[124400, 123900, 124000, 124100, 124100, 124200, 203200, 124400, 124600, 124600, 124100, 124100, 124200, 124100, 123900] combined_raw=[400, 500, 500, 400, 400, 500, 600, 400, 400, 400, 400, 400, 400, 400, 400] cpp_raw=[100, 100, 100, 100, 100, 100, 100, 100, 100, 100, 100, 0, 100, 100, 100] public_ns=130100 bounds_ns=6500 execute_ns=124100 combined_ns=400 cpp_ns=100 source=d55c0938ea65990b result=88af284ef50a9e03
case op=copy-Pod w=31 h=17 layout=negative-both public_raw=[130000, 130500, 130300, 171400, 127500, 127000, 130400, 129700, 129500, 129700, 204700, 127200, 132700, 129800, 129800] bounds_raw=[6300, 6200, 6300, 6200, 6200, 6700, 6300, 6300, 6300, 6400, 6100, 6100, 6400, 6400, 6300] execute_raw=[124300, 126100, 124500, 121500, 121600, 144400, 124200, 124100, 124500, 124100, 121200, 121500, 125600, 124000, 182500] combined_raw=[500, 500, 500, 500, 500, 600, 500, 500, 500, 500, 500, 500, 600, 500, 500] cpp_raw=[100, 100, 100, 100, 100, 100, 100, 100, 100, 100, 100, 100, 100, 100, 100] public_ns=129800 bounds_ns=6300 execute_ns=124200 combined_ns=500 cpp_ns=100 source=4cb52a65f8334f3a result=ba5b3439bff1663a
case op=convert-ubyte-float w=31 h=17 layout=negative-both public_raw=[686900, 760700, 735200, 761600, 721900, 663200, 674600, 668100, 663000, 665700, 691100, 669300, 750100, 755300, 881100] bounds_raw=[6600, 6600, 25600, 6600, 6500, 6500, 6400, 6500, 6400, 6400, 6600, 6400, 6600, 6500, 6600] execute_raw=[684600, 689100, 730700, 669700, 670400, 660200, 670000, 661800, 661400, 657200, 681100, 657200, 688000, 670400, 736900] combined_raw=[700, 700, 700, 600, 800, 600, 600, 800, 600, 600, 600, 600, 800, 700, 800] cpp_raw=[200, 200, 200, 200, 200, 200, 100, 100, 100, 100, 100, 100, 100, 100, 200] public_ns=691100 bounds_ns=6500 execute_ns=670400 combined_ns=700 cpp_ns=100 source=1218578f96e3de39 result=a84d7158b568dc8f
case op=copy-ubyte w=31 h=17 layout=universal public_raw=[130300, 130100, 130000, 204200, 130400, 130200, 165400, 130000, 129900, 134600, 130900, 129900, 166200, 130000, 130100] bounds_raw=[6800, 6800, 6800, 6900, 6800, 6800, 6800, 6800, 6800, 36000, 6900, 6800, 11800, 6800, 6900] execute_raw=[145000, 137000, 137400, 134000, 130100, 130200, 133900, 130100, 130200, 165800, 139500, 130100, 133800, 129700, 130400] combined_raw=[6700, 6700, 7100, 6600, 6700, 6600, 36200, 6700, 6800, 8300, 6700, 6600, 6600, 6900, 6600] cpp_raw=[1600, 1600, 1500, 1500, 1500, 1500, 1600, 1500, 1500, 1500, 1500, 1500, 1500, 1500, 1500] public_ns=130200 bounds_ns=6800 execute_ns=133800 combined_ns=6700 cpp_ns=1500 source=104e8d8f8fae3401 result=94a85d26ce182761
case op=copy-float w=31 h=17 layout=universal public_raw=[129600, 129400, 129600, 129700, 129500, 192100, 129600, 129500, 193500, 129400, 129600, 131400, 129700, 129800, 220000] bounds_raw=[6400, 6500, 6400, 6400, 6400, 9100, 6400, 6400, 6400, 6400, 6400, 6400, 6400, 6400, 24200] execute_raw=[129300, 129200, 131700, 129200, 129800, 129600, 129300, 129500, 131900, 129200, 129200, 129900, 129300, 130100, 238500] combined_raw=[6500, 6500, 6600, 6500, 6500, 6600, 6600, 6500, 6500, 6600, 6600, 6500, 6500, 6500, 6600] cpp_raw=[1200, 1200, 1200, 1100, 1200, 1200, 1200, 1200, 1100, 1200, 1100, 1100, 1200, 1100, 1100] public_ns=129600 bounds_ns=6400 execute_ns=129500 combined_ns=6500 cpp_ns=1200 source=48f4c2fdc1746a4f result=d2f02840ab86d547
case op=copy-Pod w=31 h=17 layout=universal public_raw=[129300, 129500, 129700, 138800, 129700, 134900, 129600, 130100, 129600, 134300, 129700, 129700, 129700, 132000, 129700] bounds_raw=[6400, 6400, 6400, 6500, 6400, 6400, 6300, 6400, 6400, 6400, 6300, 6400, 6300, 6300, 6400] execute_raw=[135800, 133400, 129600, 139000, 129500, 129700, 129700, 134300, 129300, 129200, 129600, 132300, 129900, 129400, 129400] combined_raw=[6500, 6400, 6300, 6400, 6400, 6400, 6400, 6400, 6300, 6400, 6400, 6400, 6400, 6400, 6400] cpp_raw=[1200, 1200, 1200, 1200, 1200, 1200, 1200, 1200, 1200, 1200, 1200, 1200, 1200, 1200, 1200] public_ns=129700 bounds_ns=6400 execute_ns=129700 combined_ns=6400 cpp_ns=1200 source=a443bfcbbed0823e result=e7d6d6f5c5dc3c8e
case op=convert-ubyte-float w=31 h=17 layout=universal public_raw=[389800, 391700, 455700, 389900, 392000, 391800, 454700, 423800, 389300, 389800, 395700, 389100, 389700, 393700, 389400] bounds_raw=[6400, 6400, 6500, 6400, 6400, 6400, 6400, 6600, 6400, 6500, 6500, 6400, 6400, 6500, 6400] execute_raw=[391700, 389800, 389600, 453400, 389300, 389400, 392100, 435700, 489200, 456400, 394800, 389500, 394200, 389900, 391800] combined_raw=[6400, 6400, 6400, 6400, 6400, 6400, 6400, 6700, 6400, 6600, 6500, 6400, 6400, 6400, 6400] cpp_raw=[300, 300, 300, 300, 300, 300, 300, 300, 300, 300, 300, 300, 300, 300, 300] public_ns=391700 bounds_ns=6400 execute_ns=391800 combined_ns=6400 cpp_ns=300 source=104e8d8f8fae3401 result=91affb8b2dfc4eb7
case op=copy-ubyte w=31 h=17 layout=universal-negative public_raw=[132100, 129300, 129300, 129400, 129200, 129300, 131200, 129200, 129200, 129300, 131200, 129000, 128900, 128900, 129400] bounds_raw=[6900, 6800, 6900, 6800, 6800, 6900, 6800, 6800, 6800, 6800, 6800, 6900, 6800, 6800, 6800] execute_raw=[128900, 129100, 129100, 128800, 129300, 129300, 129100, 129300, 129200, 128900, 129200, 128900, 129200, 131000, 129100] combined_raw=[6700, 6800, 6700, 6800, 6600, 6800, 6800, 6600, 6600, 6800, 6900, 6600, 6600, 6600, 6800] cpp_raw=[1500, 1500, 1500, 1500, 1500, 1500, 1500, 1500, 1500, 1500, 1500, 1500, 1700, 1500, 1500] public_ns=129300 bounds_ns=6800 execute_ns=129100 combined_ns=6700 cpp_ns=1500 source=705335b9cf6847c1 result=2bfddff94a971f61
case op=copy-float w=31 h=17 layout=universal-negative public_raw=[128400, 128400, 130500, 128300, 128100, 128600, 128700, 128300, 128300, 130600, 128500, 128200, 197200, 134500, 128700] bounds_raw=[6500, 6500, 6600, 6500, 6400, 6400, 6400, 6400, 6400, 6500, 6400, 6500, 6600, 6600, 6500] execute_raw=[128200, 128500, 195700, 128700, 128100, 128100, 128200, 128300, 128400, 128100, 128100, 128100, 128000, 128000, 130700] combined_raw=[6600, 6500, 6500, 6500, 6500, 6500, 6500, 6500, 6500, 6600, 6500, 6600, 6500, 6600, 6600] cpp_raw=[1200, 1200, 1200, 1100, 1200, 1200, 1200, 1100, 1200, 1100, 1200, 1100, 1200, 1200, 1200] public_ns=128500 bounds_ns=6500 execute_ns=128200 combined_ns=6500 cpp_ns=1200 source=eada538057fb86ef result=faa4d5eeeda68847
case op=copy-Pod w=31 h=17 layout=universal-negative public_raw=[137700, 128200, 138100, 128700, 128400, 128700, 128500, 128600, 128400, 128500, 130900, 188500, 128600, 128300, 128300] bounds_raw=[6500, 6300, 6500, 6300, 6400, 6400, 6300, 6400, 6400, 6300, 6400, 6300, 6300, 6700, 6400] execute_raw=[128200, 128600, 145100, 201100, 128300, 128300, 128300, 128100, 129300, 128400, 128500, 128300, 128600, 131200, 128100] combined_raw=[6400, 6400, 6600, 6400, 6400, 6300, 6400, 6300, 6300, 6400, 6400, 6300, 6400, 6400, 6400] cpp_raw=[1200, 1200, 1200, 1200, 1200, 1100, 1200, 1100, 1200, 1200, 1200, 1200, 1200, 1200, 1200] public_ns=128600 bounds_ns=6400 execute_ns=128400 combined_ns=6400 cpp_ns=1200 source=7483a89971f477de result=c1c9f074f82c752e
case op=convert-ubyte-float w=31 h=17 layout=universal-negative public_raw=[437200, 437200, 501900, 435300, 435400, 434900, 479900, 456700, 435100, 435100, 439400, 435000, 435300, 437000, 505800] bounds_raw=[6400, 6400, 6400, 6400, 6400, 6400, 6400, 6600, 6400, 6500, 6400, 6400, 6400, 6400, 6400] execute_raw=[439500, 435100, 435100, 501300, 437600, 597400, 437200, 434800, 445900, 434900, 434600, 438000, 437200, 434900, 435500] combined_raw=[6400, 6400, 6400, 6400, 6400, 6600, 9500, 6500, 6500, 6400, 6400, 6400, 6400, 6400, 6400] cpp_raw=[300, 300, 300, 300, 300, 300, 300, 300, 300, 300, 300, 300, 300, 300, 300] public_ns=437000 bounds_ns=6400 execute_ns=437200 combined_ns=6400 cpp_ns=300 source=705335b9cf6847c1 result=6cdfcfcdfb5c4eb7
case op=copy-ubyte w=31 h=17 layout=repeated-source public_raw=[129500, 129400, 132000, 129400, 129600, 134000, 129600, 129200, 129800, 175700, 129400, 130100, 129800, 131700, 129700] bounds_raw=[6900, 6800, 6800, 6800, 6800, 6800, 6800, 6700, 6800, 6700, 6700, 6800, 6900, 6800, 6700] execute_raw=[123100, 123000, 172900, 123400, 123100, 183400, 125400, 123400, 127200, 125800, 122900, 123200, 123400, 122900, 123200] combined_raw=[400, 300, 300, 400, 300, 300, 300, 400, 300, 300, 300, 300, 300, 300, 300] cpp_raw=[0, 0, 0, 0, 0, 0, 0, 0, 0, 0, 0, 0, 0, 0, 0] public_ns=129700 bounds_ns=6800 execute_ns=123400 combined_ns=300 cpp_ns=0 source=e456631d381264c9 result=79abf60b12593ba9
case op=copy-float w=31 h=17 layout=repeated-source public_raw=[128200, 128600, 191200, 128300, 128100, 128400, 130800, 136700, 155500, 128900, 174400, 128600, 163700, 171400, 133700] bounds_raw=[6400, 6500, 6400, 6400, 6500, 6400, 6400, 37800, 6500, 6500, 6500, 6400, 6900, 6400, 6600] execute_raw=[122800, 122900, 126600, 122800, 122500, 122800, 122800, 122900, 126900, 128000, 129400, 122700, 122800, 122500, 122700] combined_raw=[400, 400, 400, 400, 400, 400, 400, 400, 500, 1100, 500, 400, 700, 400, 500] cpp_raw=[100, 100, 100, 100, 100, 100, 100, 100, 100, 100, 100, 100, 100, 100, 100] public_ns=130800 bounds_ns=6500 execute_ns=122800 combined_ns=400 cpp_ns=100 source=187f646e4a13563f result=adddf47c9b74a697
case op=copy-Pod w=31 h=17 layout=repeated-source public_raw=[128600, 146600, 128500, 133400, 128400, 128700, 128500, 128700, 128300, 128400, 128400, 128600, 128500, 128600, 131000] bounds_raw=[6400, 6300, 6300, 24900, 6400, 6300, 6200, 6300, 6300, 6300, 6200, 6300, 6300, 6300, 6300] execute_raw=[122600, 122600, 122700, 149600, 122700, 122600, 127500, 122900, 127000, 122700, 122900, 122700, 122600, 122900, 122800] combined_raw=[500, 500, 600, 500, 500, 500, 600, 500, 500, 500, 500, 500, 500, 500, 500] cpp_raw=[100, 100, 100, 100, 100, 100, 100, 100, 100, 100, 100, 100, 100, 100, 100] public_ns=128600 bounds_ns=6300 execute_ns=122700 combined_ns=500 cpp_ns=100 source=af5c371632147dfa result=b77ad4f97670f65a
case op=convert-ubyte-float w=31 h=17 layout=repeated-source public_raw=[665700, 665800, 697300, 753400, 792400, 740900, 692900, 687400, 685400, 684700, 681800, 686100, 686500, 685200, 732300] bounds_raw=[6400, 6400, 6600, 6800, 6700, 7400, 6600, 6600, 6500, 6600, 6600, 6600, 6600, 6600, 6600] execute_raw=[662600, 662300, 666100, 702400, 686100, 730700, 730900, 676100, 675900, 678300, 690600, 680900, 675900, 676000, 724000] combined_raw=[600, 600, 600, 600, 800, 900, 600, 700, 600, 600, 700, 600, 600, 600, 600] cpp_raw=[200, 100, 100, 100, 200, 200, 100, 100, 100, 100, 100, 100, 100, 100, 100] public_ns=686500 bounds_ns=6600 execute_ns=678300 combined_ns=600 cpp_ns=100 source=e456631d381264c9 result=9364c6c0b904dc8f
case op=copy-ubyte w=31 h=17 layout=zero-source public_raw=[32800, 33100, 33200, 35800, 41200, 32600, 33200, 34900, 33100, 33200, 41600, 36100, 36200, 36200, 61400] bounds_raw=[7000, 7000, 8300, 7400, 6900, 6900, 7000, 6900, 6900, 6900, 7200, 7100, 7100, 7100, 25400] execute_raw=[40000, 33300, 32900, 38100, 77500, 33100, 32900, 32900, 33400, 33400, 35800, 35800, 36000, 36000, 33000] combined_raw=[7500, 7000, 6800, 7100, 7000, 7000, 6800, 6800, 6800, 6800, 7200, 7100, 7100, 7100, 6900] cpp_raw=[1600, 1500, 1500, 5900, 5900, 1500, 1500, 1500, 1500, 1500, 5900, 5900, 5900, 5900, 5900] public_ns=34900 bounds_ns=7000 execute_ns=33400 combined_ns=7000 cpp_ns=1600 source=53e35892b0900a36 result=c64ce8b5472789e4
case op=copy-float w=31 h=17 layout=zero-source public_raw=[36700, 36800, 41600, 41600, 41600, 57200, 37000, 36800, 36900, 37100, 37200, 37000, 37000, 37100, 36900] bounds_raw=[6500, 6500, 6900, 6900, 6900, 6700, 6500, 6600, 6600, 6500, 6500, 6700, 6500, 6600, 12300] execute_raw=[37000, 36700, 44900, 41500, 41600, 39300, 36700, 36800, 36900, 37000, 44500, 36600, 36700, 37300, 36700] combined_raw=[6700, 6800, 7100, 7000, 7000, 6700, 6700, 6600, 6700, 6700, 6700, 6700, 6700, 6700, 6800] cpp_raw=[1200, 1200, 5900, 5900, 5900, 1200, 1200, 1200, 1200, 1200, 1200, 1200, 1200, 1200, 1200] public_ns=37000 bounds_ns=6600 execute_ns=37000 combined_ns=6700 cpp_ns=1200 source=48a265c435185a17 result=a412cbd3d3c5dc8f
case op=copy-Pod w=31 h=17 layout=zero-source public_raw=[37100, 36900, 36700, 36900, 37100, 37100, 39800, 37000, 37100, 37000, 36700, 37000, 37100, 36900, 37000] bounds_raw=[6500, 6400, 6500, 6500, 6400, 6500, 6400, 6500, 6500, 6300, 6400, 6400, 6500, 6500, 6500] execute_raw=[36800, 37100, 41900, 36800, 36600, 36900, 36900, 37100, 36600, 37100, 36700, 36800, 36700, 36800, 36900] combined_raw=[6500, 6400, 6500, 6500, 6400, 6400, 6500, 6500, 6500, 6400, 6500, 6500, 6500, 6500, 6500] cpp_raw=[1200, 1200, 1200, 1200, 1200, 1200, 1200, 1200, 1200, 1200, 1200, 1200, 1200, 1200, 1200] public_ns=37000 bounds_ns=6500 execute_ns=36800 combined_ns=6500 cpp_ns=1200 source=6b0827ecdc4a539a result=3ed4b3ed28cdbf2
case op=convert-ubyte-float w=31 h=17 layout=zero-source public_raw=[110300, 110600, 113100, 110600, 110700, 110600, 112900, 110700, 110700, 110700, 110600, 110600, 110600, 110700, 110600] bounds_raw=[6600, 6500, 6500, 6500, 6600, 6500, 6600, 6500, 6500, 6500, 6500, 7000, 6500, 6500, 6500] execute_raw=[110300, 110900, 110500, 110900, 110700, 110500, 110300, 110300, 110800, 110800, 113200, 110700, 110800, 110600, 113300] combined_raw=[6500, 6500, 6500, 6600, 6500, 6500, 6500, 6500, 6500, 6500, 6600, 6500, 6500, 6500, 6600] cpp_raw=[300, 300, 300, 300, 300, 300, 300, 300, 300, 300, 300, 300, 300, 300, 300] public_ns=110600 bounds_ns=6500 execute_ns=110700 combined_ns=6500 cpp_ns=300 source=53e35892b0900a36 result=7db46195730ddc8f
case op=copy-ubyte w=256 h=128 layout=contiguous public_raw=[800, 800, 800, 800, 800, 800, 800, 1100, 1000, 1200, 800, 900, 800, 800, 800] bounds_raw=[800, 800, 800, 800, 800, 800, 800, 900, 900, 1100, 800, 1000, 800, 1000, 800] execute_raw=[800, 800, 800, 800, 800, 800, 800, 900, 900, 800, 800, 800, 900, 800, 800] combined_raw=[800, 800, 800, 800, 800, 800, 800, 800, 900, 800, 800, 800, 800, 1100, 800] cpp_raw=[1200, 1100, 1100, 1100, 1100, 1100, 1100, 1100, 1200, 1200, 1100, 1200, 1100, 1100, 1100] public_ns=800 bounds_ns=800 execute_ns=800 combined_ns=800 cpp_ns=1100 source=e61b28efac3482a5 result=19f1026d069dd2bd
case op=copy-float w=256 h=128 layout=contiguous public_raw=[3600, 3600, 3500, 3600, 3400, 3700, 3600, 3500, 3700, 3500, 3500, 3800, 3500, 3500, 3500] bounds_raw=[3600, 3500, 3500, 3500, 3500, 3500, 3500, 3500, 3600, 3500, 4700, 3600, 3500, 3600, 3500] execute_raw=[3500, 3500, 3500, 3500, 3500, 3600, 3500, 3500, 3500, 3500, 3900, 3500, 3500, 3600, 3500] combined_raw=[3500, 3500, 3600, 3500, 3600, 3500, 3500, 3500, 3400, 3500, 3600, 3500, 3500, 3500, 3600] cpp_raw=[4500, 4600, 4400, 4500, 4500, 4400, 4400, 4400, 4400, 4400, 4500, 4400, 4400, 4400, 4300] public_ns=3500 bounds_ns=3500 execute_ns=3500 combined_ns=3500 cpp_ns=4400 source=94c035f8504217ab result=e20bab30ff99efbd
case op=copy-Pod w=256 h=128 layout=contiguous public_raw=[8400, 8400, 9400, 9400, 8300, 10300, 9400, 9400, 9000, 8100, 13900, 8100, 8200, 9200, 8000] bounds_raw=[8400, 9400, 9500, 8300, 8200, 10000, 9500, 8200, 8700, 9200, 9100, 8100, 9300, 8800, 8000] execute_raw=[8300, 9400, 8400, 8300, 8300, 10300, 9500, 9400, 8200, 9300, 9200, 8100, 8300, 8200, 8100] combined_raw=[8300, 8900, 13700, 9400, 8300, 9700, 12000, 9400, 8100, 9300, 9200, 8100, 8600, 9100, 9200] cpp_raw=[10200, 10200, 10100, 10200, 10100, 10100, 10000, 10000, 9900, 10100, 9900, 10000, 9900, 9800, 9900] public_ns=9000 bounds_ns=8800 execute_ns=8300 combined_ns=9200 cpp_ns=10000 source=780acdd2b0446151 result=3e08e0fcd50e93b1
case op=convert-ubyte-float w=256 h=128 layout=contiguous public_raw=[141300, 141200, 141100, 141100, 141100, 141200, 141100, 141100, 141100, 141100, 141100, 141100, 141100, 141100, 141100] bounds_raw=[145700, 141200, 141200, 141100, 141100, 141100, 141100, 141100, 141100, 141100, 143700, 141100, 141100, 141000, 141100] execute_raw=[24500, 24400, 24300, 24500, 24300, 24400, 24300, 24300, 24300, 24300, 24400, 24300, 24300, 24400, 24300] combined_raw=[32400, 32400, 32400, 32500, 37300, 32400, 32400, 32400, 32300, 32400, 32400, 32400, 32400, 32400, 32400] cpp_raw=[4300, 4300, 4300, 4300, 4300, 4200, 4200, 4200, 4200, 4300, 4200, 4300, 4200, 4300, 4300] public_ns=141100 bounds_ns=141100 execute_ns=24300 combined_ns=32400 cpp_ns=4300 source=e61b28efac3482a5 result=8edc22d932e14fbd
case op=copy-ubyte w=256 h=128 layout=padded public_raw=[7541200, 7458100, 7458300, 7465500, 7626900, 7389000, 7842000, 7686900, 7708200, 8402500, 7398600, 7404600, 7410100, 7384100, 7390100] bounds_raw=[392600, 392400, 392600, 399100, 400300, 392500, 392400, 408200, 397500, 393000, 400500, 400200, 403000, 401500, 392500] execute_raw=[7008400, 7311900, 7349300, 7067600, 7039000, 7094400, 6979300, 6977800, 17252800, 6993900, 6980100, 6979700, 6981000, 6999800, 6985900] combined_raw=[2200, 2200, 2300, 2000, 2300, 2200, 2000, 2400, 2200, 2300, 2100, 2000, 2100, 2000, 2100] cpp_raw=[1400, 1300, 1200, 1300, 1400, 1300, 1300, 1300, 1300, 1500, 1400, 1300, 1300, 1300, 1300] public_ns=7458300 bounds_ns=397500 execute_ns=6999800 combined_ns=2200 cpp_ns=1300 source=e5a18b0018a9faa5 result=d702cf3fb5e29e3d
case op=copy-float w=256 h=128 layout=padded public_raw=[7353800, 7355400, 7218100, 8007000, 7272200, 7423200, 7227900, 7389800, 7315300, 7577300, 7302800, 7259900, 7264200, 7179500, 7223400] bounds_raw=[382700, 376700, 365300, 365500, 365400, 373800, 382900, 365300, 510700, 368100, 442100, 374200, 373800, 373800, 375500] execute_raw=[7008800, 6978900, 7018300, 6688500, 6854700, 6881900, 6958900, 7058800, 7207500, 7362900, 7106600, 6889100, 6823500, 7056800, 7130200] combined_raw=[5300, 5300, 5300, 5000, 5200, 5000, 5100, 5000, 5000, 5200, 5300, 5100, 5200, 5000, 5200] cpp_raw=[5100, 5000, 5100, 4800, 4900, 5100, 5000, 4800, 4800, 4800, 4900, 5000, 4900, 4900, 4900] public_ns=7302800 bounds_ns=373800 execute_ns=7008800 combined_ns=5200 cpp_ns=4900 source=36662a215b68a60b result=bf1783c6025d513d
case op=copy-Pod w=256 h=128 layout=padded public_raw=[7348200, 7354600, 7893000, 7353100, 7286300, 7175200, 7180500, 7169000, 7767300, 7328400, 7249300, 7434100, 7309400, 7302300, 7268600] bounds_raw=[374300, 369200, 369300, 360600, 360600, 360600, 364300, 360600, 370600, 379200, 360600, 363200, 429700, 360600, 425500] execute_raw=[6991000, 6997600, 6995100, 7076200, 6929900, 6824700, 6923100, 6908300, 6971900, 6998600, 6905200, 7157500, 7122500, 7386900, 7671200] combined_raw=[10300, 10300, 10300, 10200, 10000, 10000, 10000, 10100, 10100, 10400, 10000, 9900, 10100, 10100, 13100] cpp_raw=[10500, 10500, 10500, 10600, 10300, 10200, 10200, 10200, 10400, 11400, 10300, 10300, 10300, 10200, 10300] public_ns=7309400 bounds_ns=364300 execute_ns=6995100 combined_ns=10100 cpp_ns=10300 source=49f9223bca7c6711 result=6d7da255f160ecf1
case op=convert-ubyte-float w=256 h=128 layout=padded public_raw=[37607900, 52155100, 39884200, 39642900, 39262200, 40287200, 39297000, 39020700, 38664300, 38587400, 38608600, 38043500, 37740400, 38352100, 38592400] bounds_raw=[368200, 447400, 387000, 387000, 387000, 407500, 380200, 377700, 381700, 377800, 377600, 376900, 368500, 380800, 424300] execute_raw=[37958700, 39688400, 40108400, 38981600, 39295500, 40027000, 39559100, 38852500, 38239100, 38184000, 38437900, 38012300, 37672600, 39347300, 47565500] combined_raw=[21300, 21500, 23400, 21700, 22900, 22100, 22800, 22700, 21200, 81800, 21700, 21800, 21100, 20700, 24600] cpp_raw=[4400, 4400, 5100, 4600, 4700, 4500, 4600, 4500, 4400, 4900, 4500, 4500, 4400, 4300, 4500] public_ns=38664300 bounds_ns=380800 execute_ns=38981600 combined_ns=21800 cpp_ns=4500 source=e5a18b0018a9faa5 result=8d94738f899eb13d
case op=copy-ubyte w=256 h=128 layout=negative-source public_raw=[7375800, 7473300, 7420300, 7372200, 7356000, 7319100, 7377100, 7784000, 7440300, 7397700, 8174300, 7331400, 7398400, 7374800, 7367900] bounds_raw=[392900, 403400, 392900, 392700, 400300, 385900, 394900, 386000, 383600, 391200, 392900, 429900, 393000, 392700, 392600] execute_raw=[6963600, 6975200, 7212000, 6936200, 7071400, 7310100, 6923400, 6840300, 7092200, 7154900, 7050000, 6835300, 7237100, 6949700, 7013000] combined_raw=[2100, 2500, 3000, 1900, 2500, 2200, 1900, 2600, 2700, 2800, 2300, 1900, 3800, 2000, 2100] cpp_raw=[1300, 1400, 1700, 1300, 1300, 1400, 1300, 1400, 1700, 1300, 1300, 1300, 2200, 1600, 1300] public_ns=7377100 bounds_ns=392900 execute_ns=7013000 combined_ns=2300 cpp_ns=1300 source=e5a18b0018a9faa5 result=d702cf3fb5e29e3d
case op=copy-float w=256 h=128 layout=negative-source public_raw=[7320600, 7139500, 7317100, 7271000, 7208300, 7276900, 7654400, 7141400, 7642900, 7266900, 7208800, 8481800, 7310800, 7197500, 7558300] bounds_raw=[385600, 385500, 374000, 373800, 373800, 375800, 439000, 513800, 377500, 374800, 370800, 368000, 374600, 368100, 394600] execute_raw=[6948300, 6924400, 6785500, 7050600, 6966900, 7012500, 6837600, 7134600, 7180600, 6805100, 6786700, 9252500, 7254800, 6820800, 7122400] combined_raw=[5300, 5100, 5100, 5200, 5200, 5200, 5100, 5300, 5300, 5400, 5200, 19400, 7300, 5300, 5500] cpp_raw=[4900, 4800, 4800, 4700, 4500, 4900, 4800, 4700, 4500, 4900, 4700, 5500, 4800, 4800, 5000] public_ns=7276900 bounds_ns=374800 execute_ns=6966900 combined_ns=5300 cpp_ns=4800 source=36662a215b68a60b result=bf1783c6025d513d
case op=copy-Pod w=256 h=128 layout=negative-source public_raw=[7491600, 7890600, 7463900, 7338600, 7647800, 7442800, 7389900, 7442100, 7422200, 7564200, 7609900, 7613700, 7512300, 7616800, 7501900] bounds_raw=[381100, 380700, 370800, 373200, 372900, 370100, 369200, 369400, 365300, 369500, 434900, 376100, 378700, 380100, 385800] execute_raw=[7140400, 7256700, 7579500, 7272700, 7238500, 7204000, 7127600, 7358300, 7270400, 7341700, 7274500, 7248000, 7138800, 7139400, 7182300] combined_raw=[10700, 20000, 15800, 10700, 13600, 12800, 11700, 14900, 29000, 13700, 13900, 12300, 13400, 10800, 14300] cpp_raw=[10900, 19500, 11000, 10600, 12900, 10700, 10600, 10900, 10600, 10800, 10600, 10700, 13300, 10900, 13200] public_ns=7501900 bounds_ns=373200 execute_ns=7248000 combined_ns=13600 cpp_ns=10900 source=7247388808cf2711 result=6d7da255f160ecf1
case op=convert-ubyte-float w=256 h=128 layout=negative-source public_raw=[39200400, 40167500, 39984100, 39146700, 39596300, 39373100, 39565600, 39549300, 39500200, 40409000, 39821600, 49781600, 39124000, 39366900, 39309600] bounds_raw=[393400, 390100, 387800, 387500, 439200, 387200, 386100, 401800, 387600, 409700, 392100, 446500, 395700, 387400, 387200] execute_raw=[38955000, 39345100, 39503400, 38639500, 38176000, 38986700, 38964100, 38993200, 39077200, 39144900, 44814800, 39795000, 38967300, 39058000, 38834900] combined_raw=[23000, 23500, 22900, 21800, 23200, 23100, 22200, 26800, 22400, 23400, 22900, 27000, 23000, 22000, 22400] cpp_raw=[4600, 4600, 4600, 4600, 4700, 4600, 4500, 4600, 4700, 4600, 4600, 4600, 4600, 4600, 5200] public_ns=39549300 bounds_ns=390100 execute_ns=38993200 combined_ns=23000 cpp_ns=4600 source=e5a18b0018a9faa5 result=8d94738f899eb13d
case op=copy-ubyte w=256 h=128 layout=negative-both public_raw=[7656100, 7605100, 7678400, 7739500, 7635200, 7605200, 7692100, 7606900, 7716800, 7656000, 7624900, 7619800, 7615900, 7707800, 7664000] bounds_raw=[402800, 417500, 402600, 406100, 412800, 402900, 414700, 402700, 410400, 407100, 459400, 409800, 455700, 402900, 410000] execute_raw=[7481300, 7270800, 7298300, 7202500, 7352800, 7264000, 7233900, 7187400, 7203100, 7234700, 7229300, 7195800, 7181100, 7190500, 7186800] combined_raw=[2500, 2300, 3200, 2500, 3000, 2900, 2500, 2800, 2200, 2700, 2500, 2400, 2600, 2300, 2500] cpp_raw=[1400, 1100, 1500, 1300, 1400, 1500, 1300, 1400, 1600, 1400, 1600, 1300, 1400, 1200, 1600] public_ns=7656000 bounds_ns=409800 execute_ns=7229300 combined_ns=2500 cpp_ns=1400 source=e5a18b0018a9faa5 result=d702cf3fb5e29e3d
case op=copy-float w=256 h=128 layout=negative-both public_raw=[7650800, 7681700, 7800600, 7855100, 7793500, 7766000, 7754900, 7683200, 7872500, 7803900, 7962400, 9297100, 8046200, 10670100, 8265900] bounds_raw=[388300, 401600, 507200, 396300, 410300, 396400, 399700, 396600, 390900, 396600, 407200, 462800, 506600, 434500, 408100] execute_raw=[7260900, 7335500, 7320800, 7498000, 7374500, 7385200, 7411000, 7405700, 7303300, 7497100, 7475800, 10878200, 7838700, 7800200, 7502100] combined_raw=[7800, 7100, 8300, 6300, 8700, 10700, 11000, 10200, 5300, 9100, 10100, 25100, 9100, 7600, 11800] cpp_raw=[5100, 5000, 5000, 5100, 5800, 5200, 5300, 5300, 5000, 5700, 5500, 15500, 5300, 5100, 7400] public_ns=7803900 bounds_ns=401600 execute_ns=7411000 combined_ns=9100 cpp_ns=5300 source=36662a215b68a60b result=bf1783c6025d513d
case op=copy-Pod w=256 h=128 layout=negative-both public_raw=[8052900, 8109900, 8207600, 8052300, 7964900, 7953900, 8044000, 9989000, 7935600, 7784400, 8062400, 8081500, 8505200, 7911600, 7815300] bounds_raw=[405600, 395500, 407300, 389300, 396100, 380000, 378500, 380400, 385200, 379800, 380300, 374500, 385800, 381100, 386000] execute_raw=[7535100, 7729400, 7521800, 7349100, 7219400, 7545500, 7474300, 9503100, 7312500, 7277100, 7314700, 7473700, 7328600, 7521600, 7415400] combined_raw=[14800, 13200, 15600, 12200, 16400, 22700, 10500, 22300, 10300, 10800, 23500, 10300, 24500, 10400, 13100] cpp_raw=[10500, 10400, 10400, 10700, 13600, 11500, 13700, 327100, 10200, 10700, 12500, 10000, 27500, 10200, 39300] public_ns=8052300 bounds_ns=385200 execute_ns=7473700 combined_ns=13200 cpp_ns=10700 source=7247388808cf2711 result=9cc58c133fed2cf1
case op=convert-ubyte-float w=256 h=128 layout=negative-both public_raw=[41805300, 40186100, 41172300, 42729800, 42377200, 40551400, 41032200, 45910400, 53053100, 41895900, 39338300, 38920700, 39592300, 39044900, 39743100] bounds_raw=[387300, 686100, 406600, 381500, 398000, 391000, 393400, 1150200, 388200, 580600, 387100, 397000, 381600, 426100, 377900] execute_raw=[41878100, 40570900, 39933500, 43007500, 41187300, 40267100, 39427000, 45858600, 43890300, 42370300, 38998400, 39023600, 39293600, 38787400, 42234300] combined_raw=[22900, 23100, 22800, 22000, 22900, 23100, 22800, 56800, 23900, 23300, 23600, 22400, 22600, 21200, 26500] cpp_raw=[8800, 5000, 4600, 4600, 4800, 4600, 4800, 9100, 4900, 9900, 4700, 4500, 4600, 4500, 4600] public_ns=41032200 bounds_ns=393400 execute_ns=40570900 combined_ns=22900 cpp_ns=4700 source=e5a18b0018a9faa5 result=8d94738f899eb13d
case op=copy-ubyte w=256 h=128 layout=universal public_raw=[8700500, 7962400, 7542400, 7871700, 7994500, 7823500, 8620500, 8954200, 7677200, 7731800, 8413200, 7827600, 7848000, 7652600, 7628000] bounds_raw=[605800, 468600, 410700, 403100, 407200, 406200, 410500, 409600, 411800, 408300, 403700, 402400, 414100, 408200, 406000] execute_raw=[7762400, 8965300, 8543900, 8293400, 8299600, 8591300, 7853700, 7683900, 8204900, 8013200, 7942500, 7580400, 8003200, 8052500, 8068100] combined_raw=[396600, 393400, 393500, 648100, 411800, 420500, 405100, 442400, 402500, 402800, 407200, 410800, 403000, 536700, 403100] cpp_raw=[87200, 90900, 87100, 229400, 89500, 369700, 89200, 90600, 94600, 89400, 385200, 89000, 89800, 89500, 89700] public_ns=7848000 bounds_ns=408300 execute_ns=8052500 combined_ns=405100 cpp_ns=89700 source=2ca74caf843b767b result=186aee41ab7388cf
case op=copy-float w=256 h=128 layout=universal public_raw=[7823500, 7730700, 7617600, 8125400, 7966200, 9168500, 7662500, 7626000, 7903500, 7879000, 7786000, 7555900, 7552100, 8031700, 7604600] bounds_raw=[557600, 386500, 393200, 387400, 393300, 444000, 392200, 395800, 387100, 387200, 395600, 392000, 439900, 387100, 383300] execute_raw=[7621100, 7890400, 7972700, 7637100, 14301900, 7939700, 7806800, 7788000, 7580900, 7592700, 7586400, 7926200, 7908500, 7985500, 7699100] combined_raw=[395000, 395600, 399000, 403400, 1014800, 395600, 569700, 417600, 400100, 397400, 405300, 400900, 411500, 545400, 424000] cpp_raw=[65700, 131500, 68000, 65700, 65600, 65800, 68000, 67400, 65600, 65600, 65700, 65800, 65500, 204400, 371800] public_ns=7786000 bounds_ns=392200 execute_ns=7806800 combined_ns=403400 cpp_ns=65800 source=2602f36fdf024e48 result=a35a34c9a114294f
case op=copy-Pod w=256 h=128 layout=universal public_raw=[7394900, 7782700, 7421700, 7404400, 7994100, 7561000, 8485600, 7414600, 7683800, 7807700, 8057600, 8293500, 7940000, 7989500, 8253100] bounds_raw=[446300, 372600, 374000, 369900, 375000, 373000, 370400, 379100, 380600, 379200, 378500, 383800, 452600, 545800, 381000] execute_raw=[7471700, 7559300, 7335400, 7823600, 7370200, 8160700, 7375900, 7427500, 7664300, 7974100, 7853200, 7894600, 8315800, 7424600, 8331400] combined_raw=[372700, 372400, 480600, 465700, 461100, 423800, 369600, 573200, 432400, 388400, 382600, 379600, 390600, 373900, 375600] cpp_raw=[66500, 63900, 348800, 70900, 65800, 77700, 63900, 80200, 81100, 68600, 65700, 65600, 64800, 66000, 63800] public_ns=7807700 bounds_ns=379100 execute_ns=7664300 combined_ns=388400 cpp_ns=66000 source=e9e6a4e830f5d812 result=65aae9126466d5ba
case op=convert-ubyte-float w=256 h=128 layout=universal public_raw=[22972300, 22775100, 23122700, 23125300, 22837500, 31932900, 26736500, 24387200, 23530900, 23606200, 23134500, 23161900, 22909600, 23122100, 22913400] bounds_raw=[378000, 377000, 377800, 393200, 377900, 1096000, 666800, 393100, 387100, 393500, 387300, 386300, 377600, 384000, 380200] execute_raw=[29247100, 23265600, 22933900, 23255500, 23621200, 29258600, 26907600, 25358500, 24651300, 23515000, 23216300, 22988600, 22712000, 23335600, 23023900] combined_raw=[378100, 399300, 473300, 381100, 378100, 409500, 387900, 387400, 389500, 387100, 387700, 386900, 378200, 383600, 377900] cpp_raw=[18800, 18900, 19300, 18600, 19400, 49400, 19500, 19200, 19100, 22200, 19100, 19100, 18700, 18600, 19300] public_ns=23125300 bounds_ns=386300 execute_ns=23335600 combined_ns=387100 cpp_ns=19100 source=2ca74caf843b767b result=9981b35893e1a94f
case op=copy-ubyte w=256 h=128 layout=universal-negative public_raw=[7661000, 7747900, 7548200, 7331500, 7639100, 7349900, 7963500, 8215900, 9522500, 7443200, 7586900, 8871700, 7513200, 7918200, 8073700] bounds_raw=[522500, 448600, 404000, 392700, 392900, 392800, 400700, 393100, 394500, 439400, 402500, 458000, 406500, 402700, 402800] execute_raw=[7768700, 7644000, 7632200, 7600700, 7651900, 7686800, 7352000, 7391400, 7668300, 8801000, 7660800, 8270500, 8025400, 7510100, 7516600] combined_raw=[488600, 392500, 392700, 400300, 676100, 694700, 400300, 403300, 402700, 427800, 410100, 455100, 410800, 406900, 432700] cpp_raw=[104300, 89800, 87000, 87000, 87000, 87100, 87000, 87100, 87000, 90300, 89100, 87400, 89200, 89200, 89200] public_ns=7661000 bounds_ns=402700 execute_ns=7651900 combined_ns=410100 cpp_ns=87400 source=aee6fc6fec93767b result=e78d431e19cc88cf
case op=copy-float w=256 h=128 layout=universal-negative public_raw=[7564400, 8162500, 8109100, 7827000, 9503700, 8163500, 9009400, 9107200, 10886500, 18645600, 8466800, 8283500, 9266500, 8721600, 8318800] bounds_raw=[383400, 377100, 383400, 403800, 418100, 536000, 927900, 395700, 502900, 540900, 426700, 504500, 582800, 458600, 423700] execute_raw=[7966400, 7385200, 8326600, 7885300, 8599500, 9361500, 11092800, 10244100, 11610500, 9543000, 8377900, 9164500, 9203400, 8430700, 7952000] combined_raw=[391300, 387900, 524700, 390600, 522400, 707200, 595100, 430200, 397600, 433500, 610400, 411700, 401100, 522200, 405700] cpp_raw=[63900, 63800, 224200, 63900, 118900, 247900, 112900, 527500, 121700, 105100, 119700, 184600, 162100, 244200, 74100] public_ns=8466800 bounds_ns=426700 execute_ns=8599500 combined_ns=430200 cpp_ns=119700 source=a257b6291ff8ce48 result=6438f003893e294f
case op=copy-Pod w=256 h=128 layout=universal-negative public_raw=[7749600, 7458200, 7319300, 7458700, 7491500, 7469700, 7458600, 7487100, 7627400, 7534200, 7420300, 8017900, 7519900, 7478100, 7475700] bounds_raw=[390900, 370400, 372100, 368700, 392000, 383200, 370100, 379500, 375800, 371600, 389900, 370200, 381700, 379900, 382600] execute_raw=[7990000, 7778800, 7289800, 7565600, 7528500, 7436600, 7453000, 7489100, 7453900, 7475600, 7483600, 7729800, 8323500, 7468100, 7463000] combined_raw=[394600, 372200, 373300, 370200, 374700, 438100, 376900, 371800, 439400, 371100, 381600, 424800, 373400, 379400, 379700] cpp_raw=[71700, 67600, 72200, 66400, 70000, 67600, 67900, 69600, 66200, 69300, 68200, 110300, 68200, 68800, 73100] public_ns=7478100 bounds_ns=379500 execute_ns=7483600 combined_ns=376900 cpp_ns=68800 source=9d3846764beed812 result=da53e1b7f4d855ba
case op=convert-ubyte-float w=256 h=128 layout=universal-negative public_raw=[26158800, 25301900, 25323200, 27627400, 25326800, 25518500, 25203200, 26503900, 25390300, 25404000, 27343100, 25177600, 25642300, 26520900, 25563600] bounds_raw=[378600, 377200, 378600, 387400, 433000, 391400, 435100, 389700, 391600, 392100, 382000, 390000, 427800, 387400, 387500] execute_raw=[26173000, 25360200, 25423500, 25719000, 25624500, 25701500, 34464200, 25378300, 25491300, 25897200, 25128900, 25354300, 25544700, 25147800, 25547400] combined_raw=[378600, 409400, 378500, 406100, 432500, 387700, 391500, 402500, 392700, 382900, 392100, 387700, 387900, 433300, 392700] cpp_raw=[18700, 19100, 18700, 19600, 32900, 19300, 19500, 19300, 19300, 19500, 19400, 19100, 19300, 19700, 19500] public_ns=25518500 bounds_ns=389700 execute_ns=25544700 combined_ns=392100 cpp_ns=19300 source=aee6fc6fec93767b result=b595bddcda97a94f
case op=copy-ubyte w=256 h=128 layout=repeated-source public_raw=[7389300, 7636900, 7571400, 7524000, 7567000, 7618700, 7751300, 7524500, 7604200, 7690100, 7663900, 7590600, 7620700, 7692000, 7578800] bounds_raw=[412200, 413400, 402600, 402600, 398100, 403000, 400500, 407000, 393700, 429500, 393100, 392900, 392800, 399700, 396700] execute_raw=[7182900, 7099700, 7199600, 7104600, 7174500, 7335200, 7102700, 7176900, 7129300, 7150500, 7311800, 7213600, 7398100, 7118300, 7142800] combined_raw=[2300, 2200, 3100, 1900, 2600, 26900, 2300, 2900, 2200, 2300, 2500, 2700, 2700, 1800, 2400] cpp_raw=[1400, 1300, 1400, 1300, 1400, 1300, 1400, 1400, 1300, 1500, 1400, 1300, 1300, 1300, 1600] public_ns=7604200 bounds_ns=400500 execute_ns=7174500 combined_ns=2400 cpp_ns=1400 source=b801a0f8ceb910a5 result=d702cf3fb5e29e3d
case op=copy-float w=256 h=128 layout=repeated-source public_raw=[7497600, 7529700, 7621900, 7541300, 7618600, 8384700, 8544100, 7815200, 7582600, 7578500, 7783300, 7782100, 7765800, 8060000, 7557100] bounds_raw=[392700, 386200, 383700, 393100, 391700, 383900, 507500, 398700, 392400, 397100, 389400, 399900, 453600, 399300, 385900] execute_raw=[7108200, 7225400, 7243600, 7201800, 8078700, 7799100, 7797600, 7332700, 7446300, 7432600, 7471100, 7192100, 7572000, 7410800, 10747100] combined_raw=[4400, 4200, 4500, 3700, 5200, 5300, 28100, 4300, 3900, 4400, 4300, 3800, 4400, 5200, 5500] cpp_raw=[5000, 5000, 5100, 4800, 5200, 5300, 5000, 3100, 5400, 5000, 5100, 5000, 3000, 5700, 5000] public_ns=7621900 bounds_ns=392700 execute_ns=7432600 combined_ns=4400 cpp_ns=5000 source=2ab4dac9ab1576eb result=bf1783c6025d513d
case op=copy-Pod w=256 h=128 layout=repeated-source public_raw=[7789700, 7657100, 7783800, 7512800, 7607200, 7552300, 7451100, 7504900, 7326700, 7557100, 7539000, 7335700, 7432000, 7334000, 7322700] bounds_raw=[370400, 369500, 369800, 380600, 369900, 375200, 541600, 372700, 464800, 376800, 369600, 369300, 438100, 369300, 375400] execute_raw=[7084400, 7267200, 6964500, 7272200, 6992000, 6969800, 7418600, 7268900, 7287600, 7271700, 6972700, 7273800, 7110300, 7479800, 7308600] combined_raw=[7100, 6700, 6900, 6700, 6800, 6600, 6700, 7000, 6600, 9600, 6600, 7300, 7000, 6600, 7100] cpp_raw=[9400, 9200, 9300, 9200, 11800, 9300, 9200, 9200, 9300, 9200, 9200, 9200, 9200, 9200, 9200] public_ns=7512800 bounds_ns=372700 execute_ns=7268900 combined_ns=6800 cpp_ns=9200 source=eeeb850fb0e39951 result=fb16e77c4b15ecf1
case op=convert-ubyte-float w=256 h=128 layout=repeated-source public_raw=[39518800, 40318600, 39445800, 39573900, 39926800, 39387800, 53236000, 42696800, 45264500, 41832300, 40968900, 41484100, 41301700, 40940200, 43367300] bounds_raw=[377700, 376900, 390900, 386800, 386800, 391200, 386100, 396600, 541500, 387000, 386900, 391500, 387000, 472600, 557500] execute_raw=[38415300, 40215600, 39184900, 39440300, 39415600, 39594300, 56082400, 50617600, 42911100, 41344800, 41196300, 40696400, 45494200, 42066300, 40816300] combined_raw=[22100, 58100, 22700, 21700, 22700, 23200, 50700, 25400, 22200, 23200, 24100, 23100, 25600, 21900, 22600] cpp_raw=[4200, 28200, 4400, 4300, 4400, 4400, 6600, 4600, 4400, 4700, 4300, 4300, 5800, 4300, 5300] public_ns=40968900 bounds_ns=387000 execute_ns=40816300 combined_ns=23100 cpp_ns=4400 source=b801a0f8ceb910a5 result=8d94738f899eb13d
case op=copy-ubyte w=256 h=128 layout=zero-source public_raw=[2257300, 2389600, 2255200, 2418400, 2230800, 2272700, 2264400, 2654900, 2388900, 2268300, 2198500, 2452000, 2726200, 2340400, 2154700] bounds_raw=[418800, 409400, 402900, 409000, 435400, 448000, 426200, 408200, 405000, 406300, 405800, 496100, 405200, 426700, 450500] execute_raw=[2409100, 2178400, 2256800, 2136500, 2375000, 2203400, 2254500, 2639400, 2206800, 2345400, 2175700, 2167800, 2141400, 2199900, 2162500] combined_raw=[410600, 405900, 408500, 484100, 418300, 402900, 402000, 484700, 468000, 447900, 454600, 402500, 410000, 479300, 407100] cpp_raw=[89100, 89500, 89200, 89000, 88900, 89000, 89000, 156200, 90400, 89000, 90700, 89400, 89100, 110000, 89200] public_ns=2272700 bounds_ns=409400 execute_ns=2203400 combined_ns=410600 cpp_ns=89200 source=ea3b47c803d61b61 result=805f2b0ca3e19e3d
case op=copy-float w=256 h=128 layout=zero-source public_raw=[2092600, 2353800, 2244400, 2133100, 2272200, 2211600, 2428100, 2251200, 2248100, 2630500, 2164800, 2457600, 2225000, 2274100, 2516500] bounds_raw=[392100, 394400, 388700, 540400, 395600, 622600, 769300, 393400, 404700, 491900, 416400, 397500, 399300, 399200, 412200] execute_raw=[2431100, 2440800, 2623800, 2376700, 2176700, 3398500, 3463800, 2331200, 2104100, 2383700, 2254000, 2119000, 2382500, 2184100, 2336400] combined_raw=[483500, 396400, 398800, 401200, 405300, 764800, 469500, 412000, 482300, 404100, 498000, 448700, 395500, 400800, 427700] cpp_raw=[65400, 65300, 65100, 65400, 65700, 118400, 65400, 98800, 65100, 66200, 66000, 236000, 65600, 66700, 65000] public_ns=2251200 bounds_ns=399300 execute_ns=2376700 combined_ns=412000 cpp_ns=65600 source=3ee659a586185a17 result=d3a2f65955b6b13d
case op=copy-Pod w=256 h=128 layout=zero-source public_raw=[2275700, 2707300, 5194000, 2238000, 2205400, 2158400, 2145400, 2221100, 2086400, 2267900, 2106300, 2089600, 2156700, 2094400, 2111500] bounds_raw=[375900, 443900, 424000, 416600, 393500, 430900, 381900, 393200, 378300, 383100, 421500, 395400, 380400, 378000, 385200] execute_raw=[2746500, 2280800, 5429300, 2454800, 2123400, 2204900, 2134800, 2512600, 2366400, 2130500, 2348900, 2087900, 2306700, 2157300, 2101000] combined_raw=[389500, 454500, 381400, 385800, 384600, 389200, 378700, 389500, 378700, 392600, 407800, 378200, 389600, 381400, 381700] cpp_raw=[66400, 88200, 66100, 65800, 90800, 66500, 65300, 67200, 65800, 65800, 65600, 65400, 65500, 65300, 65600] public_ns=2158400 bounds_ns=393200 execute_ns=2280800 combined_ns=385800 cpp_ns=65800 source=52489578602bbe06 result=ef186d4d74d56cf1
case op=convert-ubyte-float w=256 h=128 layout=zero-source public_raw=[6271500, 6566700, 6269600, 6621200, 6530500, 6830800, 6561400, 6624100, 6499600, 6521100, 6647900, 6404700, 6494200, 6492200, 6521500] bounds_raw=[386200, 420400, 389600, 434400, 398900, 493300, 392200, 408600, 386900, 386600, 386600, 388700, 388500, 415700, 443900] execute_raw=[6413400, 6312000, 6688200, 6270200, 6371900, 6744300, 6381600, 6405800, 6434400, 6266200, 6264700, 6375000, 6699200, 6613900, 6682900] combined_raw=[396400, 389200, 389600, 387400, 388500, 387400, 391800, 386700, 387900, 390000, 386100, 405200, 404900, 377000, 389800] cpp_raw=[18900, 18900, 19000, 19400, 19000, 19200, 25300, 19000, 19900, 19300, 19100, 19100, 19100, 18500, 20700] public_ns=6521500 bounds_ns=392200 execute_ns=6405800 combined_ns=389200 cpp_ns=19100 source=ea3b47c803d61b61 result=fb8549580c3ab13d
case op=copy-ubyte w=2048 h=512 layout=contiguous public_raw=[49700, 91600, 39800, 36800, 34900, 40100, 68200, 37600, 35000, 44800, 87400, 33100, 128500, 74000, 179100] bounds_raw=[80700, 126900, 124800, 43300, 33900, 35000, 45200, 53700, 35100, 36600, 60700, 75200, 52600, 37600, 56700] execute_raw=[65500, 45300, 140100, 65300, 36900, 33800, 35600, 54000, 36700, 34900, 39900, 66800, 97300, 36200, 39800] combined_raw=[47000, 36600, 54200, 193100, 65800, 35500, 33800, 35900, 58200, 34200, 35000, 39400, 72600, 196600, 39900] cpp_raw=[129800, 48300, 42600, 66400, 43800, 74500, 42400, 42200, 44600, 73600, 41300, 41000, 100100, 259700, 166800] public_ns=44800 bounds_ns=52600 execute_ns=39900 combined_ns=39900 cpp_ns=48300 source=2330a0f18d4d82a5 result=80d2fb93a399d2bd
case op=copy-float w=2048 h=512 layout=contiguous public_raw=[223700, 392300, 277200, 787300, 539400, 533800, 211600, 209900, 215000, 220900, 676700, 836800, 914700, 373400, 1191600] bounds_raw=[636700, 409100, 1013100, 286900, 264000, 242700, 227800, 209600, 214000, 439300, 299200, 225000, 1962000, 1210600, 361600] execute_raw=[261900, 444800, 203800, 222700, 232400, 227700, 212200, 212100, 1068800, 847800, 265200, 318400, 1606400, 913300, 703500] combined_raw=[234500, 492500, 1155000, 736500, 216800, 234800, 249600, 258900, 262400, 333500, 581600, 475900, 1066100, 364200, 415300] cpp_raw=[262600, 1022300, 1409000, 256200, 211000, 480900, 450500, 443400, 412500, 411400, 388600, 862700, 1683500, 1692900, 389500] public_ns=392300 bounds_ns=299200 execute_ns=265200 combined_ns=364200 cpp_ns=443400 source=13b5de7322d2f7ab result=d89816c09b0f4fbd
case op=copy-Pod w=2048 h=512 layout=contiguous public_raw=[721200, 1373800, 1350500, 755000, 855800, 2343000, 857100, 1666200, 775800, 723400, 2068100, 754300, 716200, 810900, 712200] bounds_raw=[716900, 730900, 752700, 803800, 785400, 2152400, 1464500, 911500, 882800, 813800, 801700, 701000, 723100, 685900, 709500] execute_raw=[716000, 1257700, 1835900, 901500, 814100, 1730700, 1339600, 1383200, 836200, 757100, 729000, 715200, 698600, 798500, 699600] combined_raw=[715200, 1491900, 1382900, 856500, 809200, 1097900, 1696300, 786100, 829300, 789700, 726800, 791400, 709400, 718700, 703700] cpp_raw=[795400, 1092900, 1696700, 865200, 902700, 2677100, 912900, 850200, 903200, 748800, 919500, 713500, 665500, 728700, 733600] public_ns=810900 bounds_ns=785400 execute_ns=814100 combined_ns=791400 cpp_ns=865200 source=d8cd6555f4166151 result=59e0883c487093b1
case op=convert-ubyte-float w=2048 h=512 layout=contiguous public_raw=[4531600, 4527000, 4417800, 4417600, 5120100, 4425800, 4644200, 4525400, 4521200, 4640000, 4418200, 4462000, 4723700, 4521100, 4713900] bounds_raw=[4626300, 4613700, 4581700, 4421300, 4454100, 4417800, 4523200, 4525200, 4613300, 4418600, 4621000, 4815300, 4526300, 4717700, 4531600] execute_raw=[836700, 757700, 761200, 744500, 951500, 759100, 766500, 761100, 761200, 744400, 745000, 773300, 750700, 761200, 761400] combined_raw=[1012000, 1010800, 987100, 988100, 1016100, 1015800, 1019500, 1010000, 1019000, 987500, 989700, 1177300, 990800, 1010400, 1015300] cpp_raw=[152000, 149200, 198200, 146900, 149300, 152100, 153500, 150100, 149900, 150400, 145900, 280500, 146900, 160600, 152300] public_ns=4525400 bounds_ns=4531600 execute_ns=761200 combined_ns=1010800 cpp_ns=150400 source=2330a0f18d4d82a5 result=8830660fbe034fbd
case op=copy-ubyte w=2048 h=512 layout=padded public_raw=[125283100, 131024300, 129411600, 135608900, 129461900, 127130800, 222704900, 213090700, 213919700, 204212800, 214643500, 214006700, 203337200, 217070900, 213860400] bounds_raw=[13690100, 12517700, 12841200, 12758100, 13273400, 12829100, 18703300, 21082900, 21302700, 20328900, 21078800, 21131000, 19740600, 21019800, 21201600] execute_raw=[112061100, 113333100, 118232000, 112227800, 118742500, 154269000, 186862500, 192686000, 200712000, 186848100, 191362500, 199776700, 190450300, 191677500, 176515600] combined_raw=[40200, 43300, 90100, 38500, 82800, 65200, 70800, 86700, 84500, 88900, 75100, 69000, 70600, 67500, 63900] cpp_raw=[41400, 41900, 373100, 41800, 42100, 86700, 80100, 78300, 70300, 74300, 79900, 73600, 71600, 63600, 86200] public_ns=204212800 bounds_ns=19740600 execute_ns=186848100 combined_ns=70600 cpp_ns=73600 source=ae83cf5b1e4efaa5 result=824b457e72415e3d
case op=copy-float w=2048 h=512 layout=padded public_raw=[127655700, 136223400, 136359500, 131498700, 131724100, 128791000, 133799400, 130866900, 130752000, 139600100, 149502600, 131909400, 138297300, 130810300, 130106300] bounds_raw=[12888500, 12847000, 14419500, 13247000, 13134400, 13107400, 13931000, 13248400, 13205100, 12836300, 15740600, 14162400, 12979500, 12933600, 13109100] execute_raw=[116418000, 122094600, 129098300, 120911300, 118000600, 131734900, 122112700, 119877000, 119380900, 116911700, 139561800, 124228200, 121092000, 118224300, 120466000] combined_raw=[708200, 922900, 738200, 374300, 429500, 1421000, 1464200, 676500, 433800, 976600, 859100, 527600, 317300, 333200, 308000] cpp_raw=[1021800, 1473100, 1163800, 1001500, 406700, 609100, 644700, 513300, 681900, 666000, 1278000, 574900, 377100, 570000, 578500] public_ns=131724100 bounds_ns=13134400 execute_ns=120911300 combined_ns=676500 cpp_ns=644700 source=f707132824e3b60b result=7e1f3007cb46713d
case op=copy-Pod w=2048 h=512 layout=padded public_raw=[133123300, 132306600, 130872400, 139743400, 132555000, 133048300, 128285900, 128005000, 125418600, 126640400, 128526800, 128553600, 128477300, 130846300, 126347100] bounds_raw=[12647200, 17017400, 12224700, 12456800, 12490700, 11906500, 12565900, 12055100, 12254900, 12189000, 12305900, 11973700, 12358500, 12077700, 12357900] execute_raw=[127085300, 124147400, 119814500, 120257600, 122745900, 133184100, 117093100, 117813300, 115552900, 117080600, 126138000, 118346300, 117469300, 114628600, 115967900] combined_raw=[2191500, 1451600, 909400, 1248100, 886800, 804700, 840600, 1415300, 762100, 978600, 1004700, 999700, 1366800, 1320000, 839600] cpp_raw=[2031600, 926800, 819900, 931400, 917200, 793800, 791600, 779700, 722600, 750000, 1452200, 861400, 896600, 868000, 709600] public_ns=128553600 bounds_ns=12305900 execute_ns=118346300 combined_ns=999700 cpp_ns=861400 source=e31314711d294711 result=cd84131d95f48cf1
case op=convert-ubyte-float w=2048 h=512 layout=padded public_raw=[647684200, 679997400, 639062400, 666960200, 626915400, 624069200, 623392200, 620594900, 621283500, 619276700, 612151300, 642502400, 626374500, 643161500, 623164100] bounds_raw=[12192700, 12175600, 12164600, 12551500, 12064800, 12145700, 12066600, 11919500, 11912100, 11990000, 12308300, 11821800, 11787200, 12531200, 12198800] execute_raw=[613627000, 631668100, 638840200, 631435200, 620419800, 615192200, 605458500, 603409600, 597598300, 610396600, 607255100, 598014600, 610670200, 627652600, 631827000] combined_raw=[640900, 728700, 614700, 700700, 646800, 644500, 629200, 627200, 682100, 629900, 642200, 629100, 648400, 611500, 657400] cpp_raw=[158200, 157500, 161400, 155600, 158700, 158000, 156000, 155800, 151400, 159500, 161500, 156300, 161900, 155500, 158900] public_ns=626374500 bounds_ns=12145700 execute_ns=613627000 combined_ns=642200 cpp_ns=158000 source=ae83cf5b1e4efaa5 result=a6f0b1d68eba713d
case op=copy-ubyte w=2048 h=512 layout=negative-source public_raw=[142963100, 131599800, 128299100, 124378000, 136702500, 128776000, 129041900, 146831100, 131333600, 133477800, 131594300, 128459100, 130328400, 128497600, 131301700] bounds_raw=[12998200, 13016200, 12465700, 12490700, 12646900, 12772200, 12609700, 13960000, 13208700, 15020000, 13270400, 13113400, 13329900, 13108100, 13123000] execute_raw=[112941700, 113988200, 114864400, 110203300, 111601100, 112384900, 111111100, 114471700, 117102700, 119870800, 118431000, 126198400, 116663900, 119779000, 115670200] combined_raw=[80700, 57100, 71500, 41600, 41600, 59400, 53100, 91200, 168200, 95200, 58900, 59200, 59000, 67500, 62100] cpp_raw=[39900, 40700, 46400, 40000, 49700, 40400, 39700, 141400, 97400, 88800, 44000, 60500, 49200, 50200, 54100] public_ns=131301700 bounds_ns=13108100 execute_ns=114864400 combined_ns=59400 cpp_ns=49200 source=ae83cf5b1e4efaa5 result=824b457e72415e3d
case op=copy-float w=2048 h=512 layout=negative-source public_raw=[127709600, 127104400, 128564300, 128556900, 127950400, 137291300, 128949800, 128740700, 128186200, 129813900, 128940300, 131678500, 136219300, 135718500, 135842400] bounds_raw=[12933200, 12605400, 12983000, 12868600, 12955500, 12927500, 12869600, 12853900, 12839100, 12982000, 12846600, 12969200, 14534100, 14800400, 14368400] execute_raw=[118183700, 125816000, 117622500, 116674900, 116783200, 117235300, 118088600, 116952600, 125089900, 117551600, 117687500, 118513400, 130952400, 123343200, 127671400] combined_raw=[284300, 327000, 384300, 331700, 392100, 363800, 420200, 275700, 387800, 317500, 359200, 673900, 1375300, 644000, 1061000] cpp_raw=[279200, 341300, 325800, 368300, 330100, 379400, 387700, 375200, 336800, 299400, 315100, 387900, 793100, 2577600, 553100] public_ns=128940300 bounds_ns=12933200 execute_ns=118088600 combined_ns=384300 cpp_ns=368300 source=f707132824e3b60b result=7e1f3007cb46713d
case op=copy-Pod w=2048 h=512 layout=negative-source public_raw=[128329500, 129179100, 128399200, 128626600, 129098800, 132856100, 147987500, 148129700, 133989200, 132452700, 137717600, 130756400, 128577800, 128624600, 129174100] bounds_raw=[12425500, 12244900, 12380400, 12559500, 12484600, 13049600, 13250200, 12820800, 13056300, 12636900, 12601300, 12180400, 12245300, 12258400, 12432300] execute_raw=[126101800, 117008200, 117395100, 117273700, 118747400, 136974800, 119247800, 170102100, 118268700, 120425200, 119020900, 114592400, 115482000, 116757700, 128303300] combined_raw=[876800, 1070700, 1508900, 1929400, 946200, 1448000, 1449300, 1338100, 975800, 2707600, 906500, 1074100, 881600, 992200, 1014100] cpp_raw=[829400, 854800, 788000, 817300, 1432400, 1260200, 2102300, 1193700, 922400, 876900, 979600, 804000, 853700, 1129900, 930100] public_ns=129179100 bounds_ns=12484600 execute_ns=118747400 combined_ns=1070700 cpp_ns=922400 source=a98d88b93a2d4711 result=cd84131d95f48cf1
case op=convert-ubyte-float w=2048 h=512 layout=negative-source public_raw=[651805400, 698801600, 676921900, 653580500, 686287500, 675417000, 689351200, 676955200, 673084800, 651215800, 646999700, 639158900, 640408300, 642824900, 649458000] bounds_raw=[12763900, 13215700, 12980900, 12336200, 14984500, 12907600, 21522200, 12557900, 13384800, 13227400, 12294400, 12285900, 12529400, 12995300, 12708500] execute_raw=[648047500, 682263600, 688460200, 638242000, 675089700, 659014600, 642792700, 678130900, 657589600, 685065800, 622328800, 628031800, 621069400, 635362700, 634814300] combined_raw=[872700, 685000, 1554000, 751900, 694900, 675400, 735000, 678000, 899100, 664600, 693300, 724300, 661600, 695500, 714500] cpp_raw=[340300, 930500, 1162500, 184500, 202500, 220200, 308200, 555100, 261000, 634500, 230000, 251200, 192000, 214700, 314700] public_ns=653580500 bounds_ns=12907600 execute_ns=648047500 combined_ns=695500 cpp_ns=261000 source=ae83cf5b1e4efaa5 result=a6f0b1d68eba713d
case op=copy-ubyte w=2048 h=512 layout=negative-both public_raw=[130096100, 130785300, 130109000, 130023400, 129828600, 132024400, 131518800, 133888800, 132735200, 137741100, 131921500, 132044900, 132700700, 140728400, 134413200] bounds_raw=[13284400, 15482900, 13192300, 13456200, 13214900, 14080800, 13124600, 13499600, 13491000, 13373800, 13286600, 13404000, 13360600, 13306700, 13270000] execute_raw=[116987300, 117044000, 126279100, 116237300, 119268200, 127822500, 118239700, 117397800, 119454100, 118958100, 119051700, 118291800, 118176100, 118134500, 119408000] combined_raw=[88000, 82500, 79300, 83700, 94800, 81000, 100700, 85100, 92900, 82800, 87500, 71400, 75800, 72000, 67700] cpp_raw=[102100, 77300, 64000, 55800, 80800, 64300, 82800, 73600, 78600, 113100, 45800, 63800, 62900, 60100, 89000] public_ns=132024400 bounds_ns=13360600 execute_ns=118291800 combined_ns=82800 cpp_ns=73600 source=ae83cf5b1e4efaa5 result=824b457e72415e3d
case op=copy-float w=2048 h=512 layout=negative-both public_raw=[129410900, 130911000, 140106200, 131838600, 130675400, 130380800, 132106600, 131657300, 131260800, 134033800, 133620300, 132337700, 132436300, 142126700, 135519200] bounds_raw=[13059300, 12993200, 12495600, 13099700, 12958400, 12952000, 12923600, 13048300, 13056700, 13213400, 13459300, 13335400, 13244900, 13198300, 14012600] execute_raw=[119251100, 118770100, 118302400, 119125300, 118100300, 118521100, 128034100, 120058200, 117656500, 119269900, 139462800, 120100000, 120178600, 120644300, 124485800] combined_raw=[314900, 407400, 302400, 392700, 361900, 312000, 347800, 313000, 372400, 1308500, 449500, 455200, 459500, 508100, 517900] cpp_raw=[315500, 396300, 374100, 382000, 441800, 337800, 455900, 418300, 381100, 339100, 633300, 565400, 530300, 562800, 499400] public_ns=132106600 bounds_ns=13059300 execute_ns=119269900 combined_ns=392700 cpp_ns=418300 source=f707132824e3b60b result=7e1f3007cb46713d
case op=copy-Pod w=2048 h=512 layout=negative-both public_raw=[135630600, 126191100, 127978500, 133209200, 137103000, 137918300, 137837500, 132527100, 130076900, 126798500, 126787400, 129736500, 125212200, 125141300, 126449700] bounds_raw=[13200100, 12372500, 12288700, 13042200, 13166000, 13107800, 13073200, 13116700, 18550700, 12282700, 12198500, 21082500, 12035800, 11818300, 11916800] execute_raw=[123638700, 118636700, 116739300, 134145500, 124484200, 124657900, 133609100, 120620200, 115422200, 116153100, 112573700, 114410600, 113599400, 114326800, 113077700] combined_raw=[966500, 904800, 1119100, 1431700, 971700, 1091000, 958000, 969100, 1148200, 880500, 638900, 751100, 794800, 640100, 640300] cpp_raw=[844600, 735100, 770700, 703100, 878700, 866100, 824600, 903400, 769600, 623100, 1092200, 604800, 753900, 633800, 607700] public_ns=129736500 bounds_ns=13042200 execute_ns=116739300 combined_ns=958000 cpp_ns=769600 source=a98d88b93a2d4711 result=35d2d67477ff8cf1
case op=convert-ubyte-float w=2048 h=512 layout=negative-both public_raw=[621727300, 620824400, 616769500, 627017200, 616951500, 614007100, 612279100, 628821900, 609532700, 610613600, 643161500, 654876700, 646223400, 636280400, 671850500] bounds_raw=[14196900, 12125100, 12013300, 11902700, 12011300, 11801200, 13257000, 12106400, 11827700, 11929900, 12542700, 12076500, 12830500, 12438800, 14406900] execute_raw=[628163900, 618064600, 615456500, 614805600, 614448100, 614045200, 611163000, 607802300, 610230000, 618694200, 626452300, 627542400, 617727600, 619663300, 651357700] combined_raw=[655100, 649600, 659500, 746100, 673700, 670100, 732500, 663400, 693500, 689100, 663600, 771900, 716600, 669400, 693600] cpp_raw=[179600, 182300, 184400, 306200, 201200, 191600, 183200, 192400, 170000, 260700, 191100, 212100, 684300, 197900, 190800] public_ns=621727300 bounds_ns=12106400 execute_ns=617727600 combined_ns=673700 cpp_ns=191600 source=ae83cf5b1e4efaa5 result=a6f0b1d68eba713d
case op=copy-ubyte w=2048 h=512 layout=universal public_raw=[123325300, 128707500, 128120700, 127140000, 132231300, 123401000, 127693200, 129631000, 129982300, 138373600, 130799800, 132697000, 131216600, 132395200, 132748500] bounds_raw=[12425500, 13062200, 13185100, 12910700, 12407200, 12415400, 15068000, 13597000, 12935300, 13683800, 13592100, 13643900, 13638300, 13554000, 13070800] execute_raw=[129322200, 129422100, 128410600, 125284700, 123093000, 122993400, 131736000, 127400000, 129094700, 132823000, 146184500, 135016000, 131793000, 140772100, 130925600] combined_raw=[13240400, 12900400, 13202800, 13128100, 12800800, 13840500, 13016800, 13095800, 13266600, 13514900, 13550700, 13464900, 13575000, 13101400, 14199900] cpp_raw=[2773900, 3006300, 3403700, 3053600, 2706200, 2840200, 2850500, 6848900, 2993300, 2878400, 3189100, 2915800, 3388900, 3129100, 3507800] public_ns=129982300 bounds_ns=13185100 execute_ns=129422100 combined_ns=13240400 cpp_ns=3006300 source=546dc88cf162767b result=b53972f2ee1fc8cf
case op=copy-float w=2048 h=512 layout=universal public_raw=[130322700, 134551600, 130176200, 129020800, 128583600, 129490100, 128098900, 129455400, 130347800, 134023500, 134146100, 137207100, 132627700, 134610400, 134269800] bounds_raw=[13312000, 13221100, 12922600, 12934400, 12917000, 12845900, 13047400, 12992500, 15701600, 13350800, 13288900, 13397200, 13236900, 13350400, 13377400] execute_raw=[131379700, 133222400, 138372100, 129196200, 128440700, 128220300, 130291400, 128175000, 128839000, 133249800, 133778000, 133691000, 133525300, 133289900, 141928800] combined_raw=[13310800, 13359300, 13070900, 13215000, 13090300, 13976600, 12981100, 13135100, 13069800, 13660900, 13572200, 13303700, 13302900, 13473400, 13247000] cpp_raw=[2630800, 2541400, 2262600, 2457400, 2272400, 2316300, 2270500, 2287200, 2314700, 2359400, 2310900, 2372800, 2406800, 2337700, 2329200] public_ns=130347800 bounds_ns=13236900 execute_ns=133222400 combined_ns=13302900 cpp_ns=2329200 source=4f1036148aacde48 result=1d8ea0b52256e94f
case op=copy-Pod w=2048 h=512 layout=universal public_raw=[129609800, 130277000, 142876700, 133987700, 142937800, 133578400, 144693500, 132904100, 133244100, 140149700, 133130400, 135630300, 132883100, 132966000, 133240300] bounds_raw=[12371300, 12288400, 13157800, 13296900, 13216400, 13017800, 13126100, 13184600, 13108200, 13525400, 13141800, 13373400, 13170500, 13167800, 13232100] execute_raw=[127561500, 128581300, 133044600, 133416000, 132972700, 133119300, 133318700, 173322800, 133030100, 136729400, 133213100, 136317200, 133700000, 133564900, 132573200] combined_raw=[13142300, 12412600, 13243600, 13392800, 13191200, 13121800, 13160900, 13101600, 13121100, 13345600, 13066600, 13465000, 13222700, 13121500, 12538300] cpp_raw=[2511400, 2496100, 2643700, 2638800, 2780400, 2745900, 2788600, 2633100, 2647700, 2617800, 2755100, 2689200, 2614200, 2603800, 6598700] public_ns=133244100 bounds_ns=13167800 execute_ns=133213100 combined_ns=13142300 cpp_ns=2643700 source=196bf4d6cf5eb812 result=fc9731c7256835ba
case op=convert-ubyte-float w=2048 h=512 layout=universal public_raw=[390665000, 363525800, 362358900, 370137400, 361943800, 361752700, 359404200, 365792600, 360374900, 368602400, 371071900, 382616600, 371322700, 367979900, 369077900] bounds_raw=[12593900, 12090400, 12036500, 12119500, 12201500, 11916500, 23065100, 12257000, 12110600, 12628100, 12687200, 12583100, 12493200, 12390800, 12299100] execute_raw=[375158300, 361750300, 371039400, 359576700, 368114400, 360179000, 373082400, 369260600, 368677000, 389437800, 370642500, 384321700, 387155800, 383331200, 376990800] combined_raw=[12267300, 12281600, 12130300, 12143500, 12189600, 11915200, 12116000, 12164400, 12354500, 13267600, 12634300, 12781500, 12752100, 12427600, 11959500] cpp_raw=[625100, 605700, 602400, 595400, 615200, 682900, 642000, 607500, 623300, 606200, 758200, 885500, 749200, 695500, 703800] public_ns=367979900 bounds_ns=12299100 execute_ns=371039400 combined_ns=12267300 cpp_ns=625100 source=546dc88cf162767b result=24fea8e2dff2e94f
case op=copy-ubyte w=2048 h=512 layout=universal-negative public_raw=[125675600, 129255200, 129836000, 129140500, 129340900, 128560200, 136130900, 124284600, 123030400, 127939900, 135586800, 123687900, 123727400, 135150700, 125739600] bounds_raw=[13308000, 13472600, 13271600, 13206000, 13210500, 13646700, 13370300, 12525000, 12530800, 13332900, 12896200, 13468400, 12548400, 13124900, 12732400] execute_raw=[134994300, 133713000, 127924900, 137303700, 127020900, 127683100, 126742600, 123893400, 123324100, 129440900, 126737100, 122946000, 124618900, 125948300, 123445800] combined_raw=[13138200, 13337800, 13486400, 13249900, 13086600, 12658800, 12806600, 12640300, 12769300, 12939400, 12663300, 12627900, 12716500, 13113600, 12403800] cpp_raw=[2914000, 2798800, 2796000, 2865100, 2801600, 2976400, 2794300, 2705800, 3334000, 2710400, 3042400, 2704000, 2784100, 2808300, 2807300] public_ns=128560200 bounds_ns=13210500 execute_ns=126742600 combined_ns=12806600 cpp_ns=2801600 source=46067b9fc62767b result=6220d181b93fc8cf
case op=copy-float w=2048 h=512 layout=universal-negative public_raw=[130478400, 120968700, 134185500, 124089200, 125675300, 122802800, 131543800, 127485200, 125048500, 126444500, 128515000, 136408900, 127929700, 123900000, 125267300] bounds_raw=[13162800, 12077400, 12432300, 12290700, 12938600, 12220800, 12468600, 12386600, 12656800, 12642000, 12864900, 13077000, 12418800, 12933900, 12336500] execute_raw=[123106700, 122309000, 123037000, 124417400, 125429600, 130941400, 123162200, 130395500, 134976400, 127519800, 129963400, 131481900, 127277000, 124330600, 125532900] combined_raw=[12651800, 12252900, 12278400, 12576700, 13151900, 12764300, 12303300, 12865400, 12757100, 12908000, 13310000, 13168900, 13467900, 12482200, 13095000] cpp_raw=[2157900, 2163900, 2164600, 2154800, 2316300, 2195300, 2296700, 2275700, 2160200, 2238800, 3151700, 2346200, 2473300, 2191700, 2160600] public_ns=126444500 bounds_ns=12468600 execute_ns=125532900 combined_ns=12764300 cpp_ns=2195300 source=51109e231b84de48 result=d2e235024092e94f
case op=copy-Pod w=2048 h=512 layout=universal-negative public_raw=[124275900, 120738700, 123023700, 133263500, 127154600, 128230100, 124183700, 123470200, 131867000, 125562700, 135232800, 136678700, 130388000, 136259300, 122873100] bounds_raw=[12041900, 12178100, 12093800, 12081000, 15291900, 14353100, 13233700, 11745400, 11752800, 12047000, 11776300, 11844600, 12541200, 12193800, 12851200] execute_raw=[122009700, 123394000, 122235600, 126904700, 141150100, 128122700, 124539000, 122559200, 125566400, 120839100, 125501400, 129881900, 180737400, 122510200, 144873800] combined_raw=[12143600, 12011800, 11776700, 11825200, 13657600, 12155000, 12142600, 11922400, 12061100, 11799100, 11917000, 12427000, 16595400, 12701000, 13010800] cpp_raw=[2483600, 2503700, 2474500, 2485700, 2697400, 2451500, 2970600, 2532000, 2639500, 2469000, 3444900, 2688200, 4343200, 2757000, 2425100] public_ns=127154600 bounds_ns=12093800 execute_ns=125501400 combined_ns=12142600 cpp_ns=2532000 source=e1be015f3a91b812 result=17fc2f38b61735ba
case op=convert-ubyte-float w=2048 h=512 layout=universal-negative public_raw=[445486700, 433735500, 422939900, 414392600, 410795400, 419100400, 429647800, 483223500, 467833900, 426038600, 432974400, 447960900, 437615300, 434844100, 457231200] bounds_raw=[15568000, 12756700, 12525200, 12109000, 12494700, 13541100, 12435200, 12902000, 14036700, 13243500, 12672500, 14544000, 12847200, 13630000, 14744600] execute_raw=[438756300, 426079100, 430531500, 422973100, 431450900, 431120300, 419527800, 421010100, 459276700, 450121100, 429548500, 443475200, 459181300, 431454200, 435086200] combined_raw=[12649300, 12820800, 12654400, 13015400, 12456900, 12478300, 12713400, 12633700, 12885000, 13928900, 13093900, 17138100, 14490500, 13022800, 13055100] cpp_raw=[697700, 733500, 646500, 652300, 672500, 633200, 670400, 1639500, 912500, 1923100, 730100, 671700, 748700, 706300, 783200] public_ns=433735500 bounds_ns=12902000 execute_ns=431450900 combined_ns=12885000 cpp_ns=706300 source=46067b9fc62767b result=940c5552cb46e94f
case op=copy-ubyte w=2048 h=512 layout=repeated-source public_raw=[131464000, 132973600, 139745900, 130404000, 130288000, 135411200, 131664000, 130757100, 128689000, 134996600, 137913800, 128701000, 132934000, 129698400, 128599900] bounds_raw=[13099800, 14039600, 12865700, 12904600, 13075900, 13664100, 13404000, 13167000, 13205200, 13238600, 12733000, 13368500, 13176800, 13453800, 13238400] execute_raw=[123179700, 128248200, 117894700, 116276800, 117830000, 118501900, 124936300, 117655100, 112850700, 117235900, 112896200, 118353800, 114259700, 128303900, 116276400] combined_raw=[46900, 31900, 31000, 35600, 32800, 30000, 30200, 30600, 30900, 30600, 31000, 30800, 30300, 31100, 44900] cpp_raw=[39600, 35700, 32700, 80600, 34000, 34400, 33500, 33100, 36100, 36000, 35300, 37700, 34700, 29400, 37700] public_ns=131464000 bounds_ns=13205200 execute_ns=117830000 combined_ns=31000 cpp_ns=35300 source=6e453727bce9f2a5 result=824b457e72415e3d
case op=copy-float w=2048 h=512 layout=repeated-source public_raw=[137844100, 126995600, 125528300, 131310400, 126781800, 124556700, 124529400, 131927700, 128399100, 131794000, 122416900, 133175900, 123660200, 126228700, 125583900] bounds_raw=[12882300, 12746500, 12412400, 12915400, 13165300, 12800300, 12127900, 12649700, 12508000, 12375900, 12239200, 12231500, 12523800, 12548000, 13212300] execute_raw=[122082900, 115328600, 118343600, 117117600, 113767100, 113173500, 113228800, 112324400, 113408200, 112683400, 111374600, 112693600, 112611000, 112489800, 116756900] combined_raw=[110000, 114500, 144400, 134500, 93500, 93000, 96000, 93200, 113800, 93400, 90200, 93500, 92800, 92900, 108900] cpp_raw=[143800, 110800, 136400, 157800, 120800, 120000, 113800, 113300, 110500, 150400, 136500, 110600, 112500, 118000, 116400] public_ns=126781800 bounds_ns=12548000 execute_ns=113228800 combined_ns=93500 cpp_ns=118000 source=1890cde25c8499ab result=7e1f3007cb46713d
case op=copy-Pod w=2048 h=512 layout=repeated-source public_raw=[133438300, 123025800, 132206900, 129701900, 129380600, 127072300, 124855200, 124731800, 125275100, 123920500, 124108000, 123422900, 127504400, 122907600, 131868200] bounds_raw=[12068800, 11581100, 12425500, 12147000, 11946800, 12661600, 12042000, 11883100, 11920100, 11788300, 12192000, 11517800, 12064700, 11927800, 12043500] execute_raw=[115600700, 111798800, 112517700, 119137900, 115663900, 121307200, 113596100, 115718900, 121548000, 111792000, 110624800, 110696100, 112485300, 114567900, 112715700] combined_raw=[255400, 227500, 231000, 319400, 333300, 314500, 298500, 271100, 214000, 265600, 231600, 263100, 222300, 222400, 231700] cpp_raw=[215000, 204100, 218200, 254700, 316600, 271000, 253800, 208900, 204600, 215800, 247500, 252000, 204300, 236100, 216400] public_ns=125275100 bounds_ns=12042000 execute_ns=113596100 combined_ns=255400 cpp_ns=218200 source=20f0ed2a5964e151 result=29ff1e71f7668cf1
case op=convert-ubyte-float w=2048 h=512 layout=repeated-source public_raw=[634955000, 682408600, 658056800, 640750800, 618796500, 675477800, 634199700, 630493400, 627250500, 650652200, 651676800, 630983100, 625222800, 648815300, 670938000] bounds_raw=[16652000, 12387000, 12236200, 12361100, 13470200, 13058100, 12925300, 12036300, 12279700, 12541000, 12266000, 12505800, 12478200, 12773100, 12908800] execute_raw=[646840200, 683230500, 670268600, 619485200, 650107200, 650372900, 642711600, 624880000, 640281000, 662701500, 648512600, 618989000, 638700800, 635512100, 643588900] combined_raw=[664600, 703100, 781300, 682900, 694600, 700200, 676000, 617900, 634900, 910400, 650400, 645000, 635100, 653200, 634000] cpp_raw=[143700, 254200, 288400, 130700, 128600, 319600, 265700, 127000, 129400, 127200, 145200, 135300, 133200, 146500, 181500] public_ns=640750800 bounds_ns=12505800 execute_ns=643588900 combined_ns=664600 cpp_ns=143700 source=6e453727bce9f2a5 result=a6f0b1d68eba713d
case op=copy-ubyte w=2048 h=512 layout=zero-source public_raw=[41419400, 41290000, 41434100, 42340100, 41276500, 41145000, 42172500, 41425600, 41705000, 40817700, 40906700, 50798100, 40828100, 40952300, 41512000] bounds_raw=[13180500, 13315700, 13432200, 21671900, 13044200, 12962100, 13266700, 13290100, 13122700, 12762900, 12857200, 13082800, 12928100, 13031800, 12903100] execute_raw=[41615800, 41475400, 41726500, 41637500, 41278300, 41101100, 41515800, 41273100, 41447900, 41255600, 41209900, 41620000, 41004300, 41212000, 41440700] combined_raw=[13366400, 12791400, 13101200, 13302800, 13054300, 13144000, 13411500, 13384000, 13294600, 13125600, 13234600, 12991300, 12827800, 12922400, 13225800] cpp_raw=[2796800, 2962600, 2833300, 2841200, 2836100, 2784300, 2772800, 3040600, 2848100, 2803300, 2764700, 2805500, 3082200, 3006200, 2811200] public_ns=41419400 bounds_ns=13082800 execute_ns=41440700 combined_ns=13144000 cpp_ns=2833300 source=ea3b47c803d61b61 result=f48fba1f72215e3d
case op=copy-float w=2048 h=512 layout=zero-source public_raw=[40006300, 40636800, 40272600, 40798600, 39599100, 40080900, 39875100, 40615800, 39969000, 40257900, 40227400, 45354000, 44447000, 40581600, 40626900] bounds_raw=[12811900, 12414900, 12666800, 12540500, 12807000, 12865800, 12717000, 12909100, 12400700, 12539900, 12601100, 12674400, 13471200, 12817400, 12710000] execute_raw=[40035100, 40031700, 39856200, 39881100, 40186700, 39528300, 39329900, 40247500, 40001700, 39216300, 49006900, 46439500, 44052100, 40225500, 39616300] combined_raw=[12816600, 12954500, 22446500, 12919000, 12637800, 12749700, 13091600, 12734300, 12458100, 12969900, 12813200, 14272200, 14418800, 14010400, 12754800] cpp_raw=[2310700, 2087600, 2018100, 2069400, 2060000, 2355900, 2941900, 2024400, 3926100, 2019200, 2081900, 2941200, 2632500, 2638900, 2071500] public_ns=40272600 bounds_ns=12710000 execute_ns=40031700 combined_ns=12919000 cpp_ns=2087600 source=3ee659a586185a17 result=3010c258495a713d
case op=copy-Pod w=2048 h=512 layout=zero-source public_raw=[40000100, 40285300, 39158400, 39648800, 39467400, 39804300, 39453200, 39503200, 50420900, 40106100, 40645800, 40780600, 41953600, 40725100, 40601600] bounds_raw=[12077200, 11863600, 12258400, 12381600, 12334700, 12334300, 12481300, 12195200, 12378400, 12449900, 11834700, 12072300, 12228600, 12636000, 13222300] execute_raw=[39829200, 39354800, 39394100, 39373300, 39953400, 39973300, 39354100, 39733500, 39852400, 39945200, 40623800, 39415100, 40884500, 40797200, 41732700] combined_raw=[12198000, 12138700, 11848800, 11850700, 12105300, 11679900, 12325400, 13036200, 11912100, 12319800, 12161500, 12869300, 12300300, 12657100, 12502800] cpp_raw=[2034300, 2035400, 2039000, 2041900, 4570300, 2050700, 2034500, 3178100, 2062100, 2029200, 2244200, 2256100, 2260800, 2168000, 2485700] public_ns=40106100 bounds_ns=12334300 execute_ns=39852400 combined_ns=12198000 cpp_ns=2062100 source=10734a11a61fbe06 result=14eb8df45bd38cf1
case op=convert-ubyte-float w=2048 h=512 layout=zero-source public_raw=[111184900, 138044100, 120087700, 113803700, 147563100, 127241200, 111714200, 109867100, 110556500, 110100700, 118718500, 110301500, 110425300, 115989500, 120025900] bounds_raw=[13700900, 12629500, 23286000, 13435600, 14628600, 18083900, 12926300, 12626800, 12648200, 12691500, 12681900, 12849300, 12732900, 13232200, 13152200] execute_raw=[113105200, 142538800, 120798000, 116341900, 116312300, 129741600, 121665400, 110939000, 110588500, 110353200, 110456700, 111029800, 110909100, 113856500, 118323400] combined_raw=[13357800, 14287300, 13532200, 13307100, 13181300, 13369000, 12702200, 12826100, 12605300, 12827400, 12894000, 12786900, 12656000, 12861800, 13794400] cpp_raw=[582400, 945000, 593400, 593700, 1010800, 852800, 597800, 590700, 600800, 590200, 592700, 609900, 603800, 619800, 599800] public_ns=113803700 bounds_ns=12926300 execute_ns=113856500 combined_ns=12894000 cpp_ns=599800 source=ea3b47c803d61b61 result=1ea1c940ba66713d
m3_copy_conversion_candidates PASS cases=96 sink=3470652223959823994
