contracts PASS four-public-paths four-operations invalid/shape/noninjective/overlap/empty/no-write shared-disjoint
semantic PASS cases=32 bitwise-copy all256-conversion source-padding
case op=copy-ubyte w=31 h=17 layout=contiguous public_raw=[200, 100, 100, 100, 100, 100, 100, 100, 100, 100, 100, 100, 100, 100, 100] bounds_raw=[100, 100, 100, 100, 100, 100, 100, 100, 100, 100, 100, 100, 100, 100, 100] execute_raw=[100, 100, 100, 100, 100, 100, 100, 100, 100, 100, 100, 100, 100, 100, 100] combined_raw=[100, 100, 100, 100, 100, 100, 100, 100, 100, 100, 100, 100, 100, 100, 100] cpp_raw=[0, 0, 0, 0, 0, 0, 0, 0, 0, 0, 0, 0, 0, 0, 0] public_ns=100 bounds_ns=100 execute_ns=100 combined_ns=100 cpp_ns=0 source=e1cb0bb018788cd9 result=6b280f993832c319
case op=copy-float w=31 h=17 layout=contiguous public_raw=[100, 100, 100, 100, 100, 200, 100, 100, 100, 100, 100, 100, 100, 100, 100] bounds_raw=[200, 100, 100, 100, 100, 100, 100, 100, 100, 100, 100, 100, 100, 100, 100] execute_raw=[100, 100, 100, 100, 100, 100, 100, 100, 100, 100, 100, 100, 100, 100, 100] combined_raw=[200, 100, 100, 100, 100, 100, 100, 100, 100, 100, 200, 100, 100, 100, 100] cpp_raw=[100, 100, 100, 100, 100, 100, 100, 100, 100, 100, 100, 100, 100, 100, 100] public_ns=100 bounds_ns=100 execute_ns=100 combined_ns=100 cpp_ns=100 source=6128204049c0da83 result=264b3169180ebd4b
case op=copy-Pod w=31 h=17 layout=contiguous public_raw=[200, 200, 200, 200, 200, 200, 200, 200, 200, 200, 200, 200, 200, 200, 200] bounds_raw=[200, 200, 200, 200, 200, 200, 200, 200, 200, 200, 200, 200, 200, 200, 200] execute_raw=[200, 200, 200, 200, 200, 100, 200, 200, 200, 200, 200, 200, 200, 200, 200] combined_raw=[200, 200, 200, 200, 200, 200, 200, 200, 200, 200, 200, 200, 200, 200, 200] cpp_raw=[100, 100, 100, 100, 100, 100, 100, 100, 100, 100, 100, 100, 100, 100, 100] public_ns=200 bounds_ns=200 execute_ns=200 combined_ns=200 cpp_ns=100 source=db360484f487691a result=968b62c61598975a
case op=convert-ubyte-float w=31 h=17 layout=contiguous public_raw=[2300, 2300, 2300, 2300, 2300, 2300, 2300, 2300, 2300, 2300, 2300, 2300, 2300, 2300, 2300] bounds_raw=[2300, 2300, 2300, 2300, 2300, 2300, 2300, 2300, 2300, 2300, 2300, 2300, 2300, 2300, 2300] execute_raw=[500, 500, 500, 500, 500, 500, 500, 500, 500, 500, 500, 400, 500, 500, 500] combined_raw=[600, 600, 600, 600, 600, 600, 600, 600, 600, 600, 600, 600, 600, 600, 600] cpp_raw=[100, 100, 100, 100, 100, 100, 100, 100, 100, 100, 100, 100, 100, 100, 100] public_ns=2300 bounds_ns=2300 execute_ns=500 combined_ns=600 cpp_ns=100 source=e1cb0bb018788cd9 result=1bb7b2c2179a648f
case op=copy-ubyte w=31 h=17 layout=padded public_raw=[124300, 124600, 185300, 124200, 123800, 124400, 124300, 124100, 124100, 124500, 152900, 124500, 124100, 124400, 124400] bounds_raw=[6500, 6500, 6500, 6500, 6500, 6500, 6400, 6500, 6500, 6500, 6600, 6500, 6500, 36500, 6500] execute_raw=[118000, 118300, 117800, 117800, 118000, 117700, 167800, 117900, 117800, 148700, 117900, 117700, 118200, 150100, 118100] combined_raw=[400, 300, 400, 400, 300, 300, 400, 300, 300, 400, 300, 300, 300, 300, 300] cpp_raw=[0, 0, 0, 0, 0, 0, 0, 0, 0, 0, 0, 0, 0, 0, 0] public_ns=124400 bounds_ns=6500 execute_ns=118000 combined_ns=300 cpp_ns=0 source=4d0b0939d89e40d9 result=5f21f5ea6035ff19
case op=copy-float w=31 h=17 layout=padded public_raw=[123500, 123500, 124000, 183800, 123400, 123700, 183700, 263400, 123400, 155900, 124000, 123700, 123100, 152600, 123700] bounds_raw=[6100, 6100, 6300, 6100, 6200, 6200, 6100, 19500, 6200, 6500, 6200, 6200, 32900, 6100, 6100] execute_raw=[118300, 117800, 118000, 118000, 118300, 118100, 117900, 184900, 118100, 117800, 118300, 117800, 117900, 117800, 118000] combined_raw=[400, 400, 400, 400, 400, 400, 400, 19100, 13200, 400, 400, 400, 400, 400, 400] cpp_raw=[100, 100, 100, 100, 100, 100, 100, 100, 100, 100, 100, 100, 100, 100, 100] public_ns=123700 bounds_ns=6200 execute_ns=118000 combined_ns=400 cpp_ns=100 source=ebb5b7eaf5f43283 result=3851810ac565964b
case op=copy-Pod w=31 h=17 layout=padded public_raw=[123500, 123700, 124000, 123500, 124200, 123500, 123800, 123600, 123500, 123600, 123900, 123400, 123600, 150700, 123600] bounds_raw=[6000, 5900, 6000, 6000, 6000, 6000, 6000, 6000, 6300, 5900, 6000, 6300, 6000, 6000, 6000] execute_raw=[118000, 158700, 118000, 174100, 118400, 118000, 173700, 118000, 133900, 118100, 118000, 118200, 117800, 118000, 118300] combined_raw=[500, 500, 400, 500, 500, 500, 500, 400, 500, 500, 500, 500, 400, 500, 500] cpp_raw=[100, 100, 100, 100, 100, 100, 100, 100, 100, 100, 100, 100, 100, 100, 100] public_ns=123600 bounds_ns=6000 execute_ns=118100 combined_ns=500 cpp_ns=100 source=b28d4f242a91b51a result=7438cdf3ee88135a
case op=convert-ubyte-float w=31 h=17 layout=padded public_raw=[673500, 671400, 636800, 828900, 636700, 634500, 634700, 677200, 634300, 636700, 636800, 670400, 665100, 666500, 664500] bounds_raw=[6100, 6100, 6100, 6100, 6100, 6100, 6100, 6100, 6100, 6100, 6100, 6100, 6400, 6400, 6400] execute_raw=[629300, 673100, 629000, 628800, 673200, 631100, 631200, 630900, 631700, 628500, 631100, 628600, 661600, 660700, 660100] combined_raw=[600, 600, 600, 600, 600, 500, 600, 500, 500, 500, 600, 500, 600, 500, 600] cpp_raw=[100, 100, 100, 100, 100, 100, 100, 100, 100, 100, 100, 100, 100, 100, 100] public_ns=664500 bounds_ns=6100 execute_ns=631100 combined_ns=600 cpp_ns=100 source=4d0b0939d89e40d9 result=5a1bf5670dd4dc8f
case op=copy-ubyte w=31 h=17 layout=negative-source public_raw=[132700, 129400, 129600, 129300, 129500, 129300, 129500, 129400, 129600, 129600, 129400, 129200, 129100, 129600, 131700] bounds_raw=[6800, 6700, 6700, 6800, 6800, 6800, 6700, 6700, 6700, 6800, 6700, 6900, 6700, 6700, 6800] execute_raw=[123200, 122800, 144500, 125300, 123100, 122900, 123100, 126600, 122800, 122700, 125300, 123000, 123200, 123000, 122800] combined_raw=[400, 300, 300, 300, 400, 300, 300, 400, 300, 400, 300, 300, 300, 400, 400] cpp_raw=[0, 0, 0, 0, 0, 0, 0, 0, 0, 0, 0, 0, 0, 0, 0] public_ns=129500 bounds_ns=6700 execute_ns=123100 combined_ns=300 cpp_ns=0 source=1218578f96e3de39 result=5f21f5ea6035ff19
case op=copy-float w=31 h=17 layout=negative-source public_raw=[129200, 128500, 128700, 128700, 131600, 129200, 128700, 128900, 129100, 128600, 128900, 131200, 128700, 129000, 129000] bounds_raw=[6500, 6500, 6400, 6400, 6500, 6500, 6500, 6500, 6500, 6300, 6500, 6400, 6400, 6400, 6500] execute_raw=[125800, 122500, 123000, 123100, 123300, 122900, 123000, 123500, 123600, 123100, 122800, 122800, 123000, 123200, 123000] combined_raw=[400, 400, 400, 400, 400, 400, 400, 400, 400, 400, 400, 400, 400, 400, 400] cpp_raw=[100, 100, 100, 100, 100, 100, 100, 100, 100, 100, 100, 100, 100, 100, 100] public_ns=128900 bounds_ns=6500 execute_ns=123000 combined_ns=400 cpp_ns=100 source=d55c0938ea65990b result=3851810ac565964b
case op=copy-Pod w=31 h=17 layout=negative-source public_raw=[128800, 128800, 128600, 128700, 129100, 131500, 129200, 131600, 129500, 129400, 131500, 128800, 131100, 129100, 128500] bounds_raw=[8500, 6200, 6300, 6300, 6300, 6300, 6200, 6300, 6300, 6300, 6400, 6300, 6300, 6300, 6300] execute_raw=[123600, 123300, 123200, 123400, 122900, 122900, 123100, 123700, 123400, 123600, 123700, 123000, 123500, 123100, 122900] combined_raw=[500, 500, 500, 500, 500, 500, 500, 500, 500, 500, 500, 500, 500, 500, 500] cpp_raw=[100, 100, 100, 100, 100, 100, 100, 100, 100, 100, 100, 100, 100, 100, 100] public_ns=129100 bounds_ns=6300 execute_ns=123300 combined_ns=500 cpp_ns=100 source=4cb52a65f8334f3a result=7438cdf3ee88135a
case op=convert-ubyte-float w=31 h=17 layout=negative-source public_raw=[667600, 667200, 665300, 667300, 665000, 667200, 669900, 666700, 667000, 667700, 665000, 667800, 667400, 667300, 667200] bounds_raw=[6400, 6400, 6400, 6400, 6400, 6400, 6400, 6400, 6400, 6400, 6400, 6400, 6400, 6400, 6400] execute_raw=[660500, 658700, 661400, 661400, 661900, 658700, 660400, 658900, 659300, 661400, 661200, 738800, 658900, 658800, 661100] combined_raw=[600, 600, 600, 600, 600, 600, 600, 600, 600, 600, 600, 600, 600, 600, 600] cpp_raw=[100, 100, 100, 100, 100, 100, 100, 100, 100, 100, 100, 100, 100, 100, 100] public_ns=667200 bounds_ns=6400 execute_ns=660500 combined_ns=600 cpp_ns=100 source=1218578f96e3de39 result=5a1bf5670dd4dc8f
case op=copy-ubyte w=31 h=17 layout=negative-both public_raw=[130100, 131000, 130200, 130700, 130800, 131000, 130800, 130200, 132800, 130200, 130800, 133000, 130400, 130100, 130800] bounds_raw=[6800, 6800, 6800, 6800, 6800, 6700, 6800, 6800, 6800, 6700, 6800, 6700, 6700, 6800, 6800] execute_raw=[124400, 124300, 124200, 124100, 126600, 124300, 123800, 123900, 124600, 124100, 123900, 124200, 124100, 123700, 123900] combined_raw=[400, 400, 300, 400, 400, 300, 300, 300, 400, 300, 300, 400, 400, 300, 400] cpp_raw=[0, 0, 0, 0, 0, 0, 0, 0, 0, 0, 0, 0, 0, 0, 0] public_ns=130800 bounds_ns=6800 execute_ns=124100 combined_ns=400 cpp_ns=0 source=1218578f96e3de39 result=14b2232dcdfde519
case op=copy-float w=31 h=17 layout=negative-both public_raw=[130100, 132100, 129800, 129900, 129600, 132300, 129600, 129500, 129800, 129700, 129700, 129900, 129800, 129800, 129700] bounds_raw=[6500, 6400, 6400, 6400, 6400, 6500, 6400, 6400, 6300, 6400, 6500, 6500, 6300, 6500, 6400] execute_raw=[124100, 123800, 124300, 124200, 124100, 123500, 124000, 123700, 126000, 123700, 123900, 123800, 126200, 124100, 124100] combined_raw=[400, 400, 400, 400, 400, 400, 400, 400, 400, 400, 400, 400, 400, 400, 400] cpp_raw=[100, 100, 100, 100, 100, 100, 100, 100, 100, 100, 100, 0, 100, 100, 100] public_ns=129800 bounds_ns=6400 execute_ns=124100 combined_ns=400 cpp_ns=100 source=d55c0938ea65990b result=88af284ef50a9e03
case op=copy-Pod w=31 h=17 layout=negative-both public_raw=[129900, 129800, 145800, 132900, 130300, 129900, 129700, 129700, 130100, 129700, 130100, 129600, 129900, 129700, 130300] bounds_raw=[6300, 6300, 6300, 6200, 6200, 6300, 6300, 6300, 6300, 6300, 6300, 6300, 6300, 6200, 6300] execute_raw=[124200, 124000, 124300, 123800, 124000, 125900, 124000, 124000, 123900, 124400, 126200, 124300, 124100, 124200, 124000] combined_raw=[500, 500, 500, 500, 500, 500, 500, 500, 500, 500, 500, 500, 500, 400, 500] cpp_raw=[100, 100, 100, 100, 100, 100, 100, 100, 100, 100, 100, 100, 100, 100, 100] public_ns=129900 bounds_ns=6300 execute_ns=124100 combined_ns=500 cpp_ns=100 source=4cb52a65f8334f3a result=ba5b3439bff1663a
case op=convert-ubyte-float w=31 h=17 layout=negative-both public_raw=[664400, 664500, 664200, 664200, 664100, 661700, 665800, 665400, 665200, 665600, 663100, 663100, 665200, 663400, 665200] bounds_raw=[6400, 6400, 6400, 6400, 6400, 6300, 6400, 6400, 6400, 6400, 6400, 6400, 6400, 6400, 6400] execute_raw=[655700, 658000, 656300, 656300, 659300, 658300, 695700, 657100, 657300, 658900, 658900, 659000, 659100, 659100, 657100] combined_raw=[600, 600, 600, 600, 600, 600, 600, 600, 600, 600, 600, 600, 600, 500, 600] cpp_raw=[100, 100, 100, 100, 100, 100, 100, 100, 100, 100, 100, 100, 100, 100, 100] public_ns=664400 bounds_ns=6400 execute_ns=658300 combined_ns=600 cpp_ns=100 source=1218578f96e3de39 result=a84d7158b568dc8f
case op=copy-ubyte w=31 h=17 layout=universal public_raw=[130000, 132400, 130500, 130500, 130000, 132000, 130300, 130400, 130500, 130000, 130200, 132200, 130200, 130300, 130400] bounds_raw=[6800, 6800, 6700, 6700, 6800, 6800, 6800, 6900, 6800, 6800, 6800, 6800, 6800, 6800, 6900] execute_raw=[130200, 130200, 130600, 129900, 130100, 130100, 130400, 130000, 130000, 130300, 130600, 129800, 130200, 130200, 130400] combined_raw=[6600, 6600, 6800, 6600, 6600, 6800, 6700, 6600, 6600, 6900, 6600, 6600, 6800, 6800, 6700] cpp_raw=[1500, 1500, 1500, 1500, 1500, 1500, 1500, 1500, 1500, 1500, 1700, 1700, 1500, 1500, 1500] public_ns=130400 bounds_ns=6800 execute_ns=130200 combined_ns=6600 cpp_ns=1500 source=104e8d8f8fae3401 result=94a85d26ce182761
case op=copy-float w=31 h=17 layout=universal public_raw=[129700, 129600, 129600, 129700, 131900, 129500, 129300, 132400, 129600, 129500, 129300, 129300, 129400, 129400, 131900] bounds_raw=[6500, 6500, 6400, 6500, 6400, 6400, 6500, 6600, 6400, 6400, 6500, 6400, 6400, 6300, 6500] execute_raw=[129100, 131800, 129600, 129000, 129700, 129400, 129200, 148500, 129500, 129600, 129700, 129300, 129500, 129700, 129200] combined_raw=[6500, 6600, 6500, 6500, 6500, 6600, 6500, 6700, 6700, 6500, 6500, 6600, 6500, 6500, 6600] cpp_raw=[1200, 1200, 1200, 1100, 1200, 1100, 1200, 1200, 1200, 1100, 1200, 1100, 1200, 1200, 1100] public_ns=129600 bounds_ns=6400 execute_ns=129500 combined_ns=6500 cpp_ns=1200 source=48f4c2fdc1746a4f result=d2f02840ab86d547
case op=copy-Pod w=31 h=17 layout=universal public_raw=[129500, 129400, 129700, 131600, 129500, 129500, 129500, 129300, 129400, 140000, 123400, 124000, 123600, 123700, 123700] bounds_raw=[6300, 6300, 6300, 6300, 6300, 6300, 6300, 6200, 6300, 6000, 6000, 6000, 6000, 6000, 6000] execute_raw=[129700, 129500, 129500, 129400, 129300, 131700, 129500, 129500, 129400, 124000, 123600, 123300, 123400, 127300, 123600] combined_raw=[6300, 6300, 6300, 6300, 6300, 6300, 6400, 6300, 6300, 6000, 6000, 6000, 6000, 6000, 6100] cpp_raw=[1200, 1200, 1200, 1200, 1200, 1200, 1200, 1100, 1200, 1200, 1100, 1100, 1100, 1100, 1100] public_ns=129400 bounds_ns=6300 execute_ns=129400 combined_ns=6300 cpp_ns=1200 source=a443bfcbbed0823e result=e7d6d6f5c5dc3c8e
case op=convert-ubyte-float w=31 h=17 layout=universal public_raw=[371700, 589200, 371600, 374000, 372200, 372100, 371700, 371800, 374100, 372000, 371500, 371600, 371800, 373900, 371900] bounds_raw=[6200, 6100, 6100, 6100, 6100, 6100, 6100, 6100, 6100, 6100, 6100, 6600, 6100, 6100, 6100] execute_raw=[371800, 371900, 371500, 372000, 374200, 373700, 371900, 374400, 372300, 373500, 373600, 371800, 374500, 372400, 373800] combined_raw=[8100, 6100, 6100, 6100, 6100, 6100, 6100, 6100, 6100, 6100, 6100, 6100, 6100, 6100, 6100] cpp_raw=[300, 300, 300, 300, 300, 300, 300, 300, 300, 300, 300, 300, 300, 300, 300] public_ns=371900 bounds_ns=6100 execute_ns=372400 combined_ns=6100 cpp_ns=300 source=104e8d8f8fae3401 result=91affb8b2dfc4eb7
case op=copy-ubyte w=31 h=17 layout=universal-negative public_raw=[123300, 123400, 123000, 123400, 125300, 123100, 123300, 125100, 123200, 123100, 123300, 123300, 123500, 123100, 123100] bounds_raw=[6400, 6500, 6400, 6500, 6500, 6400, 6400, 6500, 6500, 6500, 6500, 6600, 6500, 6500, 6400] execute_raw=[125400, 123200, 123000, 123200, 123300, 123200, 123300, 122800, 123200, 123200, 123100, 125200, 123600, 123100, 125000] combined_raw=[6400, 6500, 6400, 6500, 6600, 6600, 6400, 6300, 6600, 6500, 6500, 6500, 6500, 6500, 6400] cpp_raw=[1500, 1400, 1400, 1400, 1600, 1400, 1400, 1400, 1400, 1400, 1400, 1500, 1400, 1400, 1400] public_ns=123300 bounds_ns=6500 execute_ns=123200 combined_ns=6500 cpp_ns=1400 source=705335b9cf6847c1 result=2bfddff94a971f61
case op=copy-float w=31 h=17 layout=universal-negative public_raw=[122800, 237600, 122500, 122700, 122500, 122500, 122700, 122800, 123000, 122600, 122800, 122600, 122600, 122700, 124800] bounds_raw=[6200, 6200, 6100, 6200, 6200, 6100, 6200, 6200, 6200, 6100, 6200, 6100, 6200, 6200, 6100] execute_raw=[122700, 124500, 223200, 125100, 122400, 122500, 122500, 124800, 122300, 122200, 124500, 122400, 122300, 122400, 122400] combined_raw=[6300, 6300, 6300, 6300, 6200, 6200, 6200, 6300, 6200, 6300, 6200, 6200, 6200, 6400, 6200] cpp_raw=[1100, 1100, 1100, 1100, 1100, 1100, 1100, 1100, 1100, 1100, 1100, 1100, 1100, 1100, 1100] public_ns=122700 bounds_ns=6200 execute_ns=122500 combined_ns=6200 cpp_ns=1100 source=eada538057fb86ef result=faa4d5eeeda68847
case op=copy-Pod w=31 h=17 layout=universal-negative public_raw=[122600, 124800, 122400, 122800, 122700, 122600, 122600, 122300, 122500, 122500, 124700, 122300, 122300, 122600, 124700] bounds_raw=[6000, 6000, 6000, 6000, 6100, 5900, 6100, 6100, 6000, 6000, 6000, 6000, 6000, 5900, 6000] execute_raw=[122300, 122400, 122500, 143200, 122700, 122100, 122400, 122300, 122600, 122400, 122400, 122400, 125800, 122500, 122500] combined_raw=[6000, 6000, 6000, 6100, 6000, 6000, 6100, 6100, 6000, 6100, 6100, 6100, 6100, 6000, 6100] cpp_raw=[1100, 1100, 1100, 1100, 1100, 1100, 1100, 1100, 1100, 1100, 1100, 1100, 1100, 1100, 1100] public_ns=122600 bounds_ns=6000 execute_ns=122400 combined_ns=6100 cpp_ns=1100 source=7483a89971f477de result=c1c9f074f82c752e
case op=convert-ubyte-float w=31 h=17 layout=universal-negative public_raw=[415200, 415400, 415200, 644800, 450200, 417700, 415100, 417400, 415900, 415600, 415200, 415200, 415300, 417300, 415300] bounds_raw=[6100, 6600, 6100, 6200, 6100, 6100, 6100, 6100, 6100, 6100, 6100, 6100, 6100, 6100, 6100] execute_raw=[415400, 421400, 417800, 415900, 415400, 415200, 417500, 415500, 417500, 417500, 415600, 417800, 417500, 415400, 415900] combined_raw=[6100, 6100, 6100, 6100, 6100, 6100, 6100, 6100, 6100, 6100, 6100, 6100, 6100, 6100, 6100] cpp_raw=[300, 300, 300, 300, 300, 300, 300, 300, 300, 300, 300, 300, 300, 300, 300] public_ns=415400 bounds_ns=6100 execute_ns=415900 combined_ns=6100 cpp_ns=300 source=705335b9cf6847c1 result=6cdfcfcdfb5c4eb7
case op=copy-ubyte w=31 h=17 layout=repeated-source public_raw=[126100, 123700, 123800, 123600, 123800, 123700, 123700, 125900, 123800, 123700, 123500, 123800, 123500, 123700, 123500] bounds_raw=[6500, 6500, 6400, 6500, 6500, 6500, 6500, 6500, 6500, 6500, 6400, 6500, 6500, 6500, 6400] execute_raw=[117300, 117600, 117400, 119600, 117800, 117500, 181100, 117500, 117300, 117100, 117600, 119800, 117300, 117300, 117400] combined_raw=[300, 300, 300, 300, 300, 300, 300, 300, 300, 300, 300, 300, 300, 300, 300] cpp_raw=[0, 0, 0, 0, 0, 0, 0, 0, 0, 0, 0, 0, 0, 0, 0] public_ns=123700 bounds_ns=6500 execute_ns=117500 combined_ns=300 cpp_ns=0 source=e456631d381264c9 result=79abf60b12593ba9
case op=copy-float w=31 h=17 layout=repeated-source public_raw=[122700, 124600, 122500, 122700, 252900, 122700, 122300, 122400, 122400, 122500, 122500, 122500, 124700, 122700, 122600] bounds_raw=[6100, 6200, 6100, 6100, 6500, 6100, 6100, 6100, 6200, 6100, 6200, 6100, 6100, 6100, 6100] execute_raw=[116900, 117100, 116900, 135800, 152600, 116900, 117000, 116800, 119500, 117000, 117200, 117000, 116900, 116900, 117100] combined_raw=[400, 400, 400, 400, 400, 400, 400, 400, 400, 400, 400, 400, 400, 400, 400] cpp_raw=[100, 100, 100, 100, 100, 100, 100, 100, 100, 100, 100, 100, 100, 100, 100] public_ns=122600 bounds_ns=6100 execute_ns=117000 combined_ns=400 cpp_ns=100 source=187f646e4a13563f result=adddf47c9b74a697
case op=copy-Pod w=31 h=17 layout=repeated-source public_raw=[122600, 124400, 122600, 122500, 124700, 122500, 122400, 122700, 122700, 122800, 122900, 122500, 122900, 122700, 122900] bounds_raw=[5900, 6000, 5900, 6000, 6000, 6000, 5900, 6000, 6000, 6000, 6000, 6000, 6000, 5900, 6000] execute_raw=[117100, 117300, 117100, 117300, 117200, 117200, 117200, 118800, 117200, 119200, 117300, 116900, 117200, 117400, 117200] combined_raw=[400, 400, 500, 500, 500, 500, 400, 500, 500, 500, 500, 500, 500, 500, 500] cpp_raw=[100, 100, 100, 100, 100, 100, 100, 100, 100, 100, 100, 100, 100, 100, 100] public_ns=122700 bounds_ns=6000 execute_ns=117200 combined_ns=500 cpp_ns=100 source=af5c371632147dfa result=b77ad4f97670f65a
case op=convert-ubyte-float w=31 h=17 layout=repeated-source public_raw=[848500, 674800, 635700, 848600, 635800, 637500, 637700, 637400, 637400, 638400, 637500, 637500, 635400, 637800, 648500] bounds_raw=[6100, 6200, 6100, 6100, 6100, 6100, 6100, 6100, 6100, 6100, 6100, 6100, 6100, 6100, 6600] execute_raw=[653900, 642600, 652800, 666600, 632100, 629700, 632200, 630000, 638600, 630000, 632400, 630200, 632100, 670300, 694600] combined_raw=[600, 500, 600, 500, 500, 500, 500, 500, 500, 600, 500, 500, 500, 500, 600] cpp_raw=[100, 100, 100, 100, 100, 100, 100, 100, 100, 100, 100, 100, 100, 100, 100] public_ns=637500 bounds_ns=6100 execute_ns=632400 combined_ns=500 cpp_ns=100 source=e456631d381264c9 result=9364c6c0b904dc8f
case op=copy-ubyte w=31 h=17 layout=zero-source public_raw=[30800, 30800, 33300, 30700, 31000, 30800, 30700, 30900, 31000, 30900, 30800, 49500, 50700, 63700, 82600] bounds_raw=[6400, 6400, 6400, 6500, 6400, 6400, 6400, 6400, 6400, 6500, 6400, 6400, 19600, 7000, 6700] execute_raw=[30900, 30900, 30800, 30900, 31100, 31000, 30800, 30800, 30900, 30900, 30800, 30800, 31400, 63800, 57100] combined_raw=[6300, 6500, 6300, 6300, 6300, 6500, 6300, 6500, 6300, 6300, 6300, 6300, 6600, 25100, 6300] cpp_raw=[1400, 1400, 1400, 1600, 1400, 1400, 1400, 1400, 1400, 1400, 1400, 1600, 1400, 1500, 1500] public_ns=30900 bounds_ns=6400 execute_ns=30900 combined_ns=6300 cpp_ns=1400 source=53e35892b0900a36 result=c64ce8b5472789e4
case op=copy-float w=31 h=17 layout=zero-source public_raw=[34200, 34500, 34300, 34400, 34300, 34400, 34700, 34400, 34500, 34700, 34300, 34700, 34400, 34500, 34500] bounds_raw=[6200, 6100, 6100, 6000, 6100, 6200, 6100, 6300, 6100, 6200, 6200, 6100, 6000, 6100, 6200] execute_raw=[34500, 34300, 34500, 34500, 62300, 34300, 34300, 34200, 34200, 34300, 34300, 34400, 34200, 34200, 37000] combined_raw=[6200, 6200, 6200, 6200, 6500, 6100, 6300, 6200, 6200, 6200, 6200, 6200, 6300, 6200, 6200] cpp_raw=[1100, 1100, 1100, 1100, 1100, 1100, 1100, 1100, 1100, 1100, 1100, 1100, 1100, 1100, 1100] public_ns=34400 bounds_ns=6100 execute_ns=34300 combined_ns=6200 cpp_ns=1100 source=48a265c435185a17 result=a412cbd3d3c5dc8f
case op=copy-Pod w=31 h=17 layout=zero-source public_raw=[34400, 34800, 37200, 34300, 34500, 34800, 34500, 34500, 34500, 34400, 34500, 34500, 34300, 34300, 34600] bounds_raw=[5900, 6000, 5900, 6000, 6000, 6000, 5900, 6000, 5900, 6000, 6000, 6000, 6000, 6000, 6000] execute_raw=[34500, 34500, 34300, 34300, 34400, 34500, 34200, 34500, 34300, 34400, 34300, 34300, 34500, 34400, 34500] combined_raw=[6000, 6000, 6000, 6000, 6000, 6000, 6000, 6000, 6000, 6000, 6000, 6000, 6000, 6100, 6000] cpp_raw=[1100, 1100, 1100, 1100, 1100, 1100, 1100, 1100, 1100, 1100, 1100, 1100, 1100, 1100, 1100] public_ns=34500 bounds_ns=6000 execute_ns=34400 combined_ns=6000 cpp_ns=1100 source=6b0827ecdc4a539a result=3ed4b3ed28cdbf2
case op=convert-ubyte-float w=31 h=17 layout=zero-source public_raw=[137400, 103000, 103100, 103100, 107000, 103000, 103100, 103000, 105000, 102900, 103100, 103300, 105000, 139900, 102900] bounds_raw=[6100, 6500, 6100, 6100, 6100, 6100, 6100, 6000, 6100, 6000, 6100, 6100, 6100, 20400, 6100] execute_raw=[103700, 102900, 103200, 102800, 103500, 103100, 103100, 102900, 103400, 103000, 102900, 102900, 102900, 116500, 102900] combined_raw=[6100, 6000, 6100, 6100, 6100, 6100, 6100, 6000, 6100, 6100, 6100, 6100, 6100, 6100, 6100] cpp_raw=[300, 300, 300, 300, 300, 300, 300, 300, 300, 300, 300, 300, 300, 300, 300] public_ns=103100 bounds_ns=6100 execute_ns=103000 combined_ns=6100 cpp_ns=300 source=53e35892b0900a36 result=7db46195730ddc8f
case op=copy-ubyte w=256 h=128 layout=contiguous public_raw=[800, 800, 800, 800, 800, 800, 800, 800, 800, 800, 800, 800, 800, 800, 800] bounds_raw=[800, 800, 800, 800, 800, 800, 800, 800, 800, 800, 800, 800, 800, 800, 800] execute_raw=[800, 800, 800, 800, 800, 800, 800, 800, 800, 800, 800, 800, 800, 800, 800] combined_raw=[800, 800, 800, 800, 800, 800, 800, 800, 800, 800, 800, 800, 800, 800, 800] cpp_raw=[1000, 1000, 1000, 1000, 1000, 1000, 1000, 1000, 1000, 1000, 1000, 1100, 1000, 1000, 1000] public_ns=800 bounds_ns=800 execute_ns=800 combined_ns=800 cpp_ns=1000 source=e61b28efac3482a5 result=19f1026d069dd2bd
case op=copy-float w=256 h=128 layout=contiguous public_raw=[3300, 3200, 3300, 3300, 3200, 3300, 3300, 3300, 3400, 3300, 3300, 3300, 3200, 3200, 3200] bounds_raw=[3300, 3200, 3300, 3300, 3200, 3300, 3300, 3300, 3300, 3200, 3500, 3300, 3300, 3200, 3300] execute_raw=[3300, 3400, 3200, 3300, 3300, 3300, 3300, 3300, 3300, 3300, 3300, 3200, 3400, 3400, 3200] combined_raw=[3300, 3300, 3200, 3500, 3500, 3200, 3300, 3300, 3300, 3300, 3300, 3300, 3300, 3200, 3300] cpp_raw=[3900, 3900, 3900, 3900, 3900, 3800, 4000, 3900, 3800, 3900, 3900, 3900, 3900, 3800, 3900] public_ns=3300 bounds_ns=3300 execute_ns=3300 combined_ns=3300 cpp_ns=3900 source=94c035f8504217ab result=e20bab30ff99efbd
case op=copy-Pod w=256 h=128 layout=contiguous public_raw=[9000, 8900, 9000, 7900, 8900, 7900, 9000, 7900, 9000, 9000, 7900, 7900, 9000, 9000, 7900] bounds_raw=[8900, 7900, 9000, 7900, 8900, 7900, 7900, 7900, 8900, 9000, 7900, 10600, 8900, 9000, 7900] execute_raw=[9000, 7900, 8900, 8000, 9000, 7900, 9000, 8900, 8900, 9000, 8000, 9000, 8000, 9000, 7900] combined_raw=[9000, 7900, 9000, 8000, 9000, 8000, 9000, 9000, 8000, 7900, 9000, 9000, 7900, 8800, 7900] cpp_raw=[9800, 9600, 9600, 9700, 9700, 9800, 9700, 9700, 9700, 9700, 9700, 9600, 9800, 9700, 9700] public_ns=8900 bounds_ns=8900 execute_ns=8900 combined_ns=8800 cpp_ns=9700 source=780acdd2b0446151 result=3e08e0fcd50e93b1
case op=convert-ubyte-float w=256 h=128 layout=contiguous public_raw=[137900, 140400, 137800, 137900, 137900, 137800, 137900, 137900, 141400, 137900, 137900, 141600, 137900, 137900, 140500] bounds_raw=[137800, 137900, 137800, 137800, 137800, 137900, 246300, 137900, 137900, 137800, 137900, 137800, 137800, 137800, 137800] execute_raw=[23700, 23800, 23800, 23800, 23800, 23800, 23800, 23800, 23800, 23800, 23800, 23800, 23800, 23800, 23800] combined_raw=[31700, 31600, 31600, 31700, 31600, 31600, 31700, 31600, 31600, 31700, 34400, 31600, 31600, 34300, 31600] cpp_raw=[4200, 4200, 4200, 4100, 4200, 4200, 4200, 4200, 4200, 4100, 4200, 4200, 4200, 4200, 4200] public_ns=137900 bounds_ns=137800 execute_ns=23800 combined_ns=31600 cpp_ns=4200 source=e61b28efac3482a5 result=8edc22d932e14fbd
case op=copy-ubyte w=256 h=128 layout=padded public_raw=[7231700, 7397900, 7490000, 7215900, 7364100, 7376600, 7216300, 7233400, 7410600, 7218500, 7216400, 7392000, 7463000, 7213600, 7256300] bounds_raw=[393400, 387600, 383300, 383300, 383300, 383300, 390900, 383200, 383300, 383300, 383300, 393900, 388300, 385600, 385600] execute_raw=[7008600, 6817200, 6819500, 6810500, 6818300, 6811900, 7026700, 7009500, 6809200, 6992600, 7066800, 6813400, 6814000, 7050800, 6810400] combined_raw=[2000, 2000, 2000, 2000, 2000, 2000, 2000, 1900, 1900, 2000, 2000, 2000, 2000, 2000, 2000] cpp_raw=[1300, 1200, 1200, 1200, 1200, 1200, 1200, 1200, 1200, 1200, 1300, 1200, 1200, 1200, 1200] public_ns=7256300 bounds_ns=383300 execute_ns=6818300 combined_ns=2000 cpp_ns=1200 source=e5a18b0018a9faa5 result=d702cf3fb5e29e3d
case op=copy-float w=256 h=128 layout=padded public_raw=[7326200, 7173800, 7175700, 7361500, 7182200, 7172800, 7169500, 7440000, 7667900, 7632600, 7521800, 7462800, 7345400, 7344300, 7349300] bounds_raw=[368100, 373900, 372700, 373900, 526700, 373800, 1283800, 373900, 555600, 421700, 373800, 368100, 384600, 383800, 382700] execute_raw=[6812500, 7036100, 7015000, 6815300, 6814600, 14035600, 7578200, 6977100, 8259800, 7092700, 6814800, 7085600, 7002700, 7037700, 7052800] combined_raw=[4800, 4700, 4700, 4600, 4700, 4800, 4800, 4700, 4700, 5100, 4800, 4900, 4900, 4900, 4900] cpp_raw=[4700, 4700, 4700, 4700, 4700, 4800, 4700, 4700, 4700, 5100, 4700, 4800, 4800, 4800, 4800] public_ns=7345400 bounds_ns=373900 execute_ns=7036100 combined_ns=4800 cpp_ns=4700 source=36662a215b68a60b result=bf1783c6025d513d
case op=copy-Pod w=256 h=128 layout=padded public_raw=[7421300, 7384300, 7354100, 7172000, 7336800, 7334900, 7332900, 7383800, 7167800, 7173900, 7344700, 7004900, 7009200, 7004100, 7011800] bounds_raw=[369600, 360600, 356900, 493000, 360500, 361000, 360500, 360500, 360500, 469800, 363100, 353000, 378600, 352300, 352800] execute_raw=[6936500, 6869800, 6830800, 6821600, 6825300, 6816800, 6986700, 6825500, 6988100, 6823800, 6823000, 6926000, 6895800, 6935800, 6889700] combined_raw=[10300, 10000, 9900, 9900, 9900, 10000, 9900, 9800, 9900, 9900, 9800, 9700, 9700, 9700, 9700] cpp_raw=[10100, 10200, 10200, 10100, 10100, 10100, 10300, 10100, 10100, 10300, 9900, 10000, 10000, 9900, 9900] public_ns=7332900 bounds_ns=360500 execute_ns=6869800 combined_ns=9900 cpp_ns=10100 source=49f9223bca7c6711 result=6d7da255f160ecf1
case op=convert-ubyte-float w=256 h=128 layout=padded public_raw=[37706600, 37425800, 38102900, 37051500, 37500700, 42439600, 37480600, 37731300, 37541300, 37665200, 36807500, 37406800, 37534800, 37388300, 37381900] bounds_raw=[387300, 370600, 362100, 362100, 368000, 368000, 367900, 368000, 368000, 368000, 359600, 574200, 368000, 368000, 367900] execute_raw=[37221300, 37094500, 36879500, 37116100, 41833200, 37150800, 37090000, 37808300, 37116700, 37134800, 36372100, 36984800, 37108600, 37082600, 37130900] combined_raw=[20500, 20600, 20100, 20000, 20600, 20600, 20500, 20600, 20400, 20500, 22500, 20600, 20600, 20400, 20300] cpp_raw=[4200, 4300, 4100, 4100, 4300, 4300, 4200, 4300, 4200, 4200, 4100, 4300, 4200, 4200, 4300] public_ns=37500700 bounds_ns=368000 execute_ns=37116100 combined_ns=20500 cpp_ns=4200 source=e5a18b0018a9faa5 result=8d94738f899eb13d
case op=copy-ubyte w=256 h=128 layout=negative-source public_raw=[7471900, 7011300, 7039900, 7286200, 7009600, 7085000, 7295100, 7309400, 7171600, 7378700, 7301700, 7183100, 7177200, 7485500, 7025700] bounds_raw=[382100, 381900, 376900, 377200, 382100, 374600, 381900, 383300, 398500, 383300, 383300, 393300, 383300, 374500, 374600] execute_raw=[6624700, 6836300, 6843500, 6626400, 6875500, 6802100, 6858400, 6790600, 6775600, 6796300, 6787500, 6936800, 6910000, 6625500, 16280600] combined_raw=[1800, 1900, 1800, 1800, 1900, 1800, 1900, 1900, 1800, 1900, 1900, 1900, 1900, 1800, 1900] cpp_raw=[1200, 1200, 1200, 1200, 1200, 1200, 1200, 1200, 1200, 1200, 1200, 1200, 1200, 1200, 1200] public_ns=7183100 bounds_ns=382100 execute_ns=6802100 combined_ns=1900 cpp_ns=1200 source=e5a18b0018a9faa5 result=d702cf3fb5e29e3d
case op=copy-float w=256 h=128 layout=negative-source public_raw=[7266400, 7019900, 7143500, 7307600, 7137900, 7140400, 7311400, 7360100, 7139800, 7179200, 7845300, 7070300, 7158900, 7351900, 7209000] bounds_raw=[365600, 364500, 368200, 374100, 374100, 368300, 374100, 374100, 376600, 362400, 359800, 365500, 365600, 366300, 365600] execute_raw=[6831200, 6881700, 6957300, 6784500, 6962000, 6950500, 6786300, 6784700, 6919300, 6624800, 6626000, 7074500, 7177700, 6629600, 6632300] combined_raw=[5100, 5100, 5200, 5200, 5300, 5200, 5200, 5300, 5300, 5100, 5100, 5200, 5100, 5100, 5100] cpp_raw=[4800, 4700, 4800, 4800, 4800, 4800, 4800, 4800, 4800, 4700, 4700, 4700, 4900, 4800, 4700] public_ns=7179200 bounds_ns=366300 execute_ns=6831200 combined_ns=5200 cpp_ns=4800 source=36662a215b68a60b result=bf1783c6025d513d
case op=copy-Pod w=256 h=128 layout=negative-source public_raw=[7330000, 7334800, 7353800, 7041200, 7316800, 7228300, 6980000, 7336400, 7203100, 7144500, 7147100, 7149300, 7139200, 7145300, 7043300] bounds_raw=[356800, 360500, 360500, 505100, 352400, 364400, 352300, 352600, 360500, 363100, 360600, 359700, 360500, 354800, 352300] execute_raw=[6794300, 6781200, 6784600, 6643200, 6642400, 6677900, 6927100, 6669200, 7006500, 6928400, 6783300, 6907700, 6954000, 6792500, 6912600] combined_raw=[10100, 10000, 10000, 10000, 9800, 9700, 9700, 9800, 9700, 10000, 10000, 9900, 10000, 10000, 9800] cpp_raw=[10100, 10200, 10200, 10100, 9800, 9900, 9900, 9800, 9900, 10100, 10000, 10100, 10100, 10100, 9900] public_ns=7149300 bounds_ns=360500 execute_ns=6792500 combined_ns=10000 cpp_ns=10100 source=7247388808cf2711 result=6d7da255f160ecf1
case op=convert-ubyte-float w=256 h=128 layout=negative-source public_raw=[37135100, 36906400, 37515900, 41635700, 38143600, 37940100, 37055300, 37545300, 36892400, 36859700, 36889900, 37431400, 36789600, 36596000, 36671500] bounds_raw=[362100, 359700, 368100, 1213200, 377100, 362400, 359700, 370700, 362100, 362300, 359700, 370700, 362200, 359700, 359700] execute_raw=[36503200, 36361700, 36818000, 42369600, 37750300, 37038100, 37130000, 37053700, 36355400, 36789900, 36536500, 36938800, 36450000, 36648400, 36416500] combined_raw=[20200, 20200, 20100, 20600, 21400, 20200, 20100, 20600, 20700, 20100, 20600, 20600, 20100, 20200, 20200] cpp_raw=[4300, 4300, 4200, 4400, 4500, 4300, 4200, 4400, 4400, 4300, 4400, 4400, 4300, 4300, 4300] public_ns=37055300 bounds_ns=362200 execute_ns=36789900 combined_ns=20200 cpp_ns=4300 source=e5a18b0018a9faa5 result=8d94738f899eb13d
case op=copy-ubyte w=256 h=128 layout=negative-both public_raw=[7105400, 7283100, 7077600, 7251300, 7341200, 7422000, 7240000, 14967000, 7241800, 7470000, 7334800, 7242600, 7241600, 7330600, 7232000] bounds_raw=[382100, 374700, 374700, 374700, 383400, 383300, 385700, 383600, 383400, 383400, 383400, 390900, 385900, 383400, 383300] execute_raw=[6874900, 6743600, 6744200, 6811700, 6843700, 6839200, 6966700, 7979500, 6842500, 7190900, 6922700, 6956100, 6930800, 6837000, 6850000] combined_raw=[1900, 1800, 1900, 1800, 1900, 1900, 1900, 2000, 1900, 2000, 2000, 1900, 1900, 1900, 1900] cpp_raw=[1000, 1200, 1200, 1200, 1200, 1200, 1200, 1200, 1200, 1200, 1200, 1200, 1200, 1200, 1200] public_ns=7251300 bounds_ns=383400 execute_ns=6850000 combined_ns=1900 cpp_ns=1200 source=e5a18b0018a9faa5 result=d702cf3fb5e29e3d
case op=copy-float w=256 h=128 layout=negative-both public_raw=[7292400, 7329800, 7329800, 7285300, 7204600, 7321600, 7197200, 7197700, 7296000, 7318000, 7193300, 7292100, 7223500, 7031500, 7032900] bounds_raw=[373900, 373800, 368100, 368000, 373800, 373800, 376400, 373800, 370600, 370900, 376300, 368000, 359700, 365300, 362300] execute_raw=[6998300, 6839600, 6879300, 6931100, 6842700, 6843500, 6932100, 6935200, 6839800, 6841800, 6934100, 6848600, 6819700, 6874800, 6683100] combined_raw=[4900, 4900, 4900, 4900, 5000, 4900, 4900, 5000, 4900, 4900, 4900, 5000, 4800, 4800, 21300] cpp_raw=[4800, 4700, 4800, 4400, 4800, 4800, 4800, 4800, 4700, 4800, 4700, 4800, 4600, 4600, 4700] public_ns=7285300 bounds_ns=370900 execute_ns=6848600 combined_ns=4900 cpp_ns=4800 source=36662a215b68a60b result=bf1783c6025d513d
case op=copy-Pod w=256 h=128 layout=negative-both public_raw=[7038600, 7038100, 7035700, 7210900, 7040700, 7038300, 7604400, 7155000, 7263400, 7418000, 7109000, 7289400, 7301900, 7282300, 7292700] bounds_raw=[353000, 352300, 352300, 352300, 348600, 352300, 352300, 352400, 351200, 352400, 352400, 354800, 360500, 362800, 360500] execute_raw=[6899300, 6874200, 7106900, 6762000, 6850600, 6889500, 6699000, 6751800, 6722800, 6692200, 6691700, 6693700, 6845300, 6848200, 6871700] combined_raw=[9300, 9500, 9400, 9300, 9300, 9200, 9400, 9400, 9200, 9300, 9200, 9500, 9600, 9500, 9400] cpp_raw=[9400, 9300, 9200, 9300, 9300, 9300, 9300, 9300, 9300, 9200, 9200, 9500, 9500, 9400, 9500] public_ns=7210900 bounds_ns=352400 execute_ns=6845300 combined_ns=9400 cpp_ns=9300 source=7247388808cf2711 result=9cc58c133fed2cf1
case op=convert-ubyte-float w=256 h=128 layout=negative-both public_raw=[37222600, 37474000, 37509000, 37629600, 38153700, 37490700, 37537900, 37195200, 36859700, 37512900, 38067500, 40274900, 46501600, 39419500, 39157100] bounds_raw=[368100, 359500, 368100, 370600, 372000, 368100, 368000, 359600, 517800, 359600, 367900, 594700, 398700, 390100, 377400] execute_raw=[36924000, 37004000, 47123900, 37071000, 38113400, 37056800, 37038500, 37062800, 36584100, 37858800, 47570000, 40650000, 48004300, 38723800, 48318300] combined_raw=[20100, 20600, 21000, 20600, 21100, 20600, 20600, 20500, 20100, 20400, 32800, 22700, 39800, 22000, 21800] cpp_raw=[4200, 4300, 4300, 4300, 4300, 4500, 4400, 4300, 4200, 4200, 7900, 4500, 10500, 26300, 4700] public_ns=37537900 bounds_ns=368100 execute_ns=37858800 combined_ns=20600 cpp_ns=4300 source=e5a18b0018a9faa5 result=8d94738f899eb13d
case op=copy-ubyte w=256 h=128 layout=universal public_raw=[7395100, 7635900, 7658600, 7390200, 7385000, 7391100, 7574800, 7590700, 7381000, 7380400, 7389600, 7425600, 7464300, 7383100, 7381500] bounds_raw=[400400, 392600, 397900, 399700, 392600, 400400, 400300, 397900, 396700, 400200, 392500, 392400, 392400, 400200, 392500] execute_raw=[7669000, 7405000, 7389900, 7609100, 8008300, 7702900, 7390500, 7388900, 7504300, 7393200, 7403100, 7390800, 7388400, 7468200, 7464600] combined_raw=[400200, 409400, 400100, 392300, 400000, 397600, 394700, 403200, 392300, 392300, 469900, 401100, 402500, 401500, 424900] cpp_raw=[86800, 86800, 86700, 90400, 86800, 86800, 86700, 86800, 87000, 89700, 86700, 86700, 86700, 86700, 86800] public_ns=7391100 bounds_ns=397900 execute_ns=7405000 combined_ns=400200 cpp_ns=86800 source=2ca74caf843b767b result=186aee41ab7388cf
case op=copy-float w=256 h=128 layout=universal public_raw=[7176300, 7449600, 7446600, 7306300, 8032600, 10674700, 11743200, 8338000, 8305100, 7621800, 7529900, 7523100, 7622900, 7528000, 7658000] bounds_raw=[368000, 376300, 368100, 373800, 425300, 527100, 380500, 419800, 449800, 404000, 389700, 392400, 390000, 428000, 392500] execute_raw=[7417700, 7164900, 7254700, 7874900, 9797700, 9555500, 7361600, 9133300, 7782200, 7529900, 7528300, 7520900, 7513700, 7944500, 7541000] combined_raw=[381300, 384300, 378400, 378100, 619600, 382500, 375700, 574400, 418700, 394200, 393900, 399900, 403000, 400000, 403500] cpp_raw=[62600, 62500, 62500, 62500, 62600, 62900, 62600, 146500, 137400, 65600, 65500, 65300, 65300, 68200, 72600] public_ns=7621800 bounds_ns=392400 execute_ns=7529900 combined_ns=394200 cpp_ns=65300 source=2602f36fdf024e48 result=a35a34c9a114294f
case op=copy-Pod w=256 h=128 layout=universal public_raw=[8139900, 7682800, 7459000, 7457100, 7345200, 7275000, 7292500, 7180900, 7267200, 7324500, 7172700, 7168300, 7279000, 7348100, 7327400] bounds_raw=[381300, 424700, 369500, 369100, 371900, 360600, 363700, 364600, 362400, 356800, 360600, 362500, 360600, 965100, 349500] execute_raw=[7573600, 7478800, 7342700, 7340900, 7334600, 7167000, 7172700, 7171400, 7311400, 7172400, 7304400, 7241600, 7281200, 11892500, 7440000] combined_raw=[379400, 444900, 369900, 369100, 369200, 360600, 360900, 363700, 360600, 363600, 362900, 360500, 363200, 360600, 352300] cpp_raw=[66000, 73300, 63600, 63600, 63500, 62000, 62000, 62100, 62100, 62100, 62100, 62000, 62000, 62100, 60700] public_ns=7324500 bounds_ns=363700 execute_ns=7311400 combined_ns=363200 cpp_ns=62100 source=e9e6a4e830f5d812 result=65aae9126466d5ba
case op=convert-ubyte-float w=256 h=128 layout=universal public_raw=[21824600, 21937700, 22687400, 22858100, 22270500, 22291500, 22702700, 22753400, 23492700, 23531000, 23067600, 22957500, 23159400, 23556100, 23369300] bounds_raw=[370700, 368000, 404800, 377000, 421100, 377500, 377000, 378000, 377800, 382700, 402000, 428800, 391800, 391300, 397100] execute_raw=[21956100, 21981000, 21808200, 22599500, 22256500, 22792500, 22622000, 22623800, 24033500, 23139500, 23195000, 23704300, 23272100, 23178900, 22991300] combined_raw=[368100, 368100, 368100, 368300, 380200, 382800, 378200, 382000, 377200, 391300, 388100, 469000, 387800, 386300, 392400] cpp_raw=[18200, 18400, 18100, 18400, 22700, 18900, 18700, 18700, 46000, 19600, 19500, 20200, 19300, 19500, 19600] public_ns=22858100 bounds_ns=382700 execute_ns=22792500 combined_ns=382000 cpp_ns=19300 source=2ca74caf843b767b result=9981b35893e1a94f
case op=copy-ubyte w=256 h=128 layout=universal-negative public_raw=[7634000, 7531800, 7521200, 7626200, 7674600, 7725300, 8067700, 14802100, 7767500, 7779700, 8095000, 7519000, 7512300, 7565900, 7518100] bounds_raw=[403400, 403400, 403100, 403400, 403500, 407900, 401700, 394000, 405900, 394100, 406900, 393000, 402900, 403600, 448100] execute_raw=[7536300, 7693200, 7694500, 7529200, 7528400, 7586400, 7705900, 8353200, 7379100, 7375900, 7364800, 7718200, 7773500, 7525500, 7521100] combined_raw=[403400, 407300, 403800, 411100, 404500, 406400, 409800, 697000, 402200, 394500, 393800, 463700, 411200, 411400, 403000] cpp_raw=[89300, 89000, 89000, 89000, 89400, 105800, 86900, 90100, 87200, 87500, 87100, 89100, 170000, 88900, 89200] public_ns=7634000 bounds_ns=403400 execute_ns=7536300 combined_ns=406400 cpp_ns=89000 source=aee6fc6fec93767b result=e78d431e19cc88cf
case op=copy-float w=256 h=128 layout=universal-negative public_raw=[7735900, 7391000, 7390000, 7509700, 7503900, 7499300, 7392400, 7390600, 7394400, 7395100, 7500300, 7503200, 7545200, 7395900, 7410200] bounds_raw=[384000, 382900, 383400, 377500, 438800, 383800, 385600, 388200, 383500, 383600, 378300, 386100, 388700, 384200, 389200] execute_raw=[7384000, 7740700, 7502500, 7387900, 7532300, 7384600, 7403200, 7492800, 7517100, 7385600, 7429200, 7383700, 7386800, 7462800, 7568500] combined_raw=[391600, 386200, 392100, 389400, 385600, 393900, 385600, 393300, 518600, 522800, 412200, 389000, 392300, 385800, 390200] cpp_raw=[64200, 64000, 64200, 64000, 65100, 64100, 64100, 64300, 64100, 65300, 64100, 64200, 64200, 64400, 65100] public_ns=7410200 bounds_ns=384000 execute_ns=7429200 combined_ns=391600 cpp_ns=64200 source=a257b6291ff8ce48 result=6438f003893e294f
case op=copy-Pod w=256 h=128 layout=universal-negative public_raw=[7306800, 7419000, 7298100, 7303200, 7389300, 7373600, 7552000, 7628000, 7488000, 7301200, 7518100, 7292800, 7290700, 7292500, 7427300] bounds_raw=[372800, 374100, 372500, 372500, 374200, 377400, 371700, 378100, 372700, 373600, 370500, 366500, 435500, 371200, 370700] execute_raw=[7621200, 7546300, 7297600, 7427100, 7307800, 7451500, 7517400, 7570900, 7294500, 7449500, 7289500, 7289200, 7469400, 7364700, 7360700] combined_raw=[372800, 373000, 373500, 371700, 374400, 374000, 378900, 374200, 370600, 374400, 371100, 371100, 371600, 370800, 374300] cpp_raw=[71000, 71200, 102200, 76500, 75100, 72600, 73400, 116400, 68300, 69400, 71000, 125100, 70800, 66400, 68800] public_ns=7373600 bounds_ns=372700 execute_ns=7427100 combined_ns=373000 cpp_ns=71200 source=9d3846764beed812 result=da53e1b7f4d855ba
case op=convert-ubyte-float w=256 h=128 layout=universal-negative public_raw=[24836300, 24593000, 24336900, 24097500, 24112100, 24119200, 24931100, 24865500, 25126500, 24795200, 25057600, 26854400, 26171100, 25448400, 24810100] bounds_raw=[377800, 376800, 368200, 372000, 368000, 370700, 370600, 368500, 368500, 434200, 377200, 379900, 506500, 391300, 377100] execute_raw=[32284400, 24848000, 24086800, 24271200, 24490500, 24362800, 24112700, 24330800, 25186400, 24961700, 24766500, 26540800, 25173400, 24847900, 24906800] combined_raw=[1344900, 426100, 371000, 370800, 370700, 368000, 370600, 368400, 372900, 377600, 377200, 378800, 383500, 419900, 377300] cpp_raw=[18700, 18600, 18200, 18200, 18200, 18200, 18100, 18200, 18200, 18200, 18700, 42800, 18900, 18900, 18900] public_ns=24836300 bounds_ns=376800 execute_ns=24847900 combined_ns=377200 cpp_ns=18200 source=aee6fc6fec93767b result=b595bddcda97a94f
case op=copy-ubyte w=256 h=128 layout=repeated-source public_raw=[7227400, 7333000, 7494200, 7227600, 7161600, 7325800, 7165000, 7156300, 7396900, 7411300, 7468300, 7280900, 7349800, 7279600, 7367500] bounds_raw=[383500, 395700, 383500, 383200, 392000, 385600, 383300, 383300, 383300, 399000, 389000, 383400, 392100, 649700, 383500] execute_raw=[7006900, 6825400, 6884100, 6896600, 6760200, 6760800, 6925000, 6922400, 7219700, 6807600, 6779200, 7004700, 7114500, 7040000, 8834700] combined_raw=[2100, 2000, 2000, 1700, 1800, 1800, 1800, 1800, 1700, 2000, 2000, 1900, 2000, 1800, 3200] cpp_raw=[1300, 1300, 1400, 1300, 1300, 1200, 1200, 1200, 1200, 1300, 1300, 1300, 1300, 1300, 1400] public_ns=7325800 bounds_ns=383500 execute_ns=6922400 combined_ns=1900 cpp_ns=1300 source=b801a0f8ceb910a5 result=d702cf3fb5e29e3d
case op=copy-float w=256 h=128 layout=repeated-source public_raw=[7396900, 10901900, 9689000, 9579000, 9256800, 8074900, 8938500, 8030200, 7819500, 8219600, 7798100, 7930300, 7721000, 7713900, 7810000] bounds_raw=[378400, 395900, 505700, 552200, 486700, 393900, 466700, 408000, 403700, 411700, 464500, 413400, 387000, 392500, 392000] execute_raw=[7467800, 10628500, 8852500, 8654900, 9634300, 8436200, 7984900, 7706600, 7608200, 7978700, 7524400, 7528100, 7464100, 7355900, 7323300] combined_raw=[4500, 9900, 7900, 11800, 8600, 10400, 6300, 5400, 6900, 6600, 4800, 4700, 5100, 4100, 8000] cpp_raw=[5000, 7600, 4300, 6100, 6700, 8200, 5500, 5200, 6100, 5300, 5700, 3200, 5000, 5100, 5100] public_ns=8030200 bounds_ns=408000 execute_ns=7706600 combined_ns=6600 cpp_ns=5300 source=2ab4dac9ab1576eb result=bf1783c6025d513d
case op=copy-Pod w=256 h=128 layout=repeated-source public_raw=[8250700, 8362500, 7786300, 7691800, 7820500, 7920900, 8144000, 8278300, 8152000, 8053400, 7724400, 8226500, 8157100, 8291300, 7704400] bounds_raw=[446200, 429000, 412200, 379300, 380000, 382600, 396800, 676700, 512900, 387000, 396800, 384600, 379400, 445600, 376200] execute_raw=[8431300, 8212900, 7853700, 7563600, 7452900, 7455900, 7947600, 7861500, 7374000, 7476600, 7706100, 7645300, 7430000, 7369900, 7411900] combined_raw=[8000, 8200, 7800, 8600, 7600, 8000, 10300, 7700, 17200, 7600, 8300, 7600, 8800, 6800, 18200] cpp_raw=[10000, 9700, 9800, 9800, 9700, 6900, 10200, 8700, 12400, 9700, 8500, 9700, 11500, 9600, 7200] public_ns=8144000 bounds_ns=396800 execute_ns=7563600 combined_ns=8000 cpp_ns=9700 source=eeeb850fb0e39951 result=fb16e77c4b15ecf1
case op=convert-ubyte-float w=256 h=128 layout=repeated-source public_raw=[42599700, 41650600, 41689600, 42712700, 40630400, 40615700, 39632000, 39289800, 40095800, 41172400, 39670400, 39991100, 40482100, 40338100, 39684000] bounds_raw=[394600, 386700, 390300, 389900, 389200, 442300, 465200, 378100, 392200, 449300, 392300, 386200, 387100, 391100, 391400] execute_raw=[41195800, 41260200, 53073600, 41116000, 40267800, 41123800, 40086200, 39928900, 39706600, 39752600, 38927700, 39929600, 39666300, 39684000, 48945100] combined_raw=[28000, 27400, 24200, 21900, 22600, 22100, 22200, 22200, 22000, 25100, 22500, 22500, 23100, 21600, 22700] cpp_raw=[4400, 6000, 4500, 5600, 4300, 4300, 4300, 4200, 4500, 7400, 4300, 4300, 4400, 4300, 4300] public_ns=40482100 bounds_ns=391100 execute_ns=40086200 combined_ns=22500 cpp_ns=4300 source=b801a0f8ceb910a5 result=8d94738f899eb13d
case op=copy-ubyte w=256 h=128 layout=zero-source public_raw=[2135300, 2140400, 2149800, 2131400, 2127800, 2133400, 2149900, 2133000, 2124300, 2132100, 2137800, 2170300, 2191200, 2173800, 2143700] bounds_raw=[403000, 402700, 402500, 410300, 406200, 406900, 424700, 406100, 413300, 407500, 403100, 443000, 407500, 409100, 428800] execute_raw=[2133200, 2157300, 2501800, 2123700, 2409400, 2147500, 2175600, 2183500, 2142400, 2141700, 2193700, 2553200, 2167000, 2209800, 2155600] combined_raw=[413900, 402800, 414300, 412400, 415400, 409700, 412400, 412700, 401800, 406000, 409100, 491200, 408900, 457200, 402300] cpp_raw=[89400, 89200, 89200, 88800, 88800, 91400, 89000, 88900, 88900, 88900, 89100, 89600, 89700, 89600, 90100] public_ns=2137800 bounds_ns=407500 execute_ns=2167000 combined_ns=412400 cpp_ns=89200 source=ea3b47c803d61b61 result=805f2b0ca3e19e3d
case op=copy-float w=256 h=128 layout=zero-source public_raw=[2092200, 2093500, 2093300, 2295100, 2096400, 2290900, 2109500, 2229300, 2093000, 2094200, 2101600, 2096200, 2087500, 2096500, 2185400] bounds_raw=[392400, 391500, 386500, 393900, 396100, 392900, 395100, 393700, 392100, 392300, 389900, 392200, 393500, 391600, 404600] execute_raw=[2085200, 2090100, 2083900, 2080400, 2084100, 2276800, 2172100, 2110600, 2082900, 2078300, 2153200, 2081100, 2313300, 2337600, 2094800] combined_raw=[400000, 394000, 394200, 397400, 472100, 394800, 458500, 394500, 394000, 397600, 402600, 397400, 424500, 393800, 401000] cpp_raw=[65000, 65000, 68100, 65100, 65200, 65300, 65300, 65100, 68200, 68300, 65000, 65000, 65400, 65100, 65300] public_ns=2096400 bounds_ns=392400 execute_ns=2090100 combined_ns=397400 cpp_ns=65200 source=3ee659a586185a17 result=d3a2f65955b6b13d
case op=copy-Pod w=256 h=128 layout=zero-source public_raw=[2094400, 2336200, 2424900, 2157700, 2168300, 2102600, 2148700, 2042600, 2042200, 2210100, 2089300, 2110500, 2090600, 2051200, 2047600] bounds_raw=[381800, 378600, 438200, 376500, 379300, 369600, 381900, 372600, 372100, 383600, 375100, 478500, 399400, 369300, 377800] execute_raw=[2113500, 2079600, 2080100, 2128800, 2090900, 2033300, 2467700, 2047500, 2033300, 2390300, 2062400, 2330700, 2420900, 2036200, 2036000] combined_raw=[385800, 378400, 381800, 380900, 380500, 387800, 426300, 369900, 393300, 473900, 374900, 371000, 371200, 382500, 369300] cpp_raw=[65400, 65400, 223000, 66800, 92100, 64400, 64000, 64300, 63800, 64200, 63900, 69700, 64800, 64000, 63800] public_ns=2102600 bounds_ns=378600 execute_ns=2080100 combined_ns=380900 cpp_ns=64400 source=52489578602bbe06 result=ef186d4d74d56cf1
case op=convert-ubyte-float w=256 h=128 layout=zero-source public_raw=[6870400, 6121400, 6380300, 6122100, 6262800, 6122300, 7203400, 6603700, 6294000, 6344600, 6849700, 6654500, 6939400, 7110000, 7560700] bounds_raw=[377600, 383500, 377800, 381100, 383500, 377900, 391900, 393200, 390200, 387100, 467900, 393900, 449800, 390700, 469800] execute_raw=[6296100, 6561500, 6395100, 6984300, 6464600, 6288800, 6727800, 6986600, 6276600, 6295200, 6535900, 7075200, 6950300, 6783400, 7738900] combined_raw=[377700, 377600, 377600, 380700, 381100, 435600, 603400, 398300, 396500, 386800, 409700, 392000, 389000, 390300, 428200] cpp_raw=[18600, 18500, 18600, 18500, 18600, 19000, 19500, 19000, 18900, 18900, 20800, 19400, 19100, 19400, 19000] public_ns=6603700 bounds_ns=390200 execute_ns=6561500 combined_ns=390300 cpp_ns=19000 source=ea3b47c803d61b61 result=fb8549580c3ab13d
case op=copy-ubyte w=2048 h=512 layout=contiguous public_raw=[297500, 89400, 87700, 98300, 128100, 64300, 61300, 63700, 386900, 87700, 71200, 273100, 203600, 323400, 63000] bounds_raw=[84500, 164500, 141200, 209100, 680200, 73700, 67100, 63100, 127600, 284700, 70800, 69100, 74000, 165400, 101700] execute_raw=[571600, 396900, 334100, 111100, 198900, 167600, 307400, 78200, 237800, 105200, 64300, 56000, 68800, 74000, 171300] combined_raw=[103000, 137400, 275500, 110000, 72400, 173500, 253800, 223300, 159700, 153100, 360500, 62800, 66300, 63900, 93400] cpp_raw=[88100, 166700, 138600, 348800, 389700, 75100, 85600, 89600, 232900, 132700, 202500, 105400, 73700, 59600, 60700] public_ns=89400 bounds_ns=101700 execute_ns=167600 combined_ns=137400 cpp_ns=105400 source=2330a0f18d4d82a5 result=80d2fb93a399d2bd
case op=copy-float w=2048 h=512 layout=contiguous public_raw=[245900, 282200, 266400, 314600, 340400, 390500, 229300, 222300, 309300, 215300, 318700, 613900, 275700, 469100, 261800] bounds_raw=[282000, 413400, 263700, 313500, 274700, 299400, 372800, 216600, 347700, 328500, 341200, 219000, 243100, 350000, 226000] execute_raw=[258800, 418600, 257100, 313200, 271700, 389500, 453800, 224300, 239200, 493100, 855100, 219000, 393700, 352300, 207600] combined_raw=[257800, 484900, 251900, 269300, 284200, 987700, 354100, 350000, 763700, 505900, 535700, 193700, 371100, 224400, 446000] cpp_raw=[236600, 585800, 274800, 306500, 356700, 1281200, 219500, 216800, 759100, 240500, 309500, 218500, 354000, 430800, 347100] public_ns=282200 bounds_ns=299400 execute_ns=313200 combined_ns=354100 cpp_ns=309500 source=13b5de7322d2f7ab result=d89816c09b0f4fbd
case op=copy-Pod w=2048 h=512 layout=contiguous public_raw=[693400, 1367300, 694500, 790600, 728600, 716900, 756600, 2728700, 705200, 1242400, 735900, 1301600, 1018300, 985000, 1058100] bounds_raw=[725400, 923600, 1829400, 754400, 705500, 1130900, 794300, 2159700, 704900, 964600, 887100, 790100, 1117600, 987100, 1254200] execute_raw=[1354800, 714400, 718600, 694800, 720800, 1384200, 873800, 750900, 705400, 867000, 710700, 1030900, 1288700, 886500, 888800] combined_raw=[711500, 874000, 968700, 735300, 694800, 724900, 752600, 747600, 837800, 838700, 697400, 932500, 1542100, 950400, 818400] cpp_raw=[784600, 1485700, 783500, 1046000, 1218500, 1039800, 2209400, 2704900, 802700, 869700, 821600, 1205600, 1407100, 1007900, 959900] public_ns=790600 bounds_ns=923600 execute_ns=867000 combined_ns=818400 cpp_ns=1039800 source=d8cd6555f4166151 result=59e0883c487093b1
case op=convert-ubyte-float w=2048 h=512 layout=contiguous public_raw=[4564000, 4810400, 4544800, 4930200, 4763600, 4652400, 4654200, 4856900, 4653200, 4631000, 4738800, 4598900, 4605700, 4708300, 4769400] bounds_raw=[4543000, 4762100, 4543600, 4594800, 4685800, 4656700, 4650600, 4672200, 4545600, 4540400, 4921900, 4664500, 4580700, 4544800, 4853100] execute_raw=[797900, 793600, 792700, 836700, 812700, 809600, 812800, 816500, 820200, 795200, 842400, 865200, 844800, 970000, 791800] combined_raw=[1035700, 1037500, 1089200, 1037500, 1064000, 1067900, 1061600, 1065800, 1198300, 1096300, 1085400, 1098900, 1040500, 1029400, 1033600] cpp_raw=[367900, 292400, 268100, 284200, 277100, 454100, 282600, 308500, 320500, 525900, 309800, 253300, 231700, 233800, 368100] public_ns=4654200 bounds_ns=4650600 execute_ns=812800 combined_ns=1064000 cpp_ns=292400 source=2330a0f18d4d82a5 result=8830660fbe034fbd
case op=copy-ubyte w=2048 h=512 layout=padded public_raw=[132568500, 128169300, 126607900, 129789500, 132234900, 127633600, 121531700, 122336000, 121523200, 124952900, 123050000, 123325500, 126783600, 126578600, 126740000] bounds_raw=[13044200, 14016100, 12743500, 13415500, 13248300, 13951000, 12512100, 12453100, 12343700, 12737700, 12498400, 12503900, 12870900, 12771700, 13050700] execute_raw=[112817000, 113789900, 123554700, 115013800, 115826900, 112447500, 120557200, 110877100, 113000000, 119798400, 109796600, 109611800, 110906500, 128905800, 113650700] combined_raw=[66900, 69700, 66700, 73600, 48000, 45100, 43700, 43400, 38900, 73400, 50100, 41000, 73900, 62900, 72000] cpp_raw=[69200, 79800, 70000, 70400, 58000, 43000, 41100, 41200, 41200, 45600, 54300, 41900, 72500, 53700, 79000] public_ns=126607900 bounds_ns=12771700 execute_ns=113650700 combined_ns=62900 cpp_ns=54300 source=ae83cf5b1e4efaa5 result=824b457e72415e3d
case op=copy-float w=2048 h=512 layout=padded public_raw=[134148600, 125921200, 133969800, 128099000, 120756800, 122327700, 122381000, 134796600, 127678100, 121781100, 124759000, 124984200, 120813800, 121007200, 124973000] bounds_raw=[12329900, 12373900, 12748500, 13068400, 12216400, 12229600, 11983900, 12502600, 12234800, 11993000, 12575800, 12549200, 12050400, 11943100, 12204500] execute_raw=[112771500, 111849300, 125689400, 120821200, 110903500, 109603200, 110626600, 113417100, 109809700, 112006600, 117492100, 124062700, 111519300, 109766400, 110975400] combined_raw=[721700, 281600, 924000, 430200, 227500, 234200, 220400, 222600, 261200, 239500, 589200, 227800, 221800, 215800, 233600] cpp_raw=[591000, 349700, 576100, 375000, 234200, 251600, 224200, 266600, 248100, 267400, 252600, 333400, 283200, 252200, 233100] public_ns=124973000 bounds_ns=12234800 execute_ns=111849300 combined_ns=234200 cpp_ns=266600 source=f707132824e3b60b result=7e1f3007cb46713d
case op=copy-Pod w=2048 h=512 layout=padded public_raw=[123062000, 121887200, 120948200, 122326000, 122828600, 126064300, 134390400, 122377000, 121366100, 128061800, 133382100, 122339800, 121260000, 123266700, 131292100] bounds_raw=[11750100, 11679100, 11366900, 11588700, 16398900, 12060500, 11760900, 12234500, 12258000, 11912000, 12759200, 11915800, 11600100, 11731400, 12342600] execute_raw=[109453700, 111939100, 112093600, 111933300, 119646200, 120831400, 111463400, 119369300, 120978000, 110740700, 118281600, 111137300, 111889400, 114954300, 120705400] combined_raw=[1114900, 709400, 893900, 682500, 875200, 757200, 711600, 771900, 1689000, 1541100, 695600, 728100, 827400, 723900, 1140900] cpp_raw=[831100, 695600, 696000, 691800, 674100, 668500, 685300, 865900, 675300, 785100, 962700, 654200, 669200, 697500, 759000] public_ns=122828600 bounds_ns=11912000 execute_ns=112093600 combined_ns=771900 cpp_ns=695600 source=e31314711d294711 result=cd84131d95f48cf1
case op=convert-ubyte-float w=2048 h=512 layout=padded public_raw=[611594500, 606344800, 607171200, 629258400, 623364900, 648249200, 619262500, 616058400, 610201700, 632202000, 632939200, 648692400, 627238800, 614219400, 614282000] bounds_raw=[11930400, 11709100, 18094700, 12446900, 12483400, 12321000, 11792100, 11783800, 12032800, 12561400, 12292300, 12494400, 12240200, 11776100, 11917700] execute_raw=[603127500, 603446600, 600821600, 625090700, 623290900, 606614500, 613761300, 620520000, 608489100, 611103700, 603834500, 609283200, 605825700, 594309100, 591335800] combined_raw=[630900, 600800, 819800, 631800, 643900, 636000, 611800, 646000, 629100, 613300, 631600, 649200, 631400, 654900, 634000] cpp_raw=[161300, 149900, 155500, 156100, 267900, 161400, 191300, 170300, 158200, 156700, 154300, 157900, 155700, 175400, 165900] public_ns=619262500 bounds_ns=12240200 execute_ns=606614500 combined_ns=631800 cpp_ns=158200 source=ae83cf5b1e4efaa5 result=a6f0b1d68eba713d
case op=copy-ubyte w=2048 h=512 layout=negative-source public_raw=[125926000, 130249400, 121792400, 122521300, 126206800, 125200800, 126213600, 122485400, 122676100, 120307600, 122540900, 120876000, 122505300, 139676100, 129398800] bounds_raw=[12674700, 12337900, 12561900, 12557000, 12854800, 12397900, 12430600, 12341600, 12485000, 21567400, 12866800, 12526900, 12283400, 13435800, 13046300] execute_raw=[109986800, 108657900, 109123100, 114119400, 112822600, 119007200, 107721300, 111539700, 109506500, 108535400, 108563900, 109201600, 109404800, 114819900, 116591800] combined_raw=[51200, 43200, 50800, 44100, 54700, 51600, 37200, 54500, 38900, 50600, 42800, 50600, 51500, 38000, 83900] cpp_raw=[39300, 38500, 75200, 39000, 52300, 39400, 38200, 39800, 39300, 70200, 39300, 39400, 39600, 38200, 66800] public_ns=122676100 bounds_ns=12557000 execute_ns=109506500 combined_ns=50600 cpp_ns=39400 source=ae83cf5b1e4efaa5 result=824b457e72415e3d
case op=copy-float w=2048 h=512 layout=negative-source public_raw=[124944300, 120246900, 126325500, 125637700, 126630500, 128363500, 125665200, 124318900, 129252000, 127999200, 129790100, 124561900, 124272600, 124364500, 124102800] bounds_raw=[12606900, 12183200, 12307400, 12798900, 12513800, 12578100, 12289500, 13700000, 13277500, 12720500, 13294800, 12544400, 12397900, 12654900, 12659200] execute_raw=[111331900, 110549900, 109156900, 123291100, 114523500, 114673100, 112796200, 122007000, 119326100, 115884200, 127309000, 114604300, 112374800, 113123300, 125348100] combined_raw=[222300, 214600, 223600, 289900, 448600, 277600, 306000, 324200, 464900, 391300, 382900, 241500, 275900, 321000, 334300] cpp_raw=[220700, 235600, 234200, 306600, 250600, 273400, 325800, 274800, 414900, 1011700, 719300, 245400, 320900, 331100, 249900] public_ns=125637700 bounds_ns=12606900 execute_ns=114604300 combined_ns=306000 cpp_ns=274800 source=f707132824e3b60b result=7e1f3007cb46713d
case op=copy-Pod w=2048 h=512 layout=negative-source public_raw=[144172300, 126623300, 143843600, 127550900, 129381200, 124680500, 134563600, 125304600, 125789200, 128315300, 125052500, 134918500, 128563200, 126430200, 126471900] bounds_raw=[13605100, 12187500, 13317900, 11983100, 13641400, 11966900, 12775700, 12079000, 12176500, 12418100, 12512300, 12153000, 12284200, 12021500, 12538800] execute_raw=[116501600, 113698100, 113746700, 114618300, 117764900, 115424700, 125754000, 129437800, 114272800, 126827100, 113578700, 115598700, 127864900, 115825500, 126152400] combined_raw=[869500, 1046200, 912200, 1764100, 2585500, 1009300, 1866300, 1274400, 913700, 936700, 1290400, 923600, 982000, 912000, 1078700] cpp_raw=[816800, 796300, 856600, 1576200, 900800, 900800, 892200, 829000, 842900, 825200, 887900, 861700, 846600, 1134300, 834800] public_ns=127550900 bounds_ns=12284200 execute_ns=115825500 combined_ns=1009300 cpp_ns=856600 source=a98d88b93a2d4711 result=cd84131d95f48cf1
case op=convert-ubyte-float w=2048 h=512 layout=negative-source public_raw=[645527100, 643676800, 635193400, 661828300, 658081300, 642509400, 654396500, 657411200, 647957600, 662734500, 649709800, 662550600, 658317700, 657472100, 644056700] bounds_raw=[12948900, 12094100, 12511000, 12896700, 12686700, 12558300, 12832900, 12685600, 13134700, 12677400, 12677300, 12658000, 12837100, 13018900, 12839300] execute_raw=[648038600, 645041000, 633057000, 631218100, 641298100, 651790700, 650196000, 657998100, 636928300, 638089800, 648040300, 645183600, 641303300, 649623000, 643054200] combined_raw=[677500, 741800, 1960000, 668700, 716100, 765500, 731700, 746600, 677400, 742600, 691400, 719600, 740700, 677800, 703400] cpp_raw=[392200, 209300, 321000, 222800, 226900, 316300, 341100, 551600, 245000, 255700, 218900, 246100, 232700, 202800, 281100] public_ns=654396500 bounds_ns=12686700 execute_ns=645041000 combined_ns=719600 cpp_ns=246100 source=ae83cf5b1e4efaa5 result=a6f0b1d68eba713d
case op=copy-ubyte w=2048 h=512 layout=negative-both public_raw=[139380600, 130412500, 130564700, 130636000, 130053300, 129677500, 130189000, 133016000, 129965200, 132196300, 130376900, 131493600, 140049500, 129772200, 130614700] bounds_raw=[13140900, 13217900, 13123900, 13271700, 13386400, 13289500, 13024300, 13169200, 13678000, 13280500, 13230500, 13223000, 13272400, 13195900, 13424700] execute_raw=[117233500, 117517400, 116938900, 124961200, 115860300, 116067600, 116174300, 117454100, 117738900, 116448900, 116210700, 124542700, 116696900, 116768500, 124291100] combined_raw=[73500, 69900, 69600, 63900, 79200, 65200, 73800, 82900, 80100, 65900, 68800, 67600, 164500, 84000, 83400] cpp_raw=[59000, 63800, 57800, 77300, 72400, 49200, 53500, 76200, 44300, 87200, 52900, 51000, 73900, 91100, 88400] public_ns=130564700 bounds_ns=13230500 execute_ns=116938900 combined_ns=73500 cpp_ns=63800 source=ae83cf5b1e4efaa5 result=824b457e72415e3d
case op=copy-float w=2048 h=512 layout=negative-both public_raw=[132207800, 133907400, 129261700, 128071900, 126865100, 128406900, 128402000, 126775300, 138635400, 127445400, 127264200, 135406000, 127469000, 127606500, 128984200] bounds_raw=[13066800, 12601600, 13030800, 13049900, 13866300, 13289300, 13588400, 12868000, 13188600, 12898700, 12849000, 12794500, 12809300, 12947200, 13002800] execute_raw=[116355700, 116347900, 121570100, 115711200, 120891900, 120952800, 116398900, 116260600, 117923000, 115933400, 115234600, 115683800, 115279800, 117802900, 117050500] combined_raw=[1033700, 540100, 397200, 311300, 311800, 625300, 264000, 347000, 407000, 280800, 331600, 303800, 247100, 299400, 310300] cpp_raw=[1404700, 797200, 383300, 280100, 404100, 1027800, 310300, 367900, 546400, 322100, 695500, 325000, 266100, 297500, 710900] public_ns=128402000 bounds_ns=13002800 execute_ns=116355700 combined_ns=311800 cpp_ns=383300 source=f707132824e3b60b result=7e1f3007cb46713d
case op=copy-Pod w=2048 h=512 layout=negative-both public_raw=[134249100, 128206900, 129671700, 131149400, 129023700, 132400700, 137748100, 143796600, 134897400, 136448200, 143744800, 137274600, 135658500, 135890600, 136235300] bounds_raw=[12259400, 12180300, 12521700, 12392900, 12163000, 12533600, 12107700, 12966200, 13236800, 13309000, 12848500, 14310700, 14033900, 13066400, 13031900] execute_raw=[128381900, 117319200, 117263500, 117716600, 121023200, 117511300, 122958200, 122670800, 122805900, 124267700, 127400000, 125587700, 123957600, 123913100, 132365200] combined_raw=[945800, 888300, 953700, 913200, 1848700, 1009700, 1165800, 948000, 850600, 909900, 1400500, 1100800, 937200, 972600, 927300] cpp_raw=[841700, 853500, 829400, 822400, 820600, 951600, 1213700, 843600, 806100, 822700, 1240900, 953300, 830800, 828200, 921200] public_ns=135658500 bounds_ns=12848500 execute_ns=122958200 combined_ns=948000 cpp_ns=841700 source=a98d88b93a2d4711 result=35d2d67477ff8cf1
case op=convert-ubyte-float w=2048 h=512 layout=negative-both public_raw=[677741000, 692150900, 697956400, 676610900, 682926900, 671872400, 669672700, 669426700, 722117400, 657938600, 680327400, 667216300, 661645100, 662371300, 653839600] bounds_raw=[13213900, 13143300, 13203600, 13220600, 13041000, 13006200, 12569900, 13320400, 12767300, 12963800, 13251600, 12744600, 13296500, 12242500, 12757700] execute_raw=[664686300, 655167500, 667406200, 676069800, 663424200, 649562600, 631325900, 633823400, 648771600, 644700800, 647941100, 650795400, 653234300, 634313400, 647705800] combined_raw=[722800, 753600, 728200, 729000, 863100, 703400, 693700, 948400, 869100, 713100, 692200, 717000, 684100, 762600, 696100] cpp_raw=[233600, 269700, 205600, 214100, 312800, 263800, 206500, 259500, 305000, 293100, 224300, 216400, 225600, 255400, 214200] public_ns=671872400 bounds_ns=13041000 execute_ns=649562600 combined_ns=722800 cpp_ns=233600 source=ae83cf5b1e4efaa5 result=a6f0b1d68eba713d
case op=copy-ubyte w=2048 h=512 layout=universal public_raw=[130653700, 130621900, 130769300, 131382000, 138922600, 130307500, 130410000, 130262400, 131460500, 131295500, 137759100, 130311600, 131184800, 131159200, 139303700] bounds_raw=[13219400, 13134200, 13541700, 13249800, 13270200, 13063200, 13020200, 13229100, 13142200, 13180900, 23434700, 13540000, 13168300, 22801800, 13541500] execute_raw=[130963000, 138692100, 131008700, 131275400, 130251300, 130156500, 130943400, 139881900, 130922000, 132052200, 133692500, 133236500, 132037200, 133149600, 134339600] combined_raw=[13414000, 13399400, 13263500, 13173700, 13434600, 13310100, 13103200, 13425800, 13192900, 13815700, 13707000, 13419700, 13131700, 13052900, 13806800] cpp_raw=[3284800, 2860200, 2794500, 2869600, 2864200, 2915000, 2863600, 2791200, 3321900, 2962800, 3365800, 2863700, 2922400, 2867600, 3344200] public_ns=131159200 bounds_ns=13229100 execute_ns=132037200 combined_ns=13399400 cpp_ns=2869600 source=546dc88cf162767b result=b53972f2ee1fc8cf
case op=copy-float w=2048 h=512 layout=universal public_raw=[131765800, 129890100, 134970100, 129977700, 130947800, 143385300, 130576400, 131676200, 139168300, 134001000, 131018300, 134892500, 130328600, 130369100, 139041000] bounds_raw=[13202400, 13431000, 12921500, 13152500, 13301900, 12888000, 13026700, 13092200, 12984000, 14689500, 12920700, 14023700, 13078600, 12946600, 12647900] execute_raw=[133872600, 132918600, 137903000, 129799900, 133284900, 131515400, 130409200, 131166400, 129798000, 135828500, 129893000, 147043800, 131430100, 130187000, 130359800] combined_raw=[13598400, 13218300, 12989500, 13143200, 13635000, 13088400, 13194200, 13293100, 13248800, 13366000, 13188400, 13466400, 13365300, 13233800, 13169200] cpp_raw=[2404100, 2281600, 2275200, 2319100, 2355200, 2415100, 2288000, 2411900, 2328300, 2286900, 2262200, 3398300, 3031300, 2280900, 2311000] public_ns=131676200 bounds_ns=13078600 execute_ns=131430100 combined_ns=13233800 cpp_ns=2319100 source=4f1036148aacde48 result=1d8ea0b52256e94f
case op=copy-Pod w=2048 h=512 layout=universal public_raw=[130051700, 130522200, 139877600, 137336200, 139540000, 130243300, 132244400, 138121300, 129610600, 139893500, 129621700, 130418100, 138648300, 131256700, 129289900] bounds_raw=[12391400, 12642100, 12463600, 13092800, 12644800, 12534200, 12767900, 12572200, 12857100, 12301500, 12403700, 12438600, 12564100, 12763800, 12357800] execute_raw=[129773200, 131870600, 128857500, 135540500, 129121000, 128520400, 129918300, 130443100, 131089500, 129600800, 129559900, 133937600, 129817300, 131829400, 135123500] combined_raw=[12430900, 13225000, 12404900, 12586900, 13026000, 12394600, 12981400, 12375900, 12481800, 12513100, 12632600, 12840400, 12593600, 12732400, 13326000] cpp_raw=[2681500, 3438000, 2655400, 2661800, 3251000, 3046700, 2934200, 2569300, 2689400, 2562200, 2603500, 2892700, 2668300, 2689200, 2724400] public_ns=131256700 bounds_ns=12564100 execute_ns=129918300 combined_ns=12593600 cpp_ns=2689200 source=196bf4d6cf5eb812 result=fc9731c7256835ba
case op=convert-ubyte-float w=2048 h=512 layout=universal public_raw=[383242600, 381779200, 385260300, 386034900, 388096200, 399748100, 393020900, 391295500, 395161400, 404685100, 403003700, 395722100, 386779300, 390543400, 393856600] bounds_raw=[13127700, 12831600, 12809300, 21915000, 12829100, 13166900, 13100000, 12958600, 13403700, 13315900, 13091700, 12981400, 13416100, 13058300, 13152800] execute_raw=[388095200, 391153400, 394682000, 385411200, 394039800, 402311400, 387021400, 397427200, 392133800, 393372600, 391640500, 385066300, 383120600, 383562400, 387492700] combined_raw=[13100400, 12835800, 13034500, 12902900, 13137900, 12980400, 13188000, 13197700, 13232600, 13678300, 12971100, 13077400, 12883900, 13423100, 12971400] cpp_raw=[990800, 724200, 764500, 735100, 1334500, 755400, 768600, 2122800, 687100, 802400, 724300, 1013500, 758600, 737200, 738300] public_ns=391295500 bounds_ns=13100000 execute_ns=391153400 combined_ns=13077400 cpp_ns=758600 source=546dc88cf162767b result=24fea8e2dff2e94f
case op=copy-ubyte w=2048 h=512 layout=universal-negative public_raw=[130953200, 135254100, 131955900, 130874500, 131992900, 140247300, 133997200, 139010000, 142987900, 130878000, 131447800, 134119900, 130714000, 131159400, 140433400] bounds_raw=[13793300, 13479800, 13612200, 13441600, 13494700, 13612900, 13437500, 13975200, 13812800, 13431200, 13515200, 13521300, 13342100, 13423900, 13342800] execute_raw=[130960500, 131708100, 142440100, 131778800, 131198400, 133299600, 133526500, 132728500, 132407600, 131158700, 131136000, 141470900, 131847900, 133503200, 131179400] combined_raw=[18488300, 13572800, 13655900, 13497700, 13620500, 13605700, 13555800, 14159500, 14038600, 13356100, 13312500, 13799400, 13478600, 13367300, 13599100] cpp_raw=[2880900, 3047200, 3317800, 2912200, 2865300, 2909200, 3085800, 3117700, 3870200, 2869300, 2799000, 3681600, 2860500, 2908900, 3042700] public_ns=131992900 bounds_ns=13494700 execute_ns=131847900 combined_ns=13599100 cpp_ns=2912200 source=46067b9fc62767b result=6220d181b93fc8cf
case op=copy-float w=2048 h=512 layout=universal-negative public_raw=[139284200, 130893800, 130650500, 141541700, 130891300, 131110900, 130759300, 133536800, 134371700, 139047600, 129878900, 130526500, 129848600, 130111600, 129880600] bounds_raw=[12959400, 13361500, 13532100, 13699500, 13250500, 13621300, 13285700, 13724800, 13575400, 13269200, 13263700, 13370600, 13080200, 13104500, 13130700] execute_raw=[130760200, 131645400, 130916300, 130567400, 130515400, 131324300, 138973700, 130554700, 131800200, 130393900, 129902100, 131351700, 139531700, 129894700, 130038900] combined_raw=[13383700, 13508000, 13470800, 13534000, 13299400, 13441800, 13396200, 13497500, 13578800, 13305300, 13511000, 13565700, 13538000, 13392500, 13317300] cpp_raw=[2607000, 2435000, 2316300, 2353600, 2319400, 2331900, 2349000, 2348500, 2781100, 2312600, 3326100, 2411900, 2375100, 2345200, 2330500] public_ns=130891300 bounds_ns=13285700 execute_ns=130760200 combined_ns=13470800 cpp_ns=2349000 source=51109e231b84de48 result=d2e235024092e94f
case op=copy-Pod w=2048 h=512 layout=universal-negative public_raw=[129181400, 129194100, 129509200, 129724200, 133531900, 129905500, 132470600, 141268600, 130833800, 133558700, 130069500, 133105500, 130140400, 130897700, 131065100] bounds_raw=[12675200, 12565500, 12716100, 13920000, 12940300, 12736600, 12800600, 14343200, 13725900, 12498000, 12659100, 13014900, 12840900, 12581900, 13095900] execute_raw=[129579100, 129866800, 129583700, 132677300, 129533700, 129478000, 130235300, 143638600, 135408500, 138411500, 130133600, 132194000, 131799600, 134232000, 141566100] combined_raw=[12524300, 12570700, 12469100, 12634700, 12616400, 12678700, 12532600, 14917200, 13705300, 12777700, 12654400, 12759200, 12715100, 13250600, 13123400] cpp_raw=[2764500, 2711200, 2907800, 7826000, 2783500, 2768700, 3161000, 3644600, 2717000, 4908900, 2570500, 4233200, 2740500, 3026100, 2899300] public_ns=130833800 bounds_ns=12800600 execute_ns=131799600 combined_ns=12678700 cpp_ns=2899300 source=e1be015f3a91b812 result=17fc2f38b61735ba
case op=convert-ubyte-float w=2048 h=512 layout=universal-negative public_raw=[433528200, 421006600, 407158200, 415673600, 542081300, 454721500, 410631800, 407546700, 450744100, 429682200, 431822900, 452794100, 447436900, 442011800, 408634300] bounds_raw=[14418300, 13090400, 12291200, 12329700, 19427500, 13816200, 13170100, 12234100, 13678200, 12850500, 13006200, 12943200, 14287700, 12595700, 13519400] execute_raw=[460862700, 428309100, 409737000, 424117400, 448489800, 445697000, 602154800, 428094100, 445099800, 422790600, 423027000, 438054300, 463601100, 425696700, 419566500] combined_raw=[13077800, 13068700, 12265200, 12704600, 13261700, 14023300, 12190500, 12882000, 12234100, 13124500, 12913100, 13131700, 13680800, 13446100, 12643300] cpp_raw=[733300, 733300, 617400, 635800, 1315300, 910300, 681600, 652300, 623900, 739700, 1060400, 795600, 792800, 748700, 702000] public_ns=431822900 bounds_ns=13090400 execute_ns=428309100 combined_ns=13068700 cpp_ns=733300 source=46067b9fc62767b result=940c5552cb46e94f
case op=copy-ubyte w=2048 h=512 layout=repeated-source public_raw=[125897700, 125914100, 128276100, 127769100, 126663900, 127602600, 126902000, 126368200, 135545400, 125889700, 126983900, 125897000, 126922100, 126616100, 126913600] bounds_raw=[12843500, 12836000, 13360800, 12778600, 22423700, 12933500, 13104000, 12687900, 12699000, 12585600, 12647300, 12623100, 12780800, 12775200, 12913200] execute_raw=[124531900, 113297100, 115299800, 114030900, 112262800, 113463300, 112665400, 111822400, 112994300, 115104800, 111987400, 113984400, 123865900, 112821100, 113124400] combined_raw=[32800, 29200, 30300, 29500, 29500, 29400, 29100, 33200, 29100, 30000, 29300, 30300, 32900, 29100, 35700] cpp_raw=[30100, 33600, 34700, 34000, 34500, 34600, 34500, 30100, 34900, 33100, 34600, 34500, 34600, 35600, 28600] public_ns=126902000 bounds_ns=12780800 execute_ns=113297100 combined_ns=29500 cpp_ns=34500 source=6e453727bce9f2a5 result=824b457e72415e3d
case op=copy-float w=2048 h=512 layout=repeated-source public_raw=[124448500, 124018900, 133535400, 123051900, 124731800, 124705900, 124448200, 123604400, 126931800, 125065800, 134442900, 124007800, 124154800, 129025900, 124790300] bounds_raw=[12277400, 12299700, 12501900, 12424700, 12470000, 12244700, 12595500, 12383100, 12893300, 12153000, 12695700, 12235800, 12277100, 12572600, 12177100] execute_raw=[113092000, 113356900, 112776800, 114566500, 111822000, 112553800, 122256700, 112282400, 116601000, 113889900, 111233100, 113714800, 112663400, 126840800, 113933700] combined_raw=[93000, 181900, 93300, 102000, 92800, 225900, 92400, 95600, 90100, 93100, 94300, 93000, 92900, 94800, 152100] cpp_raw=[113800, 147200, 113200, 178900, 112900, 124000, 174000, 188800, 110300, 143100, 110600, 113300, 113400, 111700, 111000] public_ns=124705900 bounds_ns=12383100 execute_ns=113356900 combined_ns=93300 cpp_ns=113400 source=1890cde25c8499ab result=7e1f3007cb46713d
case op=copy-Pod w=2048 h=512 layout=repeated-source public_raw=[123675900, 126345800, 128977600, 122976300, 128361900, 127321100, 126965200, 139821500, 127426000, 127399600, 143293800, 127062000, 139689300, 129291400, 127934900] bounds_raw=[11906300, 11860500, 12477100, 11722800, 11895400, 11794400, 11695900, 12399200, 11983300, 11975400, 12224800, 12277300, 12355800, 12491100, 12300900] execute_raw=[113810000, 112575200, 126118800, 112196500, 114831300, 111856000, 111402500, 114638400, 114737600, 115954800, 115171300, 114974000, 115638200, 115119200, 115983100] combined_raw=[320900, 284600, 390500, 277200, 340200, 256000, 357300, 302800, 331900, 327700, 317000, 335300, 371800, 355700, 290900] cpp_raw=[282100, 226500, 289500, 288300, 226100, 212800, 357300, 286800, 345900, 311000, 314000, 357100, 1024200, 312700, 325700] public_ns=127426000 bounds_ns=11983300 execute_ns=114831300 combined_ns=327700 cpp_ns=311000 source=20f0ed2a5964e151 result=29ff1e71f7668cf1
case op=convert-ubyte-float w=2048 h=512 layout=repeated-source public_raw=[648867600, 641304300, 645318000, 638954100, 645725100, 645893900, 652600900, 635482700, 657447200, 639745200, 646326000, 647347600, 632103300, 639074100, 651082000] bounds_raw=[12444400, 12803700, 12432100, 12507400, 12550900, 12565600, 12745400, 12657900, 12885000, 12780900, 12686400, 12783800, 12484500, 12816800, 12054200] execute_raw=[625976300, 636287300, 624506900, 634489600, 624993800, 636230200, 623807400, 644942500, 644405200, 642755400, 641062500, 645424400, 637013500, 636035000, 607236500] combined_raw=[639300, 674000, 634500, 827500, 652400, 669400, 663600, 648900, 666200, 664900, 673900, 654700, 632300, 652200, 699800] cpp_raw=[130300, 159200, 138500, 292700, 238500, 158200, 157700, 148900, 150700, 184900, 155900, 170300, 130000, 146000, 169200] public_ns=645725100 bounds_ns=12657900 execute_ns=636230200 combined_ns=663600 cpp_ns=157700 source=6e453727bce9f2a5 result=a6f0b1d68eba713d
case op=copy-ubyte w=2048 h=512 layout=zero-source public_raw=[50130000, 39652100, 40168200, 41694100, 41761300, 41604800, 41367000, 40420400, 39960600, 40279900, 40649400, 41093800, 40220600, 40460900, 40364000] bounds_raw=[12977800, 12735200, 13230900, 13028200, 13210800, 13244100, 13348900, 12720100, 23045400, 12628600, 12691900, 12922800, 12707700, 12752600, 13122800] execute_raw=[40518000, 39903500, 41220900, 42121700, 41469000, 41899500, 41598200, 42182900, 39583100, 40327900, 40164400, 39283000, 40147500, 40111300, 40369100] combined_raw=[12726700, 12730100, 12814800, 13232700, 13336500, 13326100, 13231100, 13390800, 12824400, 12810300, 12739400, 12690500, 12759700, 12738300, 12726000] cpp_raw=[2764000, 2871300, 2702300, 2929300, 2924000, 2823800, 2829400, 2849000, 2763000, 2879000, 2760700, 2809800, 3038500, 2760300, 2734600] public_ns=40460900 bounds_ns=12977800 execute_ns=40369100 combined_ns=12810300 cpp_ns=2823800 source=ea3b47c803d61b61 result=f48fba1f72215e3d
case op=copy-float w=2048 h=512 layout=zero-source public_raw=[38186400, 39062000, 39480700, 39178400, 39719600, 38918400, 38584700, 39710900, 38838800, 39746800, 38333100, 39602300, 39213100, 38532700, 38794600] bounds_raw=[12155900, 12523100, 12358800, 12371300, 12195600, 12182700, 12308000, 15906600, 12252400, 12140100, 11966700, 12667700, 12185400, 12250600, 12956900] execute_raw=[38640900, 38834200, 38694000, 38279000, 38345500, 38504200, 40569000, 38390600, 38876000, 38461700, 38285000, 38230600, 39214800, 38245900, 38697100] combined_raw=[12876400, 12381000, 12588200, 12328200, 12457600, 12630000, 12405800, 12451100, 13810000, 12372400, 12558300, 12566400, 12655600, 12401100, 12318100] cpp_raw=[2039200, 2091800, 2103400, 2105200, 2045800, 2131500, 2018100, 2017500, 1992800, 2037300, 2024400, 2015500, 2017900, 2042200, 2216000] public_ns=39062000 bounds_ns=12252400 execute_ns=38504200 combined_ns=12457600 cpp_ns=2039200 source=3ee659a586185a17 result=3010c258495a713d
case op=copy-Pod w=2048 h=512 layout=zero-source public_raw=[38329700, 38319300, 38605200, 38289900, 38666100, 38308300, 38052000, 47467000, 38603100, 39702900, 38220800, 38097600, 38975400, 38652700, 38588300] bounds_raw=[11696200, 11739000, 12207900, 11723100, 11771500, 11734700, 11563400, 11769100, 11791400, 11904800, 11965700, 11864400, 11897400, 11710400, 11804200] execute_raw=[38282900, 37798100, 39645500, 37913700, 38366200, 38464800, 38169500, 38355800, 37998000, 38386000, 38526400, 37906700, 46969700, 38177600, 38622600] combined_raw=[11675300, 11736700, 12094900, 11813400, 11924000, 11941700, 11653200, 11645700, 11760700, 12217600, 12008900, 11628600, 11668400, 11608400, 11752700] cpp_raw=[2037500, 1972100, 2088600, 1968300, 2303200, 2040600, 1968300, 1968800, 1973900, 3234900, 2020000, 2020500, 2041900, 1969300, 1969700] public_ns=38588300 bounds_ns=11771500 execute_ns=38355800 combined_ns=11752700 cpp_ns=2020000 source=10734a11a61fbe06 result=14eb8df45bd38cf1
case op=convert-ubyte-float w=2048 h=512 layout=zero-source public_raw=[104782100, 104289300, 104160200, 112370700, 104206700, 104695000, 104453600, 108576800, 109202400, 104680900, 104958000, 106542600, 105243300, 103954700, 103746500] bounds_raw=[12609300, 11960600, 12175900, 12002700, 12556100, 11815500, 12042900, 12951000, 12494500, 11883500, 12425600, 11903300, 11808000, 11937200, 12833000] execute_raw=[104496900, 105477200, 104431200, 103744800, 103178000, 104669900, 105216800, 104794100, 109263000, 105626300, 104195500, 116405200, 106438600, 104681900, 104469700] combined_raw=[12166000, 12127800, 12688700, 11971000, 11943800, 11921000, 11880100, 12406300, 12363700, 12044800, 12144200, 14592800, 12098300, 11870600, 12080600] cpp_raw=[556100, 569200, 553400, 556300, 569400, 553300, 555900, 1556100, 569300, 583400, 556300, 620200, 574800, 556000, 556000] public_ns=104695000 bounds_ns=12042900 execute_ns=104681900 combined_ns=12098300 cpp_ns=556300 source=ea3b47c803d61b61 result=1ea1c940ba66713d
m3_copy_conversion_candidates PASS cases=96 sink=3470652223959823994
