contracts PASS four-public-paths four-operations invalid/shape/noninjective/overlap/empty/no-write shared-disjoint
semantic PASS cases=32 bitwise-copy all256-conversion source-padding
case op=copy-ubyte w=31 h=17 layout=contiguous public_raw=[100, 0, 0, 500, 0, 0, 0, 0, 0, 0, 0, 0, 0, 0, 0] bounds_raw=[0, 0, 0, 0, 0, 0, 0, 0, 0, 0, 0, 0, 0, 0, 0] execute_raw=[0, 0, 0, 0, 0, 0, 0, 0, 0, 0, 0, 0, 0, 0, 0] combined_raw=[0, 0, 0, 0, 0, 0, 0, 0, 0, 0, 0, 0, 0, 0, 0] cpp_raw=[0, 0, 0, 0, 0, 0, 0, 0, 0, 0, 0, 0, 0, 0, 0] public_ns=0 bounds_ns=0 execute_ns=0 combined_ns=0 cpp_ns=0 source=e1cb0bb018788cd9 result=6b280f993832c319
case op=copy-float w=31 h=17 layout=contiguous public_raw=[0, 100, 100, 100, 100, 100, 100, 100, 100, 100, 100, 100, 100, 100, 100] bounds_raw=[100, 100, 100, 100, 100, 100, 100, 100, 100, 100, 100, 100, 100, 100, 100] execute_raw=[100, 100, 100, 100, 100, 100, 100, 100, 100, 100, 100, 100, 100, 100, 100] combined_raw=[100, 100, 100, 100, 100, 100, 100, 100, 100, 100, 100, 100, 100, 100, 100] cpp_raw=[100, 100, 100, 100, 100, 100, 100, 100, 100, 100, 100, 100, 100, 100, 100] public_ns=100 bounds_ns=100 execute_ns=100 combined_ns=100 cpp_ns=100 source=6128204049c0da83 result=264b3169180ebd4b
case op=copy-Pod w=31 h=17 layout=contiguous public_raw=[100, 100, 100, 100, 100, 100, 100, 100, 100, 100, 100, 100, 100, 200, 100] bounds_raw=[100, 100, 100, 100, 100, 100, 100, 100, 100, 100, 100, 100, 100, 200, 100] execute_raw=[100, 100, 100, 100, 100, 100, 100, 100, 100, 100, 100, 100, 100, 100, 100] combined_raw=[100, 100, 100, 100, 100, 100, 100, 100, 100, 100, 100, 100, 100, 100, 100] cpp_raw=[100, 100, 100, 100, 100, 100, 100, 100, 100, 100, 100, 100, 100, 100, 300] public_ns=100 bounds_ns=100 execute_ns=100 combined_ns=100 cpp_ns=100 source=db360484f487691a result=968b62c61598975a
case op=convert-ubyte-float w=31 h=17 layout=contiguous public_raw=[1900, 1900, 1800, 1900, 1900, 1900, 1900, 1900, 1900, 1800, 1900, 1800, 1900, 1900, 1900] bounds_raw=[1900, 1900, 1800, 1800, 1800, 1800, 1800, 1800, 1800, 1900, 1900, 1900, 1900, 1800, 1800] execute_raw=[200, 200, 200, 200, 200, 100, 200, 200, 200, 200, 200, 200, 200, 200, 200] combined_raw=[200, 100, 200, 100, 100, 100, 100, 200, 100, 100, 100, 100, 100, 100, 100] cpp_raw=[100, 100, 100, 100, 100, 100, 100, 100, 100, 200, 100, 100, 100, 100, 100] public_ns=1900 bounds_ns=1800 execute_ns=200 combined_ns=100 cpp_ns=100 source=e1cb0bb018788cd9 result=1bb7b2c2179a648f
case op=copy-ubyte w=31 h=17 layout=padded public_raw=[45700, 45500, 45600, 45600, 93200, 49100, 47300, 47100, 46500, 46300, 46200, 91100, 90600, 99000, 56000] bounds_raw=[1500, 1500, 1600, 1600, 1800, 1800, 1700, 2000, 1600, 2000, 1800, 1700, 2600, 3200, 1700] execute_raw=[44300, 44200, 44500, 45000, 60300, 45400, 46200, 46500, 45700, 45300, 46000, 45200, 67900, 95200, 55600] combined_raw=[300, 300, 300, 400, 600, 500, 600, 400, 300, 1200, 300, 300, 600, 600, 600] cpp_raw=[0, 0, 100, 0, 0, 200, 100, 100, 0, 0, 0, 100, 600, 300, 200] public_ns=47100 bounds_ns=1700 execute_ns=45700 combined_ns=400 cpp_ns=100 source=4d0b0939d89e40d9 result=5f21f5ea6035ff19
case op=copy-float w=31 h=17 layout=padded public_raw=[55000, 90200, 62800, 47200, 46500, 47200, 46600, 46800, 46600, 106400, 45700, 46000, 45700, 45700, 45400] bounds_raw=[1800, 1600, 1200, 1000, 1200, 1100, 1600, 1900, 1000, 2000, 1700, 1000, 1000, 1000, 1200] execute_raw=[51700, 104100, 46900, 45900, 46400, 46400, 47100, 44900, 46400, 79800, 45900, 45500, 45000, 44500, 45600] combined_raw=[500, 600, 400, 400, 400, 500, 700, 300, 500, 1600, 300, 300, 600, 300, 600] cpp_raw=[200, 200, 100, 200, 200, 100, 100, 400, 300, 100, 100, 100, 100, 100, 100] public_ns=46600 bounds_ns=1200 execute_ns=46400 combined_ns=500 cpp_ns=100 source=ebb5b7eaf5f43283 result=3851810ac565964b
case op=copy-Pod w=31 h=17 layout=padded public_raw=[46000, 46300, 48500, 46200, 45900, 46500, 45700, 45900, 45500, 46100, 47100, 87500, 47700, 46300, 46400] bounds_raw=[1400, 1400, 1600, 1400, 1400, 1400, 1500, 1400, 1500, 1700, 1500, 1400, 1900, 1900, 1600] execute_raw=[44700, 45000, 44800, 44500, 46800, 157300, 44700, 44800, 50000, 68700, 45000, 48300, 79600, 45400, 46200] combined_raw=[600, 400, 400, 400, 600, 500, 500, 400, 400, 600, 400, 600, 700, 1000, 600] cpp_raw=[100, 100, 100, 100, 100, 200, 100, 100, 100, 100, 200, 500, 400, 100, 200] public_ns=46300 bounds_ns=1500 execute_ns=45400 combined_ns=500 cpp_ns=100 source=b28d4f242a91b51a result=7438cdf3ee88135a
case op=convert-ubyte-float w=31 h=17 layout=padded public_raw=[225400, 211200, 212300, 270900, 209800, 218800, 219900, 240700, 219100, 217800, 218700, 220300, 224300, 221800, 221200] bounds_raw=[2100, 2000, 2000, 1800, 2000, 1800, 1600, 2200, 2300, 2400, 1800, 2100, 2900, 2000, 2700] execute_raw=[228400, 211600, 218500, 206900, 207300, 207000, 213300, 220400, 217100, 238200, 217200, 210300, 222200, 242800, 213400] combined_raw=[700, 500, 400, 300, 1500, 600, 1200, 700, 600, 1200, 700, 300, 1500, 900, 800] cpp_raw=[200, 200, 300, 200, 200, 200, 900, 500, 300, 300, 200, 200, 100, 400, 400] public_ns=219900 bounds_ns=2000 execute_ns=217100 combined_ns=700 cpp_ns=200 source=4d0b0939d89e40d9 result=5a1bf5670dd4dc8f
case op=copy-ubyte w=31 h=17 layout=negative-source public_raw=[47000, 49200, 47000, 46200, 45400, 45400, 45400, 45400, 45400, 47700, 47000, 46600, 45800, 45500, 45700] bounds_raw=[1500, 1500, 1900, 1700, 1700, 1600, 1500, 1500, 1500, 1800, 1800, 1600, 1600, 1500, 1600] execute_raw=[45300, 45500, 73400, 45200, 44400, 44500, 44400, 44500, 44900, 45900, 46000, 51600, 46900, 44700, 44400] combined_raw=[300, 300, 900, 300, 400, 400, 300, 300, 300, 700, 400, 500, 600, 300, 300] cpp_raw=[100, 0, 0, 100, 100, 0, 0, 0, 0, 0, 100, 0, 0, 0, 0] public_ns=45800 bounds_ns=1600 execute_ns=45200 combined_ns=300 cpp_ns=0 source=1218578f96e3de39 result=5f21f5ea6035ff19
case op=copy-float w=31 h=17 layout=negative-source public_raw=[47300, 47500, 46900, 82100, 47500, 48000, 94900, 88600, 47900, 45800, 87400, 45700, 45500, 45400, 47300] bounds_raw=[1100, 1100, 1000, 1700, 1300, 1100, 1400, 1200, 1100, 1100, 1700, 1000, 1000, 1000, 1000] execute_raw=[46000, 47000, 46000, 83400, 47200, 47100, 92300, 54300, 60700, 44600, 45100, 45100, 44400, 46600, 45000] combined_raw=[500, 300, 500, 400, 900, 600, 800, 600, 500, 400, 500, 300, 300, 300, 500] cpp_raw=[300, 100, 200, 100, 300, 200, 100, 200, 100, 100, 100, 100, 100, 100, 300] public_ns=47500 bounds_ns=1100 execute_ns=46600 combined_ns=500 cpp_ns=100 source=d55c0938ea65990b result=3851810ac565964b
case op=copy-Pod w=31 h=17 layout=negative-source public_raw=[78400, 46100, 46300, 46600, 46600, 47300, 46000, 46700, 47100, 46700, 46300, 49300, 46600, 102600, 46600] bounds_raw=[1800, 1400, 1400, 1400, 1400, 1800, 2100, 1500, 1600, 1500, 1600, 1700, 1700, 2000, 1800] execute_raw=[62900, 47800, 45400, 45700, 45700, 45100, 45900, 74200, 45400, 45100, 46100, 46700, 47000, 62700, 45200] combined_raw=[400, 400, 900, 300, 300, 600, 300, 1800, 700, 400, 600, 700, 500, 600, 900] cpp_raw=[100, 400, 100, 100, 100, 100, 300, 200, 100, 200, 300, 200, 200, 100, 200] public_ns=46600 bounds_ns=1600 execute_ns=45900 combined_ns=600 cpp_ns=200 source=4cb52a65f8334f3a result=7438cdf3ee88135a
case op=convert-ubyte-float w=31 h=17 layout=negative-source public_raw=[216200, 234500, 211200, 210700, 216100, 219600, 221100, 276400, 217200, 217800, 215800, 219700, 223200, 216300, 229300] bounds_raw=[2900, 1800, 2400, 1700, 2300, 3200, 2000, 2500, 2100, 2000, 2700, 2400, 2900, 2900, 2600] execute_raw=[208600, 211400, 210400, 260600, 216200, 300600, 215400, 215700, 213600, 215400, 225100, 219600, 239800, 220100, 207900] combined_raw=[500, 1400, 1700, 300, 2700, 1800, 1100, 1500, 600, 600, 2400, 1900, 1600, 800, 1200] cpp_raw=[200, 600, 300, 100, 200, 500, 400, 100, 300, 300, 800, 1200, 400, 300, 200] public_ns=217800 bounds_ns=2400 execute_ns=215700 combined_ns=1400 cpp_ns=300 source=1218578f96e3de39 result=5a1bf5670dd4dc8f
case op=copy-ubyte w=31 h=17 layout=negative-both public_raw=[45600, 45300, 46600, 45900, 46400, 46900, 46300, 45500, 45900, 45800, 46000, 47900, 76900, 64800, 46700] bounds_raw=[1500, 1500, 1600, 1500, 1800, 1600, 2100, 1500, 1700, 1700, 1500, 1600, 1800, 1800, 1900] execute_raw=[44200, 44200, 45000, 52500, 45000, 46600, 45600, 44400, 44800, 44900, 46400, 46300, 46600, 45300, 45400] combined_raw=[300, 300, 300, 300, 300, 600, 400, 300, 300, 300, 800, 1100, 700, 300, 400] cpp_raw=[0, 0, 0, 0, 0, 0, 0, 0, 0, 0, 100, 0, 0, 0, 0] public_ns=46300 bounds_ns=1600 execute_ns=45300 combined_ns=300 cpp_ns=0 source=1218578f96e3de39 result=14b2232dcdfde519
case op=copy-float w=31 h=17 layout=negative-both public_raw=[103300, 72900, 59400, 58200, 61000, 53500, 56900, 47800, 45600, 79000, 45300, 45600, 47000, 46400, 48300] bounds_raw=[2300, 2000, 2300, 1800, 1600, 1900, 1600, 1100, 1000, 1200, 2000, 1000, 1100, 1400, 1400] execute_raw=[91500, 112900, 146400, 55400, 51600, 53500, 50300, 44600, 44400, 86600, 44900, 44600, 44400, 44700, 44300] combined_raw=[600, 800, 500, 600, 700, 500, 500, 400, 300, 400, 700, 600, 500, 300, 600] cpp_raw=[200, 200, 100, 400, 200, 200, 100, 100, 100, 100, 100, 100, 100, 100, 600] public_ns=53500 bounds_ns=1600 execute_ns=50300 combined_ns=500 cpp_ns=100 source=d55c0938ea65990b result=88af284ef50a9e03
case op=copy-Pod w=31 h=17 layout=negative-both public_raw=[45900, 47200, 45900, 45900, 45700, 46000, 46100, 47800, 47800, 47800, 46600, 46900, 48200, 47200, 47700] bounds_raw=[1400, 1400, 1400, 1500, 2400, 1900, 2000, 1700, 1800, 1500, 1600, 1400, 2700, 1500, 1600] execute_raw=[45100, 45500, 47400, 45200, 44800, 98100, 49300, 46600, 45600, 46800, 46500, 46700, 75300, 45600, 45100] combined_raw=[500, 400, 900, 400, 500, 600, 400, 600, 1600, 400, 400, 400, 400, 900, 500] cpp_raw=[100, 300, 100, 100, 400, 100, 100, 100, 100, 700, 200, 200, 100, 400, 200] public_ns=46900 bounds_ns=1600 execute_ns=46500 combined_ns=500 cpp_ns=100 source=4cb52a65f8334f3a result=ba5b3439bff1663a
case op=convert-ubyte-float w=31 h=17 layout=negative-both public_raw=[215700, 216500, 221700, 255200, 211200, 225200, 212000, 226300, 224300, 221600, 220500, 218700, 213200, 213100, 280300] bounds_raw=[1900, 1700, 3100, 1900, 1900, 2400, 1600, 3800, 3400, 2600, 2500, 1900, 1800, 2600, 2800] execute_raw=[213100, 260000, 213400, 228200, 213100, 210300, 207500, 207800, 220300, 237100, 214200, 215100, 220800, 225100, 213100] combined_raw=[600, 500, 1900, 700, 1600, 900, 500, 500, 1300, 1500, 800, 1600, 800, 400, 2300] cpp_raw=[200, 200, 500, 200, 400, 500, 400, 200, 200, 400, 600, 500, 300, 200, 500] public_ns=220500 bounds_ns=2400 execute_ns=214200 combined_ns=800 cpp_ns=400 source=1218578f96e3de39 result=a84d7158b568dc8f
case op=copy-ubyte w=31 h=17 layout=universal public_raw=[48500, 47900, 46800, 46800, 47700, 47600, 48800, 46500, 45800, 45700, 58500, 45800, 45400, 46100, 46800] bounds_raw=[1600, 1500, 1600, 1500, 2300, 2200, 1800, 1700, 1500, 1500, 1800, 1500, 1500, 1700, 1800] execute_raw=[46800, 48100, 66900, 49700, 48000, 48400, 48400, 49700, 46300, 45800, 46000, 46300, 45600, 48100, 48200] combined_raw=[2500, 2300, 2700, 2900, 2700, 2900, 2600, 2300, 2400, 2400, 2300, 2300, 2300, 2300, 2700] cpp_raw=[1600, 1600, 2300, 1800, 1600, 1800, 1600, 1600, 1600, 1600, 1900, 1500, 1600, 1500, 1500] public_ns=46800 bounds_ns=1600 execute_ns=48100 combined_ns=2400 cpp_ns=1600 source=104e8d8f8fae3401 result=94a85d26ce182761
case op=copy-float w=31 h=17 layout=universal public_raw=[45900, 45700, 46700, 46500, 47500, 47600, 47400, 47700, 47000, 82000, 94200, 57400, 52300, 53600, 50300] bounds_raw=[1100, 1000, 1100, 1500, 1400, 1200, 1900, 1600, 1500, 1500, 2200, 1700, 2000, 1700, 1600] execute_raw=[46200, 51700, 46500, 49900, 49500, 47100, 51100, 47300, 48800, 78300, 57600, 61400, 61500, 52500, 53800] combined_raw=[1900, 1900, 1900, 1900, 4400, 2200, 2100, 2100, 3000, 4100, 3100, 3600, 3400, 2900, 3200] cpp_raw=[1400, 1300, 1300, 1400, 1400, 1700, 1300, 1300, 1300, 1700, 1900, 2100, 1800, 1600, 1800] public_ns=47600 bounds_ns=1500 execute_ns=51100 combined_ns=2900 cpp_ns=1400 source=48f4c2fdc1746a4f result=d2f02840ab86d547
case op=copy-Pod w=31 h=17 layout=universal public_raw=[45500, 45600, 46300, 66400, 76200, 47000, 48100, 50200, 46400, 48600, 46700, 45500, 48500, 47300, 47000] bounds_raw=[1400, 1400, 1400, 1900, 2300, 1400, 1600, 1800, 1600, 2100, 1400, 1600, 2000, 2000, 1800] execute_raw=[45600, 45700, 45600, 50000, 68800, 47900, 47400, 47200, 46600, 47800, 47400, 46300, 47500, 85300, 48700] combined_raw=[2300, 2600, 2300, 37900, 4100, 2300, 2300, 2800, 2300, 2900, 2400, 2400, 2600, 2600, 2700] cpp_raw=[1200, 1200, 1200, 1600, 1200, 2100, 1200, 1200, 1800, 1200, 1300, 1200, 9500, 6200, 1700] public_ns=47000 bounds_ns=1600 execute_ns=47400 combined_ns=2600 cpp_ns=1200 source=a443bfcbbed0823e result=e7d6d6f5c5dc3c8e
case op=convert-ubyte-float w=31 h=17 layout=universal public_raw=[164500, 121200, 125100, 119300, 119700, 125800, 123400, 123100, 118400, 120200, 121000, 118100, 120300, 117500, 139200] bounds_raw=[2000, 1600, 2100, 1800, 2100, 2500, 2100, 2000, 1800, 1800, 2100, 1800, 2100, 1800, 4100] execute_raw=[136400, 121400, 122100, 159200, 119700, 124700, 124000, 173200, 119300, 123800, 156500, 137300, 119900, 124400, 123300] combined_raw=[1800, 1700, 2200, 1900, 1900, 3000, 2100, 3300, 1900, 3400, 3400, 1800, 2000, 1700, 2300] cpp_raw=[300, 300, 300, 300, 300, 300, 400, 500, 500, 300, 600, 300, 400, 300, 400] public_ns=121000 bounds_ns=2000 execute_ns=124000 combined_ns=2000 cpp_ns=300 source=104e8d8f8fae3401 result=91affb8b2dfc4eb7
case op=copy-ubyte w=31 h=17 layout=universal-negative public_raw=[45800, 47500, 46400, 47600, 46700, 45600, 45800, 47600, 46500, 45600, 46800, 46500, 45400, 45800, 44100] bounds_raw=[1800, 1500, 1700, 1600, 2500, 1800, 2300, 2300, 2800, 2500, 2000, 1600, 2200, 1800, 1600] execute_raw=[45100, 47100, 47200, 45900, 45900, 48100, 47300, 47500, 48200, 45700, 46100, 45600, 55700, 45200, 44500] combined_raw=[2300, 3000, 3400, 2600, 2400, 2900, 2800, 3000, 2800, 2400, 2300, 2500, 2900, 2400, 2300] cpp_raw=[1600, 1500, 1500, 1600, 1600, 1700, 1600, 2600, 1600, 1800, 1700, 1600, 1800, 1700, 1600] public_ns=46400 bounds_ns=1800 execute_ns=46100 combined_ns=2600 cpp_ns=1600 source=705335b9cf6847c1 result=2bfddff94a971f61
case op=copy-float w=31 h=17 layout=universal-negative public_raw=[46100, 48200, 50600, 49700, 48600, 47900, 47500, 48800, 49200, 48900, 51000, 46300, 46700, 46100, 47900] bounds_raw=[2300, 1300, 2700, 2100, 2700, 2000, 2600, 1100, 1400, 2200, 2400, 2000, 1300, 1200, 1800] execute_raw=[48500, 47500, 53700, 48600, 46800, 47300, 50400, 48800, 48300, 51100, 62500, 47700, 47000, 47000, 47400] combined_raw=[2500, 2400, 2500, 2100, 3500, 2700, 2400, 3100, 2100, 2600, 2300, 2300, 2200, 2100, 2200] cpp_raw=[1300, 1700, 2200, 2100, 2000, 1400, 2100, 1500, 2200, 1200, 1500, 1400, 1700, 1800, 1200] public_ns=48200 bounds_ns=2000 execute_ns=48300 combined_ns=2400 cpp_ns=1700 source=eada538057fb86ef result=faa4d5eeeda68847
case op=copy-Pod w=31 h=17 layout=universal-negative public_raw=[55700, 45900, 46500, 44500, 45200, 44400, 45300, 47600, 46100, 45700, 46500, 87000, 94700, 58300, 58800] bounds_raw=[1400, 1400, 1400, 1800, 1400, 1500, 1400, 2600, 1800, 1600, 2400, 1500, 2300, 2200, 2900] execute_raw=[44800, 44800, 45500, 46900, 44700, 44600, 50400, 47200, 47900, 46900, 46200, 73200, 92700, 56000, 52400] combined_raw=[2300, 2400, 2600, 2300, 2300, 2300, 2300, 2600, 3300, 3100, 2800, 3800, 25800, 3600, 3800] cpp_raw=[1200, 1200, 1400, 1300, 1200, 1300, 1400, 1400, 1500, 1900, 1300, 2800, 4100, 2200, 2000] public_ns=46500 bounds_ns=1600 execute_ns=46900 combined_ns=2600 cpp_ns=1400 source=7483a89971f477de result=c1c9f074f82c752e
case op=convert-ubyte-float w=31 h=17 layout=universal-negative public_raw=[133500, 182000, 127300, 133800, 128400, 135300, 130600, 132000, 142000, 128000, 136700, 140800, 128700, 130400, 142400] bounds_raw=[2000, 1600, 1800, 2500, 2600, 1900, 2000, 2500, 2100, 1800, 3500, 1800, 2100, 2300, 3100] execute_raw=[169100, 129000, 127900, 131000, 152900, 131400, 131700, 130200, 128800, 136100, 138300, 131200, 129600, 130100, 147000] combined_raw=[1800, 2600, 2000, 1700, 2700, 2500, 2300, 1800, 1800, 3200, 2500, 2200, 2000, 1800, 2400] cpp_raw=[300, 300, 500, 300, 800, 300, 300, 300, 300, 300, 400, 300, 300, 300, 300] public_ns=133500 bounds_ns=2100 execute_ns=131200 combined_ns=2200 cpp_ns=300 source=705335b9cf6847c1 result=6cdfcfcdfb5c4eb7
case op=copy-ubyte w=31 h=17 layout=repeated-source public_raw=[46600, 47000, 46400, 46000, 46600, 46000, 75400, 47200, 45700, 45700, 46800, 45800, 46400, 46500, 46000] bounds_raw=[1600, 1700, 1800, 1700, 1700, 1500, 1500, 2100, 1600, 1600, 1500, 1500, 1600, 1600, 1700] execute_raw=[45500, 45700, 45000, 46000, 45200, 45500, 45700, 45700, 44700, 45500, 45400, 45100, 45000, 45200, 44900] combined_raw=[300, 300, 400, 300, 300, 600, 700, 500, 300, 700, 300, 400, 500, 400, 300] cpp_raw=[0, 0, 0, 0, 0, 0, 200, 0, 0, 0, 0, 0, 0, 0, 0] public_ns=46400 bounds_ns=1600 execute_ns=45400 combined_ns=400 cpp_ns=0 source=e456631d381264c9 result=79abf60b12593ba9
case op=copy-float w=31 h=17 layout=repeated-source public_raw=[47000, 46000, 45800, 48400, 45700, 47600, 46900, 69500, 103700, 47100, 45700, 46300, 46100, 46200, 47400] bounds_raw=[1300, 1000, 1100, 1600, 2100, 1500, 1400, 1200, 2000, 2100, 1300, 1100, 1700, 1200, 1200] execute_raw=[44800, 43900, 45800, 47100, 46600, 44000, 48300, 46000, 86500, 46000, 45600, 46200, 44500, 45000, 48300] combined_raw=[300, 500, 1400, 600, 1600, 1100, 800, 1300, 600, 900, 600, 600, 1000, 1200, 1300] cpp_raw=[100, 100, 600, 100, 200, 400, 700, 100, 300, 100, 100, 100, 100, 400, 100] public_ns=46900 bounds_ns=1300 execute_ns=46000 combined_ns=900 cpp_ns=100 source=187f646e4a13563f result=adddf47c9b74a697
case op=copy-Pod w=31 h=17 layout=repeated-source public_raw=[45100, 45400, 46400, 46200, 44200, 44100, 108400, 47400, 47100, 47000, 45300, 47000, 46700, 48400, 46300] bounds_raw=[1500, 1400, 1700, 1600, 1400, 1400, 1400, 2400, 1900, 1800, 1800, 1600, 1400, 1700, 1900] execute_raw=[43500, 43500, 44500, 43400, 43200, 43300, 43200, 65400, 47900, 44000, 46500, 46400, 45300, 71600, 45600] combined_raw=[400, 400, 400, 600, 400, 300, 300, 1700, 1100, 800, 1100, 1100, 700, 400, 600] cpp_raw=[100, 100, 100, 100, 100, 100, 200, 300, 100, 100, 100, 100, 100, 400, 100] public_ns=46400 bounds_ns=1600 execute_ns=44500 combined_ns=600 cpp_ns=100 source=af5c371632147dfa result=b77ad4f97670f65a
case op=convert-ubyte-float w=31 h=17 layout=repeated-source public_raw=[208900, 220000, 209300, 216000, 309000, 322200, 321600, 257900, 254500, 210200, 208300, 266300, 211300, 214900, 220000] bounds_raw=[1900, 1700, 1700, 2100, 2200, 2300, 3400, 3500, 2100, 2300, 1900, 2200, 1700, 2000, 2000] execute_raw=[205900, 207500, 209800, 218300, 209900, 303500, 269600, 249900, 210900, 263200, 209700, 210000, 228300, 212200, 207400] combined_raw=[500, 300, 700, 500, 500, 800, 600, 700, 500, 800, 300, 900, 600, 200, 500] cpp_raw=[200, 200, 200, 100, 300, 500, 400, 200, 400, 400, 200, 400, 100, 100, 200] public_ns=220000 bounds_ns=2100 execute_ns=210900 combined_ns=500 cpp_ns=200 source=e456631d381264c9 result=9364c6c0b904dc8f
case op=copy-ubyte w=31 h=17 layout=zero-source public_raw=[10900, 10900, 10900, 10900, 10900, 10900, 11000, 11100, 10900, 11100, 11000, 11200, 11000, 11100, 11100] bounds_raw=[1500, 1500, 1500, 1500, 1700, 1500, 1500, 1500, 1600, 1800, 1500, 1500, 1500, 1600, 1600] execute_raw=[11200, 11400, 11200, 11700, 11900, 11200, 12000, 11800, 11300, 11300, 11200, 11100, 11400, 11400, 11200] combined_raw=[2300, 2300, 2300, 2300, 2300, 2300, 2300, 2300, 2600, 2300, 2400, 2300, 2400, 17100, 2300] cpp_raw=[1500, 1500, 1500, 1500, 1600, 1500, 1600, 1500, 1500, 1600, 1700, 1600, 1500, 1800, 1500] public_ns=11000 bounds_ns=1500 execute_ns=11300 combined_ns=2300 cpp_ns=1500 source=53e35892b0900a36 result=c64ce8b5472789e4
case op=copy-float w=31 h=17 layout=zero-source public_raw=[10900, 11100, 11100, 11100, 11000, 11000, 11600, 11200, 11000, 11000, 11400, 11300, 11000, 11100, 11000] bounds_raw=[1100, 1100, 1000, 1000, 1100, 1100, 1000, 1000, 1000, 1000, 1200, 1400, 1200, 1000, 1000] execute_raw=[11500, 11400, 11500, 11500, 11400, 11400, 11400, 11600, 11600, 11600, 11600, 11500, 11500, 11300, 11400] combined_raw=[2000, 1900, 1900, 1800, 1900, 1800, 1800, 1800, 1800, 2100, 1900, 2000, 1900, 2500, 2000] cpp_raw=[1300, 1200, 1200, 1200, 1600, 1300, 1300, 1200, 1200, 1200, 1400, 1200, 1300, 1200, 1200] public_ns=11100 bounds_ns=1000 execute_ns=11500 combined_ns=1900 cpp_ns=1200 source=48a265c435185a17 result=a412cbd3d3c5dc8f
case op=copy-Pod w=31 h=17 layout=zero-source public_raw=[11600, 11900, 12200, 11100, 11000, 11300, 11400, 11500, 11300, 11800, 11400, 11400, 11500, 11500, 11200] bounds_raw=[1400, 1400, 1900, 1400, 1500, 1400, 1400, 1500, 1400, 1500, 1500, 1400, 1500, 1500, 1400] execute_raw=[11700, 11700, 11600, 11700, 11200, 11200, 11700, 11700, 12100, 11800, 11400, 11300, 11500, 11600, 11400] combined_raw=[2300, 2300, 31800, 2500, 2300, 2500, 2400, 2300, 2400, 2400, 2300, 2300, 2500, 2400, 2300] cpp_raw=[1300, 1400, 1300, 1200, 1200, 1200, 1200, 1200, 1200, 1400, 1300, 1200, 1200, 1200, 1200] public_ns=11400 bounds_ns=1400 execute_ns=11600 combined_ns=2400 cpp_ns=1200 source=6b0827ecdc4a539a result=3ed4b3ed28cdbf2
case op=convert-ubyte-float w=31 h=17 layout=zero-source public_raw=[31400, 30700, 31200, 30900, 30600, 30500, 30500, 30500, 30500, 30700, 31100, 30800, 31000, 30700, 32700] bounds_raw=[2200, 1800, 1800, 1700, 1900, 1700, 1700, 1700, 1700, 1800, 1800, 1800, 1800, 1900, 2600] execute_raw=[59500, 30400, 31000, 30600, 30900, 31000, 30300, 30300, 30700, 31000, 31200, 30700, 30600, 36100, 31500] combined_raw=[2500, 2000, 1900, 1900, 1900, 1900, 1900, 1900, 1900, 2000, 2000, 2000, 1900, 1900, 2200] cpp_raw=[300, 300, 300, 300, 300, 300, 300, 300, 300, 300, 300, 300, 300, 300, 500] public_ns=30700 bounds_ns=1800 execute_ns=30900 combined_ns=1900 cpp_ns=300 source=53e35892b0900a36 result=7db46195730ddc8f
case op=copy-ubyte w=256 h=128 layout=contiguous public_raw=[4900, 3300, 2100, 1000, 3900, 3700, 4300, 1400, 2100, 1200, 1000, 1000, 1000, 2200, 2300] bounds_raw=[4300, 3700, 2400, 700, 3200, 3900, 4600, 2200, 2300, 1200, 1000, 1700, 1300, 2400, 2900] execute_raw=[3000, 3400, 3000, 900, 4400, 3900, 4200, 3700, 3100, 1200, 1400, 1700, 900, 2000, 2600] combined_raw=[4700, 2900, 1400, 1300, 4200, 4200, 3900, 4600, 2100, 1500, 1300, 1700, 900, 1500, 2100] cpp_raw=[3400, 2400, 1600, 1600, 1200, 1800, 3900, 2600, 2200, 2300, 1700, 1600, 1200, 3100, 1800] public_ns=2100 bounds_ns=2400 execute_ns=3000 combined_ns=2100 cpp_ns=1800 source=e61b28efac3482a5 result=19f1026d069dd2bd
case op=copy-float w=256 h=128 layout=contiguous public_raw=[25300, 4900, 3700, 7800, 4600, 3800, 3800, 8200, 3800, 4300, 7600, 3900, 4700, 4800, 3700] bounds_raw=[4800, 6000, 6600, 4600, 4700, 3600, 5400, 4400, 5200, 4300, 7400, 5600, 5900, 13400, 3900] execute_raw=[4500, 4400, 4500, 5600, 4200, 4200, 4700, 4500, 3700, 5800, 6700, 5500, 4600, 4300, 7100] combined_raw=[4600, 4800, 4200, 5300, 5200, 3900, 3600, 3900, 4500, 9300, 6600, 3800, 8000, 4600, 8500] cpp_raw=[7100, 5600, 4900, 5300, 6800, 4600, 4500, 6200, 5200, 4400, 6200, 5100, 5300, 6300, 4800] public_ns=4600 bounds_ns=5200 execute_ns=4500 combined_ns=4600 cpp_ns=5300 source=94c035f8504217ab result=e20bab30ff99efbd
case op=copy-Pod w=256 h=128 layout=contiguous public_raw=[16200, 36200, 40200, 13200, 14500, 15400, 14600, 11200, 23800, 12100, 36700, 14100, 19300, 23900, 10600] bounds_raw=[11700, 12400, 13400, 13400, 12600, 20200, 18700, 9200, 38100, 32200, 18300, 11000, 141400, 18600, 18400] execute_raw=[10300, 15900, 22600, 13700, 11200, 13600, 13600, 11600, 24300, 61500, 42500, 10200, 22300, 21400, 10700] combined_raw=[17300, 13800, 16000, 10200, 16900, 34700, 76600, 27500, 27900, 38300, 11900, 11100, 36600, 39500, 37000] cpp_raw=[13200, 33400, 35100, 23500, 13000, 15100, 29000, 28100, 32000, 16500, 10900, 18900, 172600, 28000, 23800] public_ns=15400 bounds_ns=18300 execute_ns=13700 combined_ns=27500 cpp_ns=23800 source=780acdd2b0446151 result=3e08e0fcd50e93b1
case op=convert-ubyte-float w=256 h=128 layout=contiguous public_raw=[113100, 113200, 118000, 133500, 115700, 114900, 117900, 112900, 130800, 113600, 112200, 176800, 149700, 150000, 114900] bounds_raw=[113100, 113500, 117100, 116500, 115400, 113600, 121700, 118200, 113000, 114400, 113700, 187800, 176900, 138100, 221100] execute_raw=[6500, 5400, 4200, 10200, 5300, 4900, 10600, 9300, 5200, 5400, 11500, 5500, 7200, 5700, 5600] combined_raw=[8000, 4600, 7600, 11200, 4900, 6100, 7000, 10800, 6000, 4700, 9100, 5400, 6600, 7600, 6600] cpp_raw=[7600, 4800, 8300, 7700, 9300, 37200, 6000, 7500, 10700, 5000, 6600, 5700, 8100, 6500, 4900] public_ns=115700 bounds_ns=116500 execute_ns=5600 combined_ns=6600 cpp_ns=7500 source=e61b28efac3482a5 result=8edc22d932e14fbd
case op=copy-ubyte w=256 h=128 layout=padded public_raw=[2995900, 2688000, 2897100, 2625700, 2678900, 2607600, 2701900, 2579500, 2581100, 2586400, 2579900, 2577100, 2591700, 2581000, 2578300] bounds_raw=[93000, 91300, 93000, 89600, 90100, 93000, 89200, 89600, 89300, 89500, 89200, 89200, 89300, 89200, 89300] execute_raw=[2606000, 2612300, 2644700, 2639000, 2659400, 2528300, 2501100, 2502300, 2501900, 2600100, 2500500, 2500700, 2504200, 2500900, 2480800] combined_raw=[3400, 5500, 5200, 3800, 4600, 2500, 2500, 2600, 2500, 2600, 2400, 2500, 2600, 2500, 2400] cpp_raw=[1600, 2500, 2200, 1300, 1600, 1200, 1200, 1300, 1200, 1200, 1300, 1200, 2100, 1200, 1200] public_ns=2591700 bounds_ns=89500 execute_ns=2504200 combined_ns=2600 cpp_ns=1300 source=e5a18b0018a9faa5 result=d702cf3fb5e29e3d
case op=copy-float w=256 h=128 layout=padded public_raw=[2518200, 2515500, 2625200, 2627700, 2857600, 2622600, 2580100, 2515600, 2515200, 2521100, 2902900, 2578400, 2673800, 2829500, 2736000] bounds_raw=[58800, 61500, 88700, 58500, 58600, 58500, 58300, 58300, 58300, 119400, 58600, 91700, 58400, 95700, 62200] execute_raw=[2567100, 2651800, 2448100, 2557900, 2554400, 2448000, 2543800, 2745500, 2447600, 2510700, 2445600, 2630300, 2511500, 2954400, 2710500] combined_raw=[5800, 5900, 5900, 9500, 5600, 5600, 5600, 6100, 9500, 5700, 5600, 5500, 5500, 8900, 53400] cpp_raw=[4900, 4500, 21000, 4400, 4800, 4600, 4500, 4500, 4400, 4400, 4500, 4500, 4400, 6500, 4900] public_ns=2622600 bounds_ns=58600 execute_ns=2554400 combined_ns=5800 cpp_ns=4500 source=36662a215b68a60b result=bf1783c6025d513d
case op=copy-Pod w=256 h=128 layout=padded public_raw=[2585900, 2579400, 2579500, 2676600, 2578200, 2583700, 2580200, 2586100, 2689000, 2651300, 2647600, 2578600, 2679900, 2597700, 2517300] bounds_raw=[82000, 82000, 82000, 82100, 82100, 82300, 82000, 82500, 85400, 86900, 83100, 87700, 80100, 80100, 80000] execute_raw=[2615800, 2516100, 2510200, 2511400, 2511400, 2626800, 2515500, 2516000, 2557000, 2743000, 2742100, 2510500, 2495100, 2469300, 2451900] combined_raw=[11600, 11400, 11500, 17400, 12000, 12500, 11500, 12800, 19600, 58100, 11700, 11400, 11100, 14500, 11000] cpp_raw=[10700, 10900, 10600, 10500, 10900, 11100, 10700, 10700, 13500, 35200, 10500, 10500, 10200, 10300, 10400] public_ns=2585900 bounds_ns=82100 execute_ns=2515500 combined_ns=11700 cpp_ns=10700 source=49f9223bca7c6711 result=6d7da255f160ecf1
case op=convert-ubyte-float w=256 h=128 layout=padded public_raw=[12079900, 12688000, 12663200, 12811300, 12197400, 12315000, 13185600, 12293400, 12781500, 13290500, 12579000, 12229900, 12391400, 12306100, 12398700] bounds_raw=[95900, 143500, 98200, 101700, 98800, 98200, 98000, 98700, 98300, 100500, 98200, 98300, 103500, 98400, 98300] execute_raw=[12785500, 12353000, 12499300, 12471800, 12303600, 12297500, 12328800, 20665300, 12308000, 12350100, 12426800, 12305800, 12256500, 12144700, 12270300] combined_raw=[5300, 5500, 5200, 4700, 5200, 5600, 5200, 6300, 4500, 5600, 8900, 5300, 5200, 4700, 5300] cpp_raw=[4600, 4900, 4600, 4600, 4800, 4700, 4600, 4700, 4600, 5800, 5300, 4500, 4500, 4600, 4700] public_ns=12398700 bounds_ns=98300 execute_ns=12328800 combined_ns=5300 cpp_ns=4600 source=e5a18b0018a9faa5 result=8d94738f899eb13d
case op=copy-ubyte w=256 h=128 layout=negative-source public_raw=[2594500, 2608900, 2750600, 2897000, 2575400, 2757300, 2598000, 2560100, 2821600, 2718500, 2582700, 2774300, 2643700, 2541100, 2755600] bounds_raw=[89900, 89800, 90600, 90100, 87800, 88900, 88200, 87900, 90300, 88700, 87800, 87600, 96500, 87700, 161800] execute_raw=[2534500, 2745500, 2582200, 2514000, 2464700, 2511500, 2498200, 2517900, 2509600, 2462400, 2476800, 2880500, 2663900, 2654400, 2521600] combined_raw=[2700, 2400, 3200, 3500, 2600, 2800, 3200, 4300, 3400, 2600, 2700, 5800, 3900, 3800, 4700] cpp_raw=[1300, 1200, 2100, 1800, 1200, 1400, 1300, 1500, 1600, 3500, 1300, 1300, 1300, 1200, 1500] public_ns=2643700 bounds_ns=88900 execute_ns=2517900 combined_ns=3200 cpp_ns=1300 source=e5a18b0018a9faa5 result=d702cf3fb5e29e3d
case op=copy-float w=256 h=128 layout=negative-source public_raw=[2713200, 2520600, 2997500, 2612700, 2589600, 2641400, 2585400, 2604000, 2660500, 2600700, 2589200, 2604500, 2629500, 2620900, 2692000] bounds_raw=[59500, 58600, 59600, 63700, 59400, 63100, 60200, 60700, 63300, 60300, 60200, 60100, 60300, 60200, 62400] execute_raw=[2455200, 2514300, 2482700, 2531500, 2526200, 2630100, 2522300, 2516700, 2597400, 2514200, 2530000, 2784900, 2532100, 2639100, 2577400] combined_raw=[5800, 5700, 6300, 16400, 6400, 39500, 6300, 5900, 5900, 6000, 6000, 9200, 6500, 9800, 7600] cpp_raw=[4600, 4700, 4600, 4700, 4700, 5000, 4600, 4600, 4600, 5500, 4800, 5400, 4600, 4600, 4900] public_ns=2612700 bounds_ns=60200 execute_ns=2530000 combined_ns=6300 cpp_ns=4700 source=36662a215b68a60b result=bf1783c6025d513d
case op=copy-Pod w=256 h=128 layout=negative-source public_raw=[2600300, 2669400, 2740200, 2592500, 2616000, 2733400, 2717300, 2663000, 2622800, 2854600, 2650800, 2694200, 2642300, 2606600, 2582400] bounds_raw=[83000, 82100, 84000, 82300, 86900, 107100, 109600, 87400, 82200, 112900, 85300, 82100, 82200, 82400, 82400] execute_raw=[2530300, 2610000, 2648600, 2524900, 2696900, 2655800, 2603800, 2658200, 2544500, 2632600, 2565700, 2545600, 2651100, 2534300, 2576400] combined_raw=[13400, 12000, 15800, 14800, 18100, 17800, 15300, 53800, 15400, 18100, 13100, 13600, 25400, 14700, 12400] cpp_raw=[10800, 10800, 13400, 11000, 10900, 26800, 10700, 44600, 16300, 11200, 10700, 11800, 14400, 10700, 11300] public_ns=2650800 bounds_ns=83000 execute_ns=2603800 combined_ns=15300 cpp_ns=11200 source=7247388808cf2711 result=6d7da255f160ecf1
case op=convert-ubyte-float w=256 h=128 layout=negative-source public_raw=[12424900, 13575200, 13011100, 14498100, 13535400, 13962900, 13541800, 13828800, 13811600, 12974000, 13068600, 13500400, 13558400, 13164100, 12415100] bounds_raw=[95900, 95400, 108400, 108500, 167900, 103800, 98300, 98600, 100100, 100600, 101800, 148900, 106800, 101100, 171500] execute_raw=[12207400, 11806600, 13033400, 14452400, 13818400, 12882600, 12703000, 13258000, 13547600, 12376000, 12512200, 13550700, 12399400, 12616900, 12655900] combined_raw=[12100, 12000, 24100, 12100, 17700, 12700, 12900, 13200, 11800, 12200, 30700, 22300, 12500, 19700, 13100] cpp_raw=[4700, 4500, 6200, 4800, 18700, 4900, 4800, 5400, 4800, 5900, 12400, 8600, 5100, 13200, 6000] public_ns=13535400 bounds_ns=101800 execute_ns=12703000 combined_ns=12900 cpp_ns=5400 source=e5a18b0018a9faa5 result=8d94738f899eb13d
case op=copy-ubyte w=256 h=128 layout=negative-both public_raw=[2604600, 2673700, 2645300, 6320400, 4819400, 2954700, 2639300, 2585300, 3117500, 2638800, 2638200, 2732000, 3676700, 2712500, 3427800] bounds_raw=[89700, 89200, 91900, 128600, 90400, 113900, 91800, 89400, 95200, 90300, 89400, 148400, 90100, 97200, 91900] execute_raw=[2512400, 2685900, 2798200, 6641700, 2525700, 2637100, 2773500, 2531800, 2737700, 2563500, 3070300, 2892700, 2590900, 2661900, 2824000] combined_raw=[3000, 4800, 5700, 3900, 2900, 3500, 6300, 2800, 3100, 3000, 7600, 4100, 5400, 2800, 3100] cpp_raw=[1200, 2100, 3800, 1300, 1600, 1900, 2700, 2200, 1000, 1100, 2500, 1800, 3800, 1500, 1400] public_ns=2712500 bounds_ns=91800 execute_ns=2685900 combined_ns=3500 cpp_ns=1800 source=e5a18b0018a9faa5 result=d702cf3fb5e29e3d
case op=copy-float w=256 h=128 layout=negative-both public_raw=[2685300, 3426300, 2665600, 2707500, 2838200, 3116700, 3418600, 2845200, 2885600, 3372000, 2786100, 2662700, 2751300, 2775200, 2615500] bounds_raw=[65800, 62200, 74600, 61500, 118400, 93300, 77200, 66500, 61400, 177600, 68200, 59600, 62700, 61100, 59900] execute_raw=[2544400, 2539400, 2970900, 2567400, 2778200, 2620400, 2586400, 3347600, 2628700, 2971900, 2540000, 2538600, 3306500, 2575600, 3289000] combined_raw=[20400, 8600, 22300, 10300, 30300, 10400, 15600, 11500, 12300, 10100, 6100, 5800, 25600, 10700, 8800] cpp_raw=[6500, 4700, 5200, 7100, 5200, 5200, 4700, 6500, 5600, 6000, 4700, 4500, 5200, 5700, 4500] public_ns=2786100 bounds_ns=65800 execute_ns=2620400 combined_ns=10700 cpp_ns=5200 source=36662a215b68a60b result=bf1783c6025d513d
case op=copy-Pod w=256 h=128 layout=negative-both public_raw=[2923200, 2690400, 2684900, 2680800, 3469000, 2680200, 2734500, 2644700, 2639400, 2643000, 2610100, 2798200, 2605000, 3324500, 2942700] bounds_raw=[96200, 82100, 94100, 83200, 93700, 85200, 112900, 84700, 83400, 137500, 82100, 167700, 84700, 89300, 87600] execute_raw=[2609100, 2526400, 3582700, 2537800, 2718600, 2544800, 2700900, 2777300, 3224200, 2618000, 2550900, 2789800, 2763800, 2589500, 2676000] combined_raw=[19300, 11400, 20600, 23900, 20500, 11400, 30100, 21400, 14800, 14700, 13400, 24300, 14300, 15900, 16900] cpp_raw=[9900, 9600, 21200, 12200, 16200, 9900, 25400, 15100, 9900, 59700, 41400, 17300, 9500, 10200, 17600] public_ns=2684900 bounds_ns=87600 execute_ns=2676000 combined_ns=16900 cpp_ns=15100 source=7247388808cf2711 result=9cc58c133fed2cf1
case op=convert-ubyte-float w=256 h=128 layout=negative-both public_raw=[12864000, 13023100, 12541000, 12571500, 12586700, 13870500, 12541200, 13064300, 12755900, 12823000, 12752300, 12597700, 12781800, 12646500, 12721600] bounds_raw=[115600, 97800, 100900, 100500, 101000, 107600, 107400, 100700, 103300, 103200, 105200, 97900, 100600, 106800, 101000] execute_raw=[12818400, 12611300, 12590700, 12477400, 12580700, 12525200, 12585400, 12682300, 12682300, 12655600, 12651400, 12386800, 12853700, 12443200, 12672800] combined_raw=[12600, 13100, 12500, 12100, 12600, 13000, 13400, 12900, 12400, 13200, 12600, 14500, 16400, 15600, 13000] cpp_raw=[4800, 4600, 4800, 4700, 5500, 4800, 4700, 4700, 4800, 5600, 4700, 4800, 8500, 4800, 4800] public_ns=12752300 bounds_ns=101000 execute_ns=12611300 combined_ns=13000 cpp_ns=4800 source=e5a18b0018a9faa5 result=8d94738f899eb13d
case op=copy-ubyte w=256 h=128 layout=universal public_raw=[2642400, 2726000, 2583900, 2619400, 2740000, 2673800, 2716200, 2643200, 2647100, 2643500, 2684200, 2647400, 2665500, 2644800, 2729600] bounds_raw=[91400, 94000, 89300, 118300, 89600, 89300, 89100, 91600, 92200, 94300, 93800, 91500, 89600, 91600, 92100] execute_raw=[2776200, 2742400, 2710000, 2596300, 2729000, 2634500, 2653900, 2669900, 2663700, 2698600, 2702800, 2659500, 2712500, 2729700, 2796600] combined_raw=[144500, 144100, 153300, 140500, 137500, 137500, 140900, 141200, 141100, 141700, 141000, 144700, 141400, 140500, 141300] cpp_raw=[93700, 103300, 89600, 89400, 89700, 89400, 91600, 91600, 91500, 91500, 107800, 91800, 91900, 105000, 93800] public_ns=2647400 bounds_ns=91600 execute_ns=2702800 combined_ns=141200 cpp_ns=91600 source=2ca74caf843b767b result=186aee41ab7388cf
case op=copy-float w=256 h=128 layout=universal public_raw=[3185600, 2770800, 2740900, 2716300, 2682100, 2723000, 2748200, 2725300, 2768500, 2653000, 2746800, 2591300, 2589300, 2627300, 2879800] bounds_raw=[75100, 65400, 67200, 64400, 66500, 63400, 62600, 65200, 62800, 62900, 61800, 61000, 62100, 61100, 132300] execute_raw=[2838500, 2834400, 2770500, 2715400, 2861900, 2699300, 2781800, 2868200, 2675600, 2773100, 2610400, 2620000, 2631500, 2662600, 2811400] combined_raw=[127100, 128500, 117200, 130900, 117900, 114100, 116800, 122600, 116500, 114700, 111700, 111200, 143500, 111300, 167000] cpp_raw=[77600, 74500, 81000, 76500, 78600, 75100, 76800, 76700, 83100, 74900, 73000, 73000, 231500, 72800, 73600] public_ns=2725300 bounds_ns=63400 execute_ns=2770500 combined_ns=117200 cpp_ns=76500 source=2602f36fdf024e48 result=a35a34c9a114294f
case op=copy-Pod w=256 h=128 layout=universal public_raw=[2698600, 3164500, 2567600, 2565900, 2832500, 2515000, 2528000, 2675600, 2627000, 2543600, 2612800, 2790800, 2568800, 2727300, 2737800] bounds_raw=[111000, 85400, 83600, 83900, 92800, 84600, 116600, 143400, 90000, 102100, 93200, 86000, 86400, 94200, 148200] execute_raw=[2568600, 7180800, 3027300, 2621800, 2838600, 2627200, 2602600, 2544200, 2535600, 2658400, 2578400, 2767900, 2705300, 2699000, 2650700] combined_raw=[139500, 244500, 198400, 138200, 138600, 141800, 146500, 146100, 222900, 177500, 148000, 144800, 189700, 138500, 144800] cpp_raw=[80200, 868200, 125400, 73600, 80000, 201000, 73600, 73300, 127800, 74800, 75600, 80700, 77100, 74800, 108000] public_ns=2627000 bounds_ns=92800 execute_ns=2650700 combined_ns=146100 cpp_ns=80000 source=e9e6a4e830f5d812 result=65aae9126466d5ba
case op=convert-ubyte-float w=256 h=128 layout=universal public_raw=[7121200, 6948600, 7148300, 7455000, 7037000, 7035200, 7892200, 7247400, 7101400, 7136700, 7219300, 7171100, 6845200, 6975000, 7009900] bounds_raw=[153000, 97900, 98700, 104300, 106400, 99400, 102600, 98900, 98800, 98900, 98500, 97800, 97900, 98500, 98500] execute_raw=[7450400, 7190100, 7105800, 7272200, 7223300, 7401200, 6989700, 7205600, 7085600, 7071100, 6902200, 6853300, 6863000, 6884400, 6861700] combined_raw=[103900, 104600, 103800, 103200, 108700, 105500, 103900, 103900, 104100, 103700, 103800, 103100, 103600, 103000, 103300] cpp_raw=[19200, 20400, 19400, 19600, 19900, 33300, 19400, 19400, 20700, 20600, 19200, 19100, 19300, 19100, 19800] public_ns=7121200 bounds_ns=98800 execute_ns=7085600 combined_ns=103800 cpp_ns=19400 source=2ca74caf843b767b result=9981b35893e1a94f
case op=copy-ubyte w=256 h=128 layout=universal-negative public_raw=[2509500, 2662000, 2449700, 2514100, 2454400, 2449000, 2804000, 2451200, 2452300, 2757200, 2499000, 2564600, 2832600, 2651100, 2600500] bounds_raw=[89500, 87000, 87300, 87100, 87400, 87000, 87000, 87300, 87200, 87400, 87200, 87000, 87500, 87700, 90900] execute_raw=[2575300, 2790800, 2549300, 2511400, 2529000, 2567600, 2529100, 2651100, 2468400, 2468000, 2544700, 2589600, 2730700, 2640400, 2658200] combined_raw=[134400, 134300, 134200, 134100, 134100, 134300, 134100, 137500, 134300, 194100, 179600, 137300, 214800, 134500, 134400] cpp_raw=[92200, 87100, 90400, 87200, 110300, 151100, 92400, 87200, 87300, 87100, 87200, 87100, 87200, 87100, 102500] public_ns=2514100 bounds_ns=87300 execute_ns=2567600 combined_ns=134400 cpp_ns=87200 source=aee6fc6fec93767b result=e78d431e19cc88cf
case op=copy-float w=256 h=128 layout=universal-negative public_raw=[2668400, 2605500, 2582700, 2598500, 2555100, 2661600, 2510500, 2616300, 2511600, 2512900, 2666900, 2608600, 2512600, 2619400, 2510800] bounds_raw=[60800, 60300, 61200, 60500, 60600, 60500, 60300, 60600, 60600, 60500, 60300, 60200, 60500, 60800, 60700] execute_raw=[2588500, 2583500, 2590100, 2585600, 2595600, 2637300, 2583000, 2539900, 2539100, 2537600, 2681700, 2540000, 2542900, 2552500, 2577200] combined_raw=[110400, 110500, 110600, 110200, 110500, 110400, 110600, 110200, 115400, 110400, 113800, 110200, 110500, 110200, 110600] cpp_raw=[72900, 116300, 72900, 72900, 73000, 73000, 72900, 186500, 287600, 73000, 72900, 72800, 72800, 72800, 73100] public_ns=2598500 bounds_ns=60500 execute_ns=2583000 combined_ns=110500 cpp_ns=72900 source=a257b6291ff8ce48 result=6438f003893e294f
case op=copy-Pod w=256 h=128 layout=universal-negative public_raw=[2516300, 2517700, 2583700, 2517600, 2562600, 2605100, 2577100, 2553900, 2737500, 2518300, 2514100, 2516000, 2517000, 2516300, 2644400] bounds_raw=[83500, 85500, 83400, 83000, 128100, 82800, 82400, 99500, 88500, 83500, 121700, 82400, 83100, 86300, 84000] execute_raw=[2646400, 2535100, 2535600, 2533100, 2684600, 2626000, 2624800, 2807900, 2536400, 2537200, 2535800, 2531200, 2552300, 2533000, 2533400] combined_raw=[139900, 138800, 141900, 138100, 139400, 138900, 138500, 143400, 142200, 139500, 139200, 139300, 141600, 138200, 139400] cpp_raw=[75800, 73400, 74300, 76200, 73900, 76700, 79400, 76200, 85800, 74100, 76800, 73800, 77900, 73000, 73600] public_ns=2518300 bounds_ns=83500 execute_ns=2536400 combined_ns=139400 cpp_ns=75800 source=9d3846764beed812 result=da53e1b7f4d855ba
case op=convert-ubyte-float w=256 h=128 layout=universal-negative public_raw=[6992000, 7375800, 6973200, 7089700, 7240900, 7248900, 7479200, 7078800, 7949000, 7556900, 7695400, 7200200, 8006600, 7887400, 18126700] bounds_raw=[97900, 97800, 95700, 95900, 96100, 96100, 99300, 96300, 144700, 114900, 105300, 98600, 127600, 127300, 100600] execute_raw=[7189500, 7044600, 7166800, 6823700, 6969500, 7231200, 7454500, 7752200, 7408300, 7755600, 7725900, 7554500, 7245500, 8043100, 7404500] combined_raw=[107500, 103300, 100900, 100600, 114300, 101200, 162300, 134600, 104400, 105800, 123200, 122500, 104800, 108700, 128600] cpp_raw=[19300, 19400, 18800, 18800, 18900, 18700, 19200, 19100, 18700, 31200, 20800, 38200, 19300, 25100, 53200] public_ns=7375800 bounds_ns=98600 execute_ns=7404500 combined_ns=107500 cpp_ns=19300 source=aee6fc6fec93767b result=b595bddcda97a94f
case op=copy-ubyte w=256 h=128 layout=repeated-source public_raw=[3118400, 2817600, 2734600, 2901400, 2760400, 2943400, 3526100, 2865200, 2813300, 2680200, 2957900, 2759800, 2893500, 3074600, 3074700] bounds_raw=[163400, 93000, 91900, 92700, 135100, 91800, 90000, 93900, 100100, 92200, 118400, 110300, 128700, 134400, 139900] execute_raw=[2748500, 2603600, 2603400, 2770300, 3222400, 2672600, 3064400, 3219400, 2720500, 2682000, 3520300, 3187900, 2493200, 2907200, 2996800] combined_raw=[3400, 4200, 3800, 4100, 6000, 3600, 3800, 5100, 4400, 3100, 6100, 12400, 5300, 4500, 4500] cpp_raw=[1100, 1700, 900, 900, 1300, 1400, 1200, 1900, 900, 1300, 5300, 5800, 1700, 1100, 1200] public_ns=2893500 bounds_ns=100100 execute_ns=2770300 combined_ns=4400 cpp_ns=1300 source=b801a0f8ceb910a5 result=d702cf3fb5e29e3d
case op=copy-float w=256 h=128 layout=repeated-source public_raw=[3250500, 3839800, 2987700, 2883400, 2672700, 3182600, 2651900, 2806400, 3041000, 2720800, 2656300, 2656600, 2612100, 2695700, 2705800] bounds_raw=[122300, 109200, 121500, 62000, 96800, 106300, 61000, 108200, 61500, 61400, 61100, 61900, 61300, 105700, 68000] execute_raw=[3424900, 3357000, 3135300, 2794300, 2640500, 2895300, 2668800, 2499000, 2933600, 2541400, 2839200, 2968500, 2557100, 2847500, 2537800] combined_raw=[13600, 21900, 7600, 30900, 16100, 6500, 5500, 5700, 6600, 5000, 6800, 6900, 6500, 14200, 5100] cpp_raw=[7400, 15600, 3700, 4000, 20800, 3500, 4100, 3400, 4400, 4300, 4000, 3300, 3200, 3300, 3800] public_ns=2720800 bounds_ns=68000 execute_ns=2839200 combined_ns=6800 cpp_ns=4000 source=2ab4dac9ab1576eb result=bf1783c6025d513d
case op=copy-Pod w=256 h=128 layout=repeated-source public_raw=[2638500, 2766700, 2583300, 2596800, 2759200, 2819600, 2767400, 2591700, 2505700, 2597900, 2602500, 2657500, 2835900, 2520900, 2616000] bounds_raw=[84000, 83400, 84600, 83900, 146100, 84700, 124400, 82100, 81500, 119700, 81900, 81500, 82200, 81800, 81600] execute_raw=[2503300, 2534100, 2839000, 2539100, 3064500, 2755300, 2612800, 2920600, 2462200, 2846400, 2502400, 2483500, 2722900, 2457000, 2723500] combined_raw=[8600, 8300, 9900, 15200, 10000, 11400, 8200, 9100, 14000, 8900, 8600, 8500, 10200, 14200, 8800] cpp_raw=[6800, 6900, 8100, 8200, 6700, 9100, 6600, 6700, 6800, 6700, 6600, 6600, 7100, 6600, 8900] public_ns=2616000 bounds_ns=83400 execute_ns=2612800 combined_ns=9100 cpp_ns=6800 source=eeeb850fb0e39951 result=fb16e77c4b15ecf1
case op=convert-ubyte-float w=256 h=128 layout=repeated-source public_raw=[12224200, 12311200, 12271500, 12329500, 12046100, 12293200, 12558000, 12192600, 12388100, 12258700, 12354400, 12171300, 12104800, 11931600, 12101100] bounds_raw=[98700, 98200, 98600, 103000, 98500, 128200, 98100, 134400, 98500, 98600, 98700, 98000, 98800, 98700, 98500] execute_raw=[12238500, 12180000, 11849600, 11992800, 12059100, 11973400, 12506400, 12400900, 12039600, 11924000, 12084200, 11866800, 11863600, 11977000, 11974000] combined_raw=[5000, 5000, 5000, 4400, 5100, 5000, 5000, 5500, 5900, 5100, 5200, 5000, 4900, 4300, 5000] cpp_raw=[4400, 4600, 4400, 4300, 6000, 4400, 4400, 4400, 7000, 4300, 4400, 4300, 4500, 4300, 4300] public_ns=12258700 bounds_ns=98600 execute_ns=11992800 combined_ns=5000 cpp_ns=4400 source=b801a0f8ceb910a5 result=8d94738f899eb13d
case op=copy-ubyte w=256 h=128 layout=zero-source public_raw=[667800, 621000, 624100, 624000, 625700, 623100, 621800, 628000, 621700, 644400, 626100, 624700, 621500, 628200, 623000] bounds_raw=[89200, 94900, 89200, 89200, 91300, 93500, 89900, 90700, 89300, 89300, 89100, 89100, 91000, 89800, 89600] execute_raw=[703400, 636800, 641000, 639900, 638600, 638500, 639800, 649200, 686100, 642400, 689100, 640500, 682000, 640800, 639500] combined_raw=[137400, 137200, 137300, 137100, 137500, 138100, 149600, 138300, 137300, 137200, 137300, 137200, 137200, 137500, 138600] cpp_raw=[89100, 94800, 89000, 89400, 89400, 94600, 89200, 89700, 94200, 105000, 89000, 103300, 104900, 89300, 130900] public_ns=624100 bounds_ns=89600 execute_ns=640800 combined_ns=137300 cpp_ns=89700 source=ea3b47c803d61b61 result=805f2b0ca3e19e3d
case op=copy-float w=256 h=128 layout=zero-source public_raw=[626200, 627400, 624500, 662900, 621200, 624600, 677900, 672000, 674500, 668500, 621200, 621200, 655700, 671600, 626900] bounds_raw=[92100, 59600, 59700, 59600, 63000, 59800, 59600, 60200, 59900, 60200, 59600, 59600, 59700, 59700, 59900] execute_raw=[652500, 666600, 706800, 699600, 649500, 659700, 750300, 658400, 664900, 649300, 672500, 649400, 654400, 656900, 725900] combined_raw=[110100, 145200, 110100, 109900, 110200, 110300, 110200, 110300, 110100, 110200, 110100, 110000, 126300, 110000, 148800] cpp_raw=[72800, 72800, 72800, 120500, 72800, 72800, 72900, 72800, 73100, 72900, 72800, 78900, 72800, 72800, 72800] public_ns=627400 bounds_ns=59700 execute_ns=659700 combined_ns=110200 cpp_ns=72800 source=3ee659a586185a17 result=d3a2f65955b6b13d
case op=copy-Pod w=256 h=128 layout=zero-source public_raw=[632900, 676000, 621200, 662500, 665200, 622100, 632000, 651500, 621200, 621100, 678600, 626800, 626300, 631600, 637400] bounds_raw=[82000, 100800, 85000, 81800, 82200, 82000, 81700, 81900, 81800, 81800, 81800, 129200, 82100, 82000, 81900] execute_raw=[642400, 662800, 643500, 643300, 722200, 643000, 639100, 638500, 638400, 641600, 644000, 643100, 651700, 642900, 644500] combined_raw=[137900, 137800, 137800, 137800, 184300, 137900, 151400, 138000, 137800, 137900, 137900, 137900, 138000, 143400, 137900] cpp_raw=[90700, 72800, 76300, 72800, 72800, 72900, 72800, 72800, 72800, 72800, 72800, 72800, 73000, 72900, 72800] public_ns=632000 bounds_ns=82000 execute_ns=643100 combined_ns=137900 cpp_ns=72800 source=52489578602bbe06 result=ef186d4d74d56cf1
case op=convert-ubyte-float w=256 h=128 layout=zero-source public_raw=[1767900, 1728400, 1727400, 1774700, 1775200, 1727000, 1773000, 1854500, 1728300, 1729200, 1770200, 1729300, 1727100, 1726100, 1727900] bounds_raw=[397700, 97500, 97600, 144900, 97600, 97500, 97500, 97700, 97500, 97900, 97600, 97500, 144800, 97500, 111200] execute_raw=[1790400, 1734900, 1784100, 1856300, 1733100, 1734700, 1734600, 1751300, 1737000, 1773200, 1792700, 1780900, 1786900, 1823900, 1777600] combined_raw=[102400, 102500, 102600, 102500, 102300, 102200, 102300, 102400, 102400, 102700, 102600, 102300, 102300, 102400, 102300] cpp_raw=[19100, 18900, 19000, 19000, 19000, 19000, 18900, 19000, 18900, 19100, 19100, 19000, 19000, 19000, 19000] public_ns=1729200 bounds_ns=97600 execute_ns=1777600 combined_ns=102400 cpp_ns=19000 source=ea3b47c803d61b61 result=fb8549580c3ab13d
case op=copy-ubyte w=2048 h=512 layout=contiguous public_raw=[43900, 42400, 40700, 53500, 56800, 54100, 53000, 50000, 192100, 161300, 86700, 37900, 41300, 34000, 33700] bounds_raw=[39800, 49900, 42700, 50900, 47700, 49100, 55900, 58400, 72900, 107600, 173700, 61700, 35300, 34600, 35500] execute_raw=[47900, 51700, 49500, 65600, 45200, 60700, 51000, 53100, 65600, 71000, 116700, 127600, 35900, 34100, 34200] combined_raw=[48200, 43300, 42400, 48700, 60200, 50700, 56200, 54600, 68200, 77900, 131400, 50300, 44800, 34800, 36300] cpp_raw=[56800, 50400, 54500, 56200, 75000, 54900, 62300, 66400, 79000, 103700, 245200, 66800, 63300, 42300, 42000] public_ns=50000 bounds_ns=49900 execute_ns=51700 combined_ns=50300 cpp_ns=62300 source=2330a0f18d4d82a5 result=80d2fb93a399d2bd
case op=copy-float w=2048 h=512 layout=contiguous public_raw=[401300, 234600, 233400, 322700, 205200, 441700, 263000, 426500, 412400, 218600, 226700, 455400, 365600, 587800, 743500] bounds_raw=[552300, 191500, 203200, 398500, 206100, 510000, 268400, 282000, 268100, 303900, 244600, 276200, 266400, 378700, 318800] execute_raw=[240300, 197700, 212900, 226500, 397000, 380700, 235800, 231000, 230100, 307500, 339700, 303300, 450300, 233100, 238800] combined_raw=[215200, 409600, 236600, 199700, 812000, 260100, 570100, 219700, 308000, 257700, 467200, 338000, 313400, 211200, 229000] cpp_raw=[212700, 405800, 324500, 233200, 219100, 255500, 449700, 769400, 363900, 234300, 387200, 554000, 573300, 255700, 252000] public_ns=365600 bounds_ns=276200 execute_ns=238800 combined_ns=260100 cpp_ns=324500 source=13b5de7322d2f7ab result=d89816c09b0f4fbd
case op=copy-Pod w=2048 h=512 layout=contiguous public_raw=[1329600, 721500, 724200, 943700, 719200, 823300, 896300, 893300, 726700, 767500, 797100, 719900, 758900, 865600, 757400] bounds_raw=[1310200, 711700, 906300, 834600, 725100, 832600, 752900, 790400, 896000, 875800, 732600, 749700, 818900, 730800, 712600] execute_raw=[949700, 958400, 740000, 715400, 1141600, 749700, 896900, 829200, 836700, 730300, 810100, 1103200, 783400, 726600, 721100] combined_raw=[903400, 1281800, 1301000, 773600, 743200, 788700, 726100, 736100, 735800, 757600, 940600, 728300, 872000, 727400, 737100] cpp_raw=[1070200, 1261300, 716500, 812600, 1007600, 695700, 801200, 1751900, 959700, 742500, 744900, 781300, 758800, 772300, 906200] public_ns=767500 bounds_ns=790400 execute_ns=810100 combined_ns=757600 cpp_ns=801200 source=d8cd6555f4166151 result=59e0883c487093b1
case op=convert-ubyte-float w=2048 h=512 layout=contiguous public_raw=[4142900, 3797400, 3870600, 3677200, 3555800, 3559700, 3544700, 3546800, 3549000, 3633000, 3726800, 3719000, 3780500, 3663000, 3761800] bounds_raw=[3603900, 3582700, 3557400, 3546600, 3545400, 3544200, 3541800, 3915900, 3958600, 3684200, 3652100, 3737300, 3648200, 3642000, 3632900] execute_raw=[159000, 159200, 155500, 151200, 194600, 188900, 244200, 162800, 190900, 164700, 173400, 166000, 163900, 156800, 175200] combined_raw=[153500, 149100, 155800, 154400, 233200, 156400, 183200, 199400, 203200, 168600, 157600, 161500, 165000, 159200, 255100] cpp_raw=[352500, 154300, 150700, 160900, 195500, 161000, 168000, 169700, 155700, 164100, 161900, 161800, 160500, 156800, 240100] public_ns=3677200 bounds_ns=3632900 execute_ns=164700 combined_ns=161500 cpp_ns=161800 source=2330a0f18d4d82a5 result=8830660fbe034fbd
case op=copy-ubyte w=2048 h=512 layout=padded public_raw=[52420800, 43276400, 43111300, 43189500, 43270000, 42986500, 43709300, 43281800, 43584700, 43879300, 52826800, 43090500, 43245500, 44221200, 43328700] bounds_raw=[2766700, 2792400, 3041000, 2855100, 2876200, 2955100, 2875800, 2794000, 2949800, 4058800, 2778900, 2845400, 2936400, 2832300, 2965100] execute_raw=[39473300, 39799800, 40961600, 40361900, 41393400, 41107500, 40859100, 41444300, 41279100, 40501400, 40100200, 41213100, 40375200, 40109200, 41191100] combined_raw=[127700, 91400, 68400, 100700, 163300, 86000, 68100, 70200, 60400, 66300, 64400, 79100, 82600, 70300, 66400] cpp_raw=[73100, 271200, 71300, 70300, 82600, 73900, 49200, 53900, 47300, 62600, 50600, 68500, 48200, 48500, 88200] public_ns=43281800 bounds_ns=2875800 execute_ns=40859100 combined_ns=70300 cpp_ns=68500 source=ae83cf5b1e4efaa5 result=824b457e72415e3d
case op=copy-float w=2048 h=512 layout=padded public_raw=[42892600, 43377800, 43473600, 53461800, 45109300, 42792500, 40814300, 43942300, 44176400, 43621700, 42634300, 48253200, 60037400, 45609700, 43372600] bounds_raw=[1957200, 2080100, 2090900, 2049800, 2030300, 1945900, 1939400, 2285500, 2276500, 1951300, 1889000, 1925800, 3192600, 2747500, 1916500] execute_raw=[41100500, 41306600, 40917600, 43595300, 40686100, 40399600, 38701100, 39893600, 41373100, 40994600, 42500400, 45814200, 47179300, 43058600, 39997600] combined_raw=[349900, 386600, 355800, 407800, 318000, 364000, 252000, 278500, 264900, 291100, 439600, 1192700, 2370300, 2071600, 302300] cpp_raw=[312200, 322100, 375700, 292200, 794600, 292300, 229000, 232300, 258300, 331400, 324400, 396600, 639900, 937200, 367500] public_ns=43621700 bounds_ns=2030300 execute_ns=41100500 combined_ns=355800 cpp_ns=324400 source=f707132824e3b60b result=7e1f3007cb46713d
case op=copy-Pod w=2048 h=512 layout=padded public_raw=[43006100, 41435300, 41136500, 49779100, 42422000, 40548400, 39598000, 41621400, 41130300, 41780100, 41359900, 41313400, 41154400, 40821400, 40805600] bounds_raw=[2731000, 3200800, 2714300, 2726200, 2631500, 2562900, 2612900, 2721200, 2636000, 2851100, 2723900, 3092000, 2630500, 2893300, 2642200] execute_raw=[39564900, 40489300, 39620000, 41204000, 38566600, 37576100, 37873100, 39667400, 41554200, 39891900, 38769500, 39919700, 39292500, 38351600, 38020600] combined_raw=[575500, 630800, 855500, 953400, 599500, 574400, 703400, 844300, 732300, 593100, 1182800, 625300, 965200, 736900, 823100] cpp_raw=[726100, 724300, 615200, 577000, 2835200, 824500, 652100, 716500, 581600, 1389500, 729300, 771500, 726700, 644600, 1007300] public_ns=41313400 bounds_ns=2721200 execute_ns=39564900 combined_ns=732300 cpp_ns=726100 source=e31314711d294711 result=cd84131d95f48cf1
case op=convert-ubyte-float w=2048 h=512 layout=padded public_raw=[190067900, 203046300, 197387100, 193663500, 202322600, 189794000, 202151300, 205833200, 192826400, 207191200, 191032000, 198562700, 200646300, 193565100, 200178000] bounds_raw=[3032300, 3128800, 3087600, 3050600, 2998500, 3032500, 3041500, 3037500, 2965100, 3089800, 3187000, 3189100, 3047200, 3013500, 3376700] execute_raw=[188932300, 188154300, 189233400, 187512700, 185377300, 188790200, 191288200, 194271700, 191387400, 188375900, 192206500, 192381400, 197603800, 185956400, 190330200] combined_raw=[158700, 158200, 559000, 183400, 156100, 164600, 162300, 209300, 156500, 166000, 169300, 157200, 220600, 155700, 967700] cpp_raw=[152500, 153100, 328200, 172800, 280300, 157600, 164500, 231800, 157700, 163500, 171100, 154600, 278300, 152200, 160800] public_ns=198562700 bounds_ns=3047200 execute_ns=189233400 combined_ns=164600 cpp_ns=163500 source=ae83cf5b1e4efaa5 result=a6f0b1d68eba713d
case op=copy-ubyte w=2048 h=512 layout=negative-source public_raw=[41386100, 40791500, 40660600, 41562600, 40658300, 51047500, 47543400, 44393800, 43705000, 43788700, 44194700, 43314400, 42273600, 42499100, 42925200] bounds_raw=[2751300, 2731000, 2701900, 2792700, 2705300, 2828900, 2769300, 2869000, 2855100, 2847200, 2832600, 2776000, 2811700, 2780200, 2809600] execute_raw=[38478100, 38679200, 38337300, 38947500, 40815900, 39584400, 40684100, 42475100, 41197300, 40776600, 41574300, 40518100, 40566600, 39598300, 39882100] combined_raw=[55800, 48100, 43200, 42700, 54000, 54500, 238400, 102600, 59900, 60200, 57100, 58900, 66200, 50300, 100800] cpp_raw=[39000, 64000, 39200, 39200, 52700, 42800, 109500, 55100, 41700, 49900, 44200, 42000, 41700, 40000, 47000] public_ns=42925200 bounds_ns=2792700 execute_ns=40518100 combined_ns=57100 cpp_ns=42800 source=ae83cf5b1e4efaa5 result=824b457e72415e3d
case op=copy-float w=2048 h=512 layout=negative-source public_raw=[50133500, 43928200, 43846300, 43461400, 42662500, 44195200, 42893000, 41821300, 43023000, 42633300, 42961300, 48143000, 46579700, 43076200, 43291300] bounds_raw=[2609000, 2010700, 2248600, 2543900, 2087900, 1998300, 1989000, 1930900, 1896500, 1967300, 2736800, 2030800, 3024200, 1972300, 2019700] execute_raw=[43321800, 43089900, 40845400, 41002700, 40719100, 40230200, 40548800, 50715100, 39768600, 39995400, 39494400, 40275700, 43520400, 40976300, 41148700] combined_raw=[366100, 1140200, 277900, 305000, 291900, 271100, 392000, 507500, 249500, 579200, 264200, 527600, 410100, 715300, 432400] cpp_raw=[1692600, 1320500, 655500, 248100, 315100, 220000, 261700, 240100, 226500, 259100, 854600, 755400, 360100, 363300, 303600] public_ns=43291300 bounds_ns=2019700 execute_ns=40845400 combined_ns=392000 cpp_ns=315100 source=f707132824e3b60b result=7e1f3007cb46713d
case op=copy-Pod w=2048 h=512 layout=negative-source public_raw=[40572100, 39291800, 42219000, 41549400, 42327700, 43630300, 50833500, 40877600, 40715500, 41542400, 43438600, 42880700, 41125500, 40870000, 50791600] bounds_raw=[2781400, 2567600, 2783200, 2781900, 3314800, 2853900, 2901200, 2764900, 2808300, 2836800, 2864900, 2877800, 2797900, 2771200, 2769200] execute_raw=[37674200, 37841500, 44170300, 38899100, 42986600, 39954200, 40974400, 39150700, 39653400, 39270400, 41922100, 40222400, 39063800, 39223300, 38962300] combined_raw=[621100, 1186800, 876400, 784100, 884500, 890000, 1054500, 847700, 1036200, 912300, 991300, 864900, 877400, 979700, 881200] cpp_raw=[617800, 1074500, 825000, 696800, 783500, 903900, 1110100, 878200, 958800, 879000, 858000, 848800, 842300, 907000, 852300] public_ns=41549400 bounds_ns=2797900 execute_ns=39270400 combined_ns=884500 cpp_ns=858000 source=a98d88b93a2d4711 result=cd84131d95f48cf1
case op=convert-ubyte-float w=2048 h=512 layout=negative-source public_raw=[207434800, 200098200, 203207300, 199837100, 198644100, 200119000, 200613800, 202955800, 200181800, 205514200, 203990800, 198639800, 203395600, 245138800, 216422800] bounds_raw=[3347300, 3109900, 3060400, 3047000, 3298200, 3276100, 3270900, 3567500, 3333400, 3430000, 3121000, 3122300, 3608900, 3206100, 3308500] execute_raw=[197558000, 198876800, 221139300, 193890700, 203804400, 196886100, 195426500, 206083300, 197588100, 208204500, 202403300, 199292600, 205872600, 207155100, 209375800] combined_raw=[410900, 538500, 987300, 405600, 647100, 392200, 435300, 396000, 384900, 774500, 548300, 403000, 394000, 463100, 1080100] cpp_raw=[200100, 191600, 302100, 221800, 209400, 180500, 185300, 191100, 185500, 299900, 220300, 182600, 188400, 243700, 227400] public_ns=202955800 bounds_ns=3276100 execute_ns=202403300 combined_ns=435300 cpp_ns=200100 source=ae83cf5b1e4efaa5 result=a6f0b1d68eba713d
case op=copy-ubyte w=2048 h=512 layout=negative-both public_raw=[44188600, 44428500, 44550600, 45697300, 45009100, 53226800, 44311500, 44549500, 43834800, 43654400, 43636200, 45371100, 43275200, 43299200, 43748600] bounds_raw=[3095200, 3118800, 2869700, 3211500, 3239200, 2844600, 2915700, 2949900, 3287200, 3051400, 3037800, 2988400, 2919800, 2981300, 3018800] execute_raw=[41413000, 41984000, 41603400, 41999500, 41050500, 40410000, 41992200, 43976900, 41260500, 41942100, 40953500, 40934400, 40670400, 42561400, 47799500] combined_raw=[197100, 91500, 83600, 331000, 87300, 108500, 103200, 102900, 85200, 92500, 78100, 163700, 105300, 149500, 142100] cpp_raw=[293400, 81500, 56300, 207400, 187900, 84800, 89100, 170000, 202600, 92000, 74100, 134900, 92300, 132000, 90200] public_ns=44311500 bounds_ns=3018800 execute_ns=41603400 combined_ns=103200 cpp_ns=92300 source=ae83cf5b1e4efaa5 result=824b457e72415e3d
case op=copy-float w=2048 h=512 layout=negative-both public_raw=[45553100, 45067000, 48135700, 45555900, 43346100, 43469000, 54594200, 44706800, 44444300, 44655900, 44951000, 44359600, 43616700, 43397500, 43901300] bounds_raw=[2141700, 3782200, 3715300, 3066300, 2118000, 2213300, 2140900, 2073300, 2155000, 2070800, 2064300, 2251900, 3353200, 2071900, 2094700] execute_raw=[46030400, 43296900, 43678100, 41825700, 41281900, 42338300, 42658000, 43530100, 42646900, 42777700, 42702200, 42807700, 41573900, 41612900, 42574300] combined_raw=[629200, 375800, 1127800, 2060400, 410300, 549600, 450700, 502700, 454300, 438400, 437300, 392000, 854900, 1193300, 398900] cpp_raw=[1933300, 347100, 2822800, 649200, 800600, 447100, 475900, 490300, 608500, 651000, 406700, 365100, 448000, 529800, 686900] public_ns=44655900 bounds_ns=2141700 execute_ns=42658000 combined_ns=454300 cpp_ns=529800 source=f707132824e3b60b result=7e1f3007cb46713d
case op=copy-Pod w=2048 h=512 layout=negative-both public_raw=[42894600, 43047900, 41962000, 42802700, 42339800, 42375800, 42277300, 42021800, 42678700, 42768900, 42647900, 42559400, 46811900, 46582100, 43123300] bounds_raw=[3375700, 2924400, 2733100, 2850800, 2856600, 2960700, 2770700, 2763300, 2815700, 2806400, 3973000, 2790200, 7396500, 4023000, 5758300] execute_raw=[40492000, 40331800, 40230200, 40077500, 40705700, 40406600, 41068700, 40001600, 39860800, 40128600, 39871400, 39410800, 43022100, 40608600, 42604400] combined_raw=[837900, 820400, 821300, 840400, 817300, 812600, 791600, 835900, 889200, 876600, 810300, 806400, 908200, 1938600, 3384300] cpp_raw=[855100, 821900, 824700, 811000, 843800, 1468100, 804200, 831000, 811600, 2044500, 988900, 800100, 1839700, 1820400, 990900] public_ns=42678700 bounds_ns=2856600 execute_ns=40331800 combined_ns=835900 cpp_ns=843800 source=a98d88b93a2d4711 result=35d2d67477ff8cf1
case op=convert-ubyte-float w=2048 h=512 layout=negative-both public_raw=[201755100, 216529200, 198802000, 214845800, 211471500, 195746900, 204835500, 199715800, 200152000, 208571000, 194911500, 198685100, 194407400, 195360900, 196504000] bounds_raw=[4026100, 3276700, 3299100, 4112600, 3308100, 3211900, 3295600, 3242800, 3666100, 3237100, 3125200, 3154000, 3206800, 3220600, 3175000] execute_raw=[198392400, 204103800, 197012500, 222552800, 193782900, 192136700, 189978200, 200226600, 198389700, 194123800, 193456400, 190869800, 191763900, 196053400, 189749600] combined_raw=[429800, 906900, 717600, 425400, 401400, 745600, 403000, 485300, 438600, 406400, 421700, 479600, 401100, 396900, 418900] cpp_raw=[306500, 1158600, 682500, 272300, 1210300, 568000, 216300, 357600, 270200, 264600, 275800, 234000, 263900, 200700, 1100400] public_ns=199715800 bounds_ns=3242800 execute_ns=194123800 combined_ns=425400 cpp_ns=275800 source=ae83cf5b1e4efaa5 result=a6f0b1d68eba713d
case op=copy-ubyte w=2048 h=512 layout=universal public_raw=[43042800, 43428700, 58452100, 42454400, 43335400, 42542300, 42562200, 43429900, 42467800, 43050200, 43652600, 42753000, 43191300, 43052400, 42088100] bounds_raw=[2960800, 2802500, 2876600, 2914500, 2945600, 2866800, 2842400, 2900100, 2922900, 2910300, 2943700, 2934500, 2913600, 2950600, 2832700] execute_raw=[43395700, 43043400, 43681700, 43770600, 43470000, 42698000, 42955700, 43468900, 43431600, 43774300, 43340000, 53494800, 47028400, 43112900, 42594300] combined_raw=[4557600, 4473500, 4617900, 4434000, 4399900, 4380200, 4404600, 4606600, 4518500, 4404800, 4507000, 4385500, 4485100, 4454500, 4344600] cpp_raw=[3129400, 3021600, 3042000, 2862500, 3050700, 2808700, 2995100, 2991000, 3027400, 3120600, 2794100, 2883200, 3316600, 3052200, 2941900] public_ns=43050200 bounds_ns=2913600 execute_ns=43431600 combined_ns=4454500 cpp_ns=3021600 source=546dc88cf162767b result=b53972f2ee1fc8cf
case op=copy-float w=2048 h=512 layout=universal public_raw=[41706700, 42216600, 41938700, 43550300, 42512400, 43656000, 41608800, 40803300, 40546800, 45460400, 49986800, 41921500, 41240300, 41761000, 41207100] bounds_raw=[2102100, 2118200, 2075400, 2192900, 2177000, 2194200, 2076800, 2026400, 2023400, 1996200, 2892300, 2107300, 2136800, 2121300, 2120100] execute_raw=[42052700, 43899900, 52141000, 44488500, 44119300, 43801400, 43301200, 42754500, 40374100, 42454600, 49161000, 43172700, 42833700, 42157800, 42339600] combined_raw=[3787900, 3986500, 3662200, 3766700, 3929600, 3657300, 4144600, 3589700, 3580500, 3677200, 3711300, 3675800, 3664700, 3661600, 3784300] cpp_raw=[2869800, 2688200, 2486500, 2405500, 3073500, 2715700, 2471400, 2398800, 2398600, 2412000, 2496600, 2703100, 2518600, 2416500, 2493000] public_ns=41921500 bounds_ns=2118200 execute_ns=43172700 combined_ns=3677200 cpp_ns=2493000 source=4f1036148aacde48 result=1d8ea0b52256e94f
case op=copy-Pod w=2048 h=512 layout=universal public_raw=[42114700, 42683500, 42235800, 43818300, 40897400, 40955800, 39883000, 41069700, 43550000, 40787800, 49929300, 41026300, 39255700, 45533900, 45327700] bounds_raw=[3125300, 3227300, 3106400, 5040600, 2854100, 2870700, 2797900, 2919600, 3191300, 2879900, 2910900, 2854200, 2946400, 3959700, 4073200] execute_raw=[43339700, 43026100, 43158100, 42235900, 41586500, 40545500, 41843300, 44158300, 40083400, 42178200, 40893600, 44356200, 41334200, 44332400, 44329100] combined_raw=[4820600, 4737400, 4810400, 5014000, 7578500, 4516900, 4606700, 5310100, 4627600, 4673900, 4523800, 5282200, 4623900, 4440600, 4793100] cpp_raw=[2873800, 2864300, 2790100, 2906100, 2687600, 2757600, 2568100, 4387100, 2638600, 2633400, 2624300, 2675500, 2615600, 2583400, 4027800] public_ns=42114700 bounds_ns=2946400 execute_ns=42235900 combined_ns=4737400 cpp_ns=2687600 source=196bf4d6cf5eb812 result=fc9731c7256835ba
case op=convert-ubyte-float w=2048 h=512 layout=universal public_raw=[105202800, 107048200, 104665500, 104340700, 108132300, 111653600, 103919500, 103426600, 103608100, 108935200, 115881200, 109952600, 109108000, 115057100, 125098900] bounds_raw=[3252600, 3094600, 2994800, 2995900, 3069700, 3139000, 3054200, 3489700, 3061500, 3061300, 3080400, 3056900, 3061300, 3256800, 3161900] execute_raw=[106756900, 108009800, 116261100, 103797700, 111276800, 108435700, 114333600, 104851100, 111624400, 107032200, 106490300, 109528600, 110297700, 121085200, 110724700] combined_raw=[4775100, 3146800, 3229000, 3229000, 3572000, 3238700, 3164400, 3222900, 3167700, 3623400, 3416400, 3312000, 3522100, 3246700, 3469800] cpp_raw=[733300, 583200, 722300, 599200, 617700, 609300, 662400, 607100, 862000, 723900, 799600, 631100, 674600, 643600, 746400] public_ns=108132300 bounds_ns=3069700 execute_ns=109528600 combined_ns=3246700 cpp_ns=662400 source=546dc88cf162767b result=24fea8e2dff2e94f
case op=copy-ubyte w=2048 h=512 layout=universal-negative public_raw=[41560400, 41537900, 40884400, 41268000, 49736300, 40196000, 43576300, 41508800, 42580400, 41731600, 42186700, 42526500, 52103900, 42037500, 42354500] bounds_raw=[2722400, 3060100, 2963100, 2891500, 2844200, 2756700, 2770400, 2861700, 3212900, 2908200, 2875700, 2975400, 2865500, 2995700, 2922900] execute_raw=[42949900, 42001900, 42035700, 41772100, 40453300, 42655000, 41949000, 42252100, 42640700, 43038500, 42766100, 41988800, 43646100, 42290400, 42861900] combined_raw=[5248600, 4423000, 4319300, 4292500, 4506000, 4304800, 4645100, 4442700, 4417200, 4741000, 4704500, 4386500, 4487600, 4630700, 4634400] cpp_raw=[3063200, 3171000, 3042000, 2881300, 2804800, 2867100, 3057400, 2898400, 2864700, 2801300, 3087800, 2795600, 3049800, 2802000, 2944300] public_ns=42037500 bounds_ns=2891500 execute_ns=42290400 combined_ns=4487600 cpp_ns=2898400 source=46067b9fc62767b result=6220d181b93fc8cf
case op=copy-float w=2048 h=512 layout=universal-negative public_raw=[43819700, 42389700, 42458300, 41335400, 42876000, 41698100, 42057800, 41219000, 41674200, 41862800, 42408800, 44896600, 41033300, 41713500, 40830400] bounds_raw=[2315000, 2175100, 2236800, 2174100, 2125500, 2077800, 2056200, 2041700, 2100400, 2136900, 2082700, 2054600, 2101900, 2406400, 2077900] execute_raw=[43738500, 43206800, 42823900, 51668600, 43069900, 42679600, 42624200, 42238800, 44218100, 43382900, 42857200, 41986100, 44449000, 42639600, 42762500] combined_raw=[3722400, 3647700, 3717100, 3593900, 3653400, 3937800, 3726900, 3629900, 3661600, 3718100, 3597100, 3625800, 3559500, 3652600, 3802900] cpp_raw=[2464100, 2408500, 2506900, 2404200, 2504900, 2445200, 2411700, 2974300, 2448200, 2593900, 2434900, 2412800, 2425800, 2487900, 2509500] public_ns=41862800 bounds_ns=2101900 execute_ns=42857200 combined_ns=3653400 cpp_ns=2448200 source=51109e231b84de48 result=d2e235024092e94f
case op=copy-Pod w=2048 h=512 layout=universal-negative public_raw=[45953300, 42032000, 42456300, 42088400, 45162400, 43033900, 42322700, 42828000, 42477900, 42242500, 43155600, 43579600, 42605600, 43180500, 43107800] bounds_raw=[3378300, 2997400, 3146200, 3115900, 3016200, 3165500, 3188900, 3061700, 3006000, 3250600, 3245100, 3102600, 3053100, 3243100, 3001300] execute_raw=[43550700, 42926800, 43372600, 43164500, 43785900, 42856900, 43062000, 42723700, 43121900, 43123500, 43244200, 45840700, 43686300, 44630300, 43204600] combined_raw=[11964900, 4642200, 4647900, 4788100, 4754600, 4806700, 4731200, 4843500, 4729400, 4681200, 4782700, 4941400, 4684600, 7053500, 4711000] cpp_raw=[3986400, 2752000, 2763000, 2706700, 2982200, 3455000, 3111500, 3238500, 2833700, 2902000, 2840900, 2864500, 2779600, 2813300, 2918300] public_ns=42828000 bounds_ns=3115900 execute_ns=43204600 combined_ns=4754600 cpp_ns=2864500 source=e1be015f3a91b812 result=17fc2f38b61735ba
case op=convert-ubyte-float w=2048 h=512 layout=universal-negative public_raw=[118749000, 118424900, 117390200, 116648900, 128731100, 123610000, 120630400, 118582500, 120641900, 119409800, 127982700, 125458300, 125864600, 133858300, 118899300] bounds_raw=[3265700, 3137700, 3172600, 3108100, 3251000, 3192800, 3733800, 3168100, 3400100, 3187100, 3377400, 3242500, 3488600, 3494100, 3269600] execute_raw=[118477600, 117048800, 127824200, 118872700, 119513000, 118314200, 119874500, 119011500, 119716300, 131950700, 128157100, 126113400, 125574200, 121396500, 117326200] combined_raw=[3587500, 3338400, 3301100, 3391000, 3400400, 3386100, 3475900, 3641600, 3451100, 3507100, 3562700, 3489600, 3560200, 3511000, 3585400] cpp_raw=[711000, 695000, 913500, 635400, 657500, 638400, 640700, 684500, 705200, 659700, 772800, 681800, 694500, 1216700, 696400] public_ns=120630400 bounds_ns=3251000 execute_ns=119716300 combined_ns=3489600 cpp_ns=694500 source=46067b9fc62767b result=940c5552cb46e94f
case op=copy-ubyte w=2048 h=512 layout=repeated-source public_raw=[42735400, 41946000, 43546200, 51493800, 42186500, 42088400, 43332900, 42314000, 42132300, 43100600, 42512300, 42222000, 42062000, 42881500, 43231200] bounds_raw=[2840700, 2819200, 2849700, 2836700, 2833600, 2770000, 2739100, 2770800, 2770600, 2888500, 2770200, 2835300, 2772500, 2828700, 2770500] execute_raw=[40221500, 39631600, 39673000, 40858600, 40696300, 39394300, 40103600, 40122100, 40232600, 41255300, 39961700, 40431800, 39733800, 46073200, 40701500] combined_raw=[34000, 34000, 33700, 34100, 34100, 34100, 33000, 34300, 34400, 33900, 33700, 33800, 33500, 36100, 33700] cpp_raw=[28700, 28700, 29100, 28300, 29000, 28000, 28100, 28800, 28600, 28700, 28700, 28800, 28800, 28300, 330100] public_ns=42512300 bounds_ns=2819200 execute_ns=40221500 combined_ns=34000 cpp_ns=28700 source=6e453727bce9f2a5 result=824b457e72415e3d
case op=copy-float w=2048 h=512 layout=repeated-source public_raw=[42574500, 42133200, 43121700, 42295700, 42428300, 41990200, 43206400, 51649500, 42822200, 41887700, 41995600, 42532400, 42053400, 42980200, 41998000] bounds_raw=[1889600, 1901000, 1862300, 1891900, 1881600, 1967700, 1839500, 1918400, 1902300, 2207200, 1835300, 1900400, 1965800, 1972600, 1855000] execute_raw=[40295000, 39957400, 39620500, 40210800, 41425900, 39701500, 39827700, 40119800, 40227300, 39483400, 39760000, 41247800, 40253000, 41625100, 39812000] combined_raw=[137000, 195900, 134200, 125300, 135800, 140000, 161300, 129100, 141000, 130100, 132400, 146000, 139300, 123300, 137600] cpp_raw=[115000, 110400, 117500, 132300, 124400, 116500, 118500, 130300, 118100, 265400, 118900, 265800, 115100, 115300, 240900] public_ns=42428300 bounds_ns=1900400 execute_ns=40119800 combined_ns=137000 cpp_ns=118500 source=1890cde25c8499ab result=7e1f3007cb46713d
case op=copy-Pod w=2048 h=512 layout=repeated-source public_raw=[40657600, 41145900, 40729200, 40620500, 40781400, 41282500, 41278400, 41299000, 41757700, 40624400, 40829100, 40563900, 40592700, 40806500, 41676600] bounds_raw=[2538100, 2684900, 2829200, 2564500, 2791400, 2609300, 2527500, 2606400, 2600900, 2641200, 2604400, 2538200, 2598400, 2540800, 2580800] execute_raw=[48420600, 39222600, 38205700, 38587700, 38339500, 38663900, 39065100, 40681500, 39631000, 47333300, 39004200, 38486500, 38892900, 38574400, 38793200] combined_raw=[351000, 329200, 273400, 288000, 281300, 284000, 291100, 271400, 318500, 262300, 257600, 260900, 407500, 279600, 271300] cpp_raw=[336900, 270100, 244300, 254400, 259600, 247900, 261200, 310600, 306700, 250100, 303700, 241100, 349200, 270300, 274900] public_ns=40806500 bounds_ns=2600900 execute_ns=38892900 combined_ns=281300 cpp_ns=270100 source=20f0ed2a5964e151 result=29ff1e71f7668cf1
case op=convert-ubyte-float w=2048 h=512 layout=repeated-source public_raw=[204251000, 196647100, 198415700, 198591700, 201368700, 199753100, 202890800, 206224500, 205670700, 192312200, 190848900, 189672700, 198585900, 202976900, 198341400] bounds_raw=[3173400, 3097400, 3186000, 3108000, 3120600, 3105300, 3196800, 3412500, 3370700, 3032400, 3093500, 2959100, 3228000, 3107400, 3094000] execute_raw=[192800100, 197115300, 194351300, 201673800, 193708100, 196052500, 208169800, 200460800, 212706600, 185946500, 189834900, 195552500, 188885000, 203752100, 200999700] combined_raw=[174400, 164000, 150000, 140200, 151700, 150900, 195000, 150800, 138500, 124500, 126700, 128100, 125100, 304200, 152000] cpp_raw=[136400, 855800, 134700, 134100, 159500, 132100, 179500, 140700, 136800, 131200, 127100, 127100, 124100, 405700, 270300] public_ns=198591700 bounds_ns=3108000 execute_ns=196052500 combined_ns=150800 cpp_ns=136400 source=6e453727bce9f2a5 result=a6f0b1d68eba713d
case op=copy-ubyte w=2048 h=512 layout=zero-source public_raw=[11382100, 11858500, 11560800, 11749400, 11506000, 11477500, 11597400, 11075900, 11881800, 11138200, 11532100, 11355400, 11109300, 11523800, 11323100] bounds_raw=[3212000, 2838900, 2873100, 2868300, 2862300, 2867500, 2789000, 3506800, 2771000, 3216100, 2827700, 2956400, 2788400, 2770300, 2779400] execute_raw=[12026100, 12261300, 11978000, 12447500, 11986100, 11942300, 12303600, 12012800, 11906000, 11692200, 12009500, 11795100, 11935800, 11953500, 11717300] combined_raw=[4494600, 4809300, 4477700, 4799200, 4421600, 4315600, 4468600, 4381900, 4952900, 4976100, 4409700, 5568500, 4403800, 4287200, 4580900] cpp_raw=[3022700, 2938500, 3108000, 2888200, 3069600, 3599400, 2937400, 3854100, 3455800, 2931100, 2985700, 8019700, 2896200, 2855000, 2853500] public_ns=11506000 bounds_ns=2862300 execute_ns=11978000 combined_ns=4477700 cpp_ns=2985700 source=ea3b47c803d61b61 result=f48fba1f72215e3d
case op=copy-float w=2048 h=512 layout=zero-source public_raw=[10968400, 11001500, 11189500, 11215700, 10920200, 11469900, 11008300, 11005200, 10745000, 11051100, 11000300, 11402200, 11092100, 10971800, 10972300] bounds_raw=[1833600, 1836900, 1952300, 1930000, 1927700, 1928100, 1838900, 1834100, 1791800, 1889500, 1861200, 1964600, 1833500, 1845000, 1858700] execute_raw=[12087200, 11891800, 11929000, 11665800, 11871200, 12091800, 11854200, 11853600, 11919200, 12033200, 12275900, 11875700, 11906000, 11853900, 11926500] combined_raw=[3407200, 3406600, 3409800, 3561800, 3486500, 3447400, 3494400, 3407300, 3406600, 3438400, 3472200, 3502900, 3443300, 3406600, 3438400] cpp_raw=[2262900, 2285200, 2287500, 2208500, 2208100, 2263200, 2335200, 2260600, 2463400, 2398100, 2272200, 2273500, 2260800, 2366000, 2296400] public_ns=11005200 bounds_ns=1858700 execute_ns=11906000 combined_ns=3438400 cpp_ns=2273500 source=3ee659a586185a17 result=3010c258495a713d
case op=copy-Pod w=2048 h=512 layout=zero-source public_raw=[11963100, 11332200, 11017800, 11262100, 11318500, 11493000, 11369400, 11120700, 11426400, 11340900, 11341000, 11054700, 10981600, 10808700, 10787500] bounds_raw=[2558100, 2764900, 2544200, 2539700, 2532200, 2551900, 2542500, 2559800, 2532800, 2537000, 2536000, 2550600, 2531400, 2551200, 2475300] execute_raw=[11628100, 13476100, 11568200, 11572900, 11533000, 11518700, 11933000, 12078500, 11783300, 11576200, 11519800, 11816200, 11611900, 11245200, 11243700] combined_raw=[4413700, 4832900, 4328800, 4285900, 4300700, 4293300, 4879400, 4798700, 4294600, 4413000, 4298600, 4524000, 4286300, 4293800, 4185800] cpp_raw=[2215100, 2263000, 2264500, 2273300, 2301800, 2620700, 2273100, 2264000, 2312000, 2274000, 2615400, 2263900, 2287300, 2266700, 2212400] public_ns=11318500 bounds_ns=2542500 execute_ns=11576200 combined_ns=4300700 cpp_ns=2273100 source=10734a11a61fbe06 result=14eb8df45bd38cf1
case op=convert-ubyte-float w=2048 h=512 layout=zero-source public_raw=[28638500, 29275800, 30196400, 30396600, 29956000, 29922000, 29849400, 30199000, 29970700, 30276100, 29421200, 29465500, 29484400, 29455600, 29316500] bounds_raw=[5490600, 3142900, 3669500, 3101000, 3355000, 3031600, 3369800, 3156300, 3036800, 3181700, 3336400, 3026900, 3052300, 3192500, 3027200] execute_raw=[34184100, 28918300, 30510800, 30371500, 30109100, 30496900, 30423100, 30431700, 29786500, 29482000, 29623500, 30107700, 29999500, 38951600, 29560100] combined_raw=[3297600, 3210400, 3416800, 3256800, 3221000, 3175400, 3289000, 3495000, 3281000, 3314000, 3215800, 3381900, 3211600, 3175600, 3291700] cpp_raw=[541000, 580300, 567800, 588700, 585000, 566700, 566900, 583900, 590500, 570200, 567000, 597700, 569700, 569600, 567100] public_ns=29849400 bounds_ns=3156300 execute_ns=30109100 combined_ns=3281000 cpp_ns=569700 source=ea3b47c803d61b61 result=1ea1c940ba66713d
m3_copy_conversion_candidates PASS cases=96 sink=3470652223959823994
