contracts PASS four-public-paths four-operations invalid/shape/noninjective/overlap/empty/no-write shared-disjoint
semantic PASS cases=32 bitwise-copy all256-conversion source-padding
case op=copy-ubyte w=31 h=17 layout=contiguous public_raw=[100, 0, 0, 0, 0, 0, 100, 100, 100, 100, 100, 100, 100, 100, 100] bounds_raw=[0, 0, 0, 0, 0, 0, 100, 100, 100, 100, 100, 100, 100, 100, 100] execute_raw=[0, 0, 0, 0, 0, 0, 100, 100, 100, 100, 100, 100, 100, 100, 100] combined_raw=[0, 0, 0, 0, 0, 100, 100, 100, 100, 100, 100, 100, 100, 100, 100] cpp_raw=[0, 0, 0, 0, 0, 200, 200, 200, 200, 200, 200, 200, 200, 200, 200] public_ns=100 bounds_ns=100 execute_ns=100 combined_ns=100 cpp_ns=200 source=e1cb0bb018788cd9 result=6b280f993832c319
case op=copy-float w=31 h=17 layout=contiguous public_raw=[100, 100, 100, 100, 100, 100, 100, 100, 100, 100, 100, 100, 100, 100, 100] bounds_raw=[100, 100, 100, 100, 100, 100, 100, 100, 100, 100, 100, 100, 100, 100, 100] execute_raw=[100, 100, 100, 100, 100, 100, 100, 100, 100, 100, 100, 100, 100, 100, 100] combined_raw=[100, 100, 100, 100, 100, 100, 100, 100, 100, 100, 100, 100, 100, 100, 100] cpp_raw=[300, 300, 200, 200, 200, 200, 200, 100, 100, 100, 100, 100, 100, 100, 100] public_ns=100 bounds_ns=100 execute_ns=100 combined_ns=100 cpp_ns=100 source=6128204049c0da83 result=264b3169180ebd4b
case op=copy-Pod w=31 h=17 layout=contiguous public_raw=[100, 100, 100, 100, 100, 100, 100, 100, 100, 100, 100, 100, 100, 100, 100] bounds_raw=[200, 100, 100, 100, 100, 100, 100, 100, 100, 100, 100, 100, 100, 100, 100] execute_raw=[100, 100, 100, 100, 100, 100, 100, 100, 100, 100, 100, 100, 100, 100, 100] combined_raw=[100, 100, 100, 100, 100, 100, 100, 100, 100, 100, 100, 100, 100, 100, 100] cpp_raw=[100, 100, 100, 100, 100, 100, 100, 100, 100, 100, 100, 100, 100, 100, 100] public_ns=100 bounds_ns=100 execute_ns=100 combined_ns=100 cpp_ns=100 source=db360484f487691a result=968b62c61598975a
case op=convert-ubyte-float w=31 h=17 layout=contiguous public_raw=[1900, 1900, 1900, 1900, 1900, 1900, 1900, 1900, 1900, 1900, 1900, 1900, 1900, 1900, 1900] bounds_raw=[1900, 1900, 1900, 1900, 1900, 1900, 1900, 1900, 1900, 1900, 1900, 1900, 1900, 1900, 1900] execute_raw=[200, 200, 200, 200, 200, 200, 200, 200, 200, 200, 200, 200, 200, 200, 200] combined_raw=[200, 200, 200, 200, 200, 200, 200, 200, 200, 200, 200, 200, 200, 200, 200] cpp_raw=[200, 100, 100, 100, 100, 100, 100, 100, 100, 100, 100, 100, 100, 100, 100] public_ns=1900 bounds_ns=1900 execute_ns=200 combined_ns=200 cpp_ns=100 source=e1cb0bb018788cd9 result=1bb7b2c2179a648f
case op=copy-ubyte w=31 h=17 layout=padded public_raw=[46700, 46800, 46700, 46700, 46900, 46700, 46800, 46900, 49300, 95400, 77100, 75600, 54000, 51600, 53200] bounds_raw=[6900, 1600, 1500, 1500, 1600, 1500, 1500, 1600, 1800, 2300, 2700, 2500, 2000, 1800, 1900] execute_raw=[47200, 45600, 45600, 45700, 45600, 45600, 45700, 45800, 51800, 99600, 74100, 80700, 57500, 50700, 52500] combined_raw=[300, 300, 300, 300, 300, 300, 300, 300, 300, 600, 400, 400, 500, 700, 300] cpp_raw=[0, 0, 0, 0, 0, 0, 0, 0, 0, 0, 200, 100, 0, 100, 100] public_ns=46900 bounds_ns=1800 execute_ns=47200 combined_ns=300 cpp_ns=0 source=4d0b0939d89e40d9 result=5f21f5ea6035ff19
case op=copy-float w=31 h=17 layout=padded public_raw=[50300, 46800, 46700, 46700, 46700, 46800, 47100, 46700, 46700, 46800, 47000, 47100, 46700, 46700, 46800] bounds_raw=[1600, 1100, 1100, 1100, 1100, 1100, 1000, 1100, 1100, 1200, 1100, 1000, 1100, 1100, 1100] execute_raw=[51400, 45700, 45700, 45800, 45700, 45700, 45600, 122500, 45900, 45800, 45700, 46100, 45700, 45700, 45600] combined_raw=[500, 300, 300, 300, 300, 300, 300, 300, 300, 300, 300, 300, 300, 300, 300] cpp_raw=[300, 100, 100, 100, 100, 100, 100, 100, 100, 100, 100, 100, 100, 100, 100] public_ns=46800 bounds_ns=1100 execute_ns=45700 combined_ns=300 cpp_ns=100 source=ebb5b7eaf5f43283 result=3851810ac565964b
case op=copy-Pod w=31 h=17 layout=padded public_raw=[48000, 47400, 47200, 48500, 47700, 56500, 47500, 50200, 49400, 49600, 50400, 72200, 48300, 48600, 49900] bounds_raw=[1500, 1400, 1500, 1700, 1600, 1600, 1500, 2100, 1900, 2900, 1900, 1900, 1800, 2300, 1900] execute_raw=[46500, 46000, 46200, 47200, 46500, 45800, 45900, 47200, 48200, 50300, 50200, 49500, 47200, 49200, 48500] combined_raw=[400, 400, 1000, 600, 500, 800, 400, 900, 700, 700, 500, 1400, 800, 800, 500] cpp_raw=[100, 100, 100, 100, 200, 100, 100, 400, 100, 200, 100, 100, 300, 100, 300] public_ns=48600 bounds_ns=1800 execute_ns=47200 combined_ns=700 cpp_ns=100 source=b28d4f242a91b51a result=7438cdf3ee88135a
case op=convert-ubyte-float w=31 h=17 layout=padded public_raw=[217700, 223600, 213400, 218800, 213100, 219700, 213100, 235200, 235100, 212600, 212600, 207400, 207500, 207500, 213700] bounds_raw=[2500, 2200, 1900, 1700, 1700, 1700, 1700, 2000, 1800, 1800, 1700, 1600, 1600, 1600, 1700] execute_raw=[216700, 214600, 211200, 211100, 210700, 210600, 210500, 210700, 211000, 254800, 222600, 205200, 210400, 205100, 205300] combined_raw=[900, 500, 500, 200, 200, 300, 200, 200, 300, 400, 200, 200, 200, 200, 300] cpp_raw=[400, 200, 200, 100, 100, 100, 100, 200, 200, 100, 200, 100, 100, 100, 100] public_ns=213400 bounds_ns=1700 execute_ns=210700 combined_ns=200 cpp_ns=100 source=4d0b0939d89e40d9 result=5a1bf5670dd4dc8f
case op=copy-ubyte w=31 h=17 layout=negative-source public_raw=[45600, 45600, 45700, 45600, 49600, 45600, 45600, 45600, 45700, 45600, 84400, 45600, 45700, 63900, 45900] bounds_raw=[1600, 1500, 1500, 1500, 1500, 1500, 1500, 1500, 1500, 1500, 1500, 1500, 1500, 1600, 1600] execute_raw=[44600, 82900, 44500, 44600, 44600, 44500, 44600, 44500, 46100, 44600, 44700, 44600, 44600, 58300, 44600] combined_raw=[300, 300, 300, 300, 300, 300, 300, 300, 300, 300, 300, 300, 300, 300, 300] cpp_raw=[200, 0, 0, 0, 0, 0, 0, 0, 0, 0, 0, 0, 0, 0, 0] public_ns=45600 bounds_ns=1500 execute_ns=44600 combined_ns=300 cpp_ns=0 source=1218578f96e3de39 result=5f21f5ea6035ff19
case op=copy-float w=31 h=17 layout=negative-source public_raw=[45800, 45800, 45700, 45700, 46100, 51400, 45800, 45700, 45600, 45700, 45800, 51400, 55000, 81200, 90000] bounds_raw=[1200, 1000, 1000, 1100, 1000, 1100, 1000, 1000, 1000, 1000, 1000, 1100, 2000, 1900, 2100] execute_raw=[44700, 44600, 44900, 44700, 44600, 44800, 44600, 44600, 44700, 45100, 44800, 49700, 52700, 69800, 73900] combined_raw=[300, 300, 400, 300, 300, 400, 300, 500, 300, 300, 300, 400, 600, 500, 500] cpp_raw=[100, 100, 100, 100, 100, 100, 100, 100, 100, 100, 100, 100, 200, 100, 200] public_ns=45800 bounds_ns=1000 execute_ns=44800 combined_ns=300 cpp_ns=100 source=d55c0938ea65990b result=3851810ac565964b
case op=copy-Pod w=31 h=17 layout=negative-source public_raw=[67100, 47300, 45800, 45700, 45700, 45700, 45800, 45800, 46300, 46200, 46000, 46000, 67700, 69100, 47300] bounds_raw=[1400, 1500, 1700, 1400, 1400, 1400, 1400, 1400, 1700, 1400, 1400, 1400, 1400, 1400, 1600] execute_raw=[61700, 73000, 81900, 44700, 44600, 46500, 44900, 44600, 44700, 44800, 45200, 45200, 45100, 46100, 48100] combined_raw=[400, 500, 900, 400, 400, 500, 400, 800, 400, 700, 400, 600, 400, 400, 1000] cpp_raw=[100, 100, 300, 100, 100, 100, 100, 100, 100, 100, 100, 100, 100, 200, 100] public_ns=46000 bounds_ns=1400 execute_ns=45200 combined_ns=400 cpp_ns=100 source=4cb52a65f8334f3a result=7438cdf3ee88135a
case op=convert-ubyte-float w=31 h=17 layout=negative-source public_raw=[250800, 217000, 214900, 214600, 230800, 213000, 213300, 216000, 207500, 208000, 207500, 207800, 207500, 415100, 207700] bounds_raw=[1700, 1600, 2400, 2900, 2400, 2100, 2000, 2000, 1600, 1700, 1600, 1600, 1600, 1800, 1600] execute_raw=[206700, 212800, 224700, 212700, 210400, 214100, 236600, 211000, 211500, 205400, 205100, 205000, 205400, 205200, 205300] combined_raw=[300, 800, 1200, 900, 1000, 800, 1100, 1000, 300, 400, 300, 300, 600, 300, 400] cpp_raw=[100, 100, 400, 500, 300, 400, 100, 400, 100, 200, 200, 100, 200, 100, 100] public_ns=213300 bounds_ns=1700 execute_ns=210400 combined_ns=600 cpp_ns=200 source=1218578f96e3de39 result=5a1bf5670dd4dc8f
case op=copy-ubyte w=31 h=17 layout=negative-both public_raw=[45600, 45600, 45600, 45600, 45600, 45600, 45600, 50600, 45600, 45600, 45600, 45600, 45600, 45600, 45600] bounds_raw=[1500, 1500, 1500, 1500, 1500, 1500, 1500, 1600, 1500, 1500, 1500, 1500, 1500, 1500, 1500] execute_raw=[44500, 44500, 44500, 44400, 44500, 44500, 44400, 44500, 44600, 44500, 44500, 44500, 44500, 44500, 44500] combined_raw=[300, 300, 300, 300, 300, 300, 300, 300, 300, 300, 300, 300, 300, 300, 300] cpp_raw=[0, 0, 0, 0, 0, 0, 0, 0, 0, 0, 0, 0, 0, 0, 0] public_ns=45600 bounds_ns=1500 execute_ns=44500 combined_ns=300 cpp_ns=0 source=1218578f96e3de39 result=14b2232dcdfde519
case op=copy-float w=31 h=17 layout=negative-both public_raw=[49800, 45600, 45700, 45600, 45700, 45600, 45600, 45600, 45700, 45600, 45600, 45600, 45600, 45600, 45700] bounds_raw=[1000, 1000, 1000, 1000, 1000, 1000, 1000, 1000, 1000, 1000, 1000, 1000, 1100, 1100, 1100] execute_raw=[44600, 44600, 44600, 44600, 44600, 44500, 44500, 44600, 44600, 47700, 44600, 46500, 44600, 44600, 44700] combined_raw=[400, 300, 300, 300, 300, 300, 300, 300, 300, 300, 300, 400, 300, 300, 400] cpp_raw=[200, 100, 100, 100, 100, 100, 100, 100, 100, 100, 100, 100, 100, 100, 100] public_ns=45600 bounds_ns=1000 execute_ns=44600 combined_ns=300 cpp_ns=100 source=d55c0938ea65990b result=88af284ef50a9e03
case op=copy-Pod w=31 h=17 layout=negative-both public_raw=[45900, 45900, 45900, 45900, 46000, 45800, 46100, 50100, 45900, 50600, 55000, 75300, 68500, 106500, 46900] bounds_raw=[1600, 1500, 1500, 1500, 1500, 1500, 1500, 1500, 1500, 2100, 2800, 2700, 2600, 2300, 1600] execute_raw=[51800, 44600, 44600, 45000, 44600, 44600, 44800, 44500, 44900, 51100, 51500, 94500, 77200, 50400, 45200] combined_raw=[500, 400, 400, 300, 400, 400, 400, 400, 400, 900, 600, 500, 1100, 500, 1100] cpp_raw=[100, 100, 100, 100, 100, 100, 100, 200, 100, 100, 200, 100, 600, 100, 300] public_ns=46100 bounds_ns=1500 execute_ns=45000 combined_ns=400 cpp_ns=100 source=4cb52a65f8334f3a result=ba5b3439bff1663a
case op=convert-ubyte-float w=31 h=17 layout=negative-both public_raw=[208200, 208100, 209300, 209500, 208800, 214600, 217100, 216600, 229700, 215200, 243500, 217600, 207300, 207700, 207600] bounds_raw=[1700, 1700, 2000, 1900, 2200, 2400, 2200, 2500, 2100, 2200, 2400, 1700, 1900, 1700, 1700] execute_raw=[206000, 226600, 206000, 217300, 206200, 224400, 217400, 216100, 210900, 209900, 209600, 209600, 224400, 205100, 208400] combined_raw=[300, 400, 300, 300, 400, 1000, 1300, 1100, 500, 600, 900, 1000, 500, 300, 300] cpp_raw=[100, 100, 100, 100, 100, 300, 300, 400, 300, 300, 400, 200, 200, 200, 100] public_ns=209500 bounds_ns=2000 execute_ns=209900 combined_ns=500 cpp_ns=200 source=1218578f96e3de39 result=a84d7158b568dc8f
case op=copy-ubyte w=31 h=17 layout=universal public_raw=[45700, 45600, 45600, 45600, 45800, 45600, 45600, 45600, 45600, 45600, 45600, 45600, 45600, 45600, 45600] bounds_raw=[1500, 1500, 1500, 1500, 1600, 1600, 1600, 1500, 1500, 1500, 1500, 1500, 1500, 1500, 1500] execute_raw=[45900, 45900, 45800, 45900, 45900, 59100, 45900, 45900, 45900, 45900, 45800, 52500, 45900, 45800, 45800] combined_raw=[2300, 2300, 2300, 2300, 2300, 2700, 2300, 2300, 2300, 2300, 2300, 2300, 2300, 2300, 2300] cpp_raw=[1700, 1600, 1600, 1600, 1500, 4200, 1500, 1500, 1600, 1500, 1600, 1800, 1500, 1700, 1500] public_ns=45600 bounds_ns=1500 execute_ns=45900 combined_ns=2300 cpp_ns=1600 source=104e8d8f8fae3401 result=94a85d26ce182761
case op=copy-float w=31 h=17 layout=universal public_raw=[45700, 45700, 52500, 45600, 45600, 45600, 45600, 45600, 45600, 45600, 45500, 45600, 45600, 45600, 45600] bounds_raw=[1100, 1000, 1100, 1000, 1000, 1000, 1000, 1000, 1000, 1000, 1000, 1000, 1000, 1000, 1000] execute_raw=[46100, 46000, 46000, 46100, 46000, 46000, 46100, 46100, 46000, 46100, 46100, 49300, 46100, 46000, 46000] combined_raw=[1900, 1800, 1800, 1900, 1900, 1800, 1900, 1800, 1800, 1800, 1800, 1900, 1800, 1800, 1800] cpp_raw=[1300, 1200, 1300, 1300, 1200, 1200, 1200, 1200, 1200, 1200, 1200, 1300, 1200, 1200, 1200] public_ns=45600 bounds_ns=1000 execute_ns=46100 combined_ns=1800 cpp_ns=1200 source=48f4c2fdc1746a4f result=d2f02840ab86d547
case op=copy-Pod w=31 h=17 layout=universal public_raw=[45800, 45700, 45700, 45700, 45700, 45700, 45700, 45800, 45700, 45900, 45800, 45800, 46000, 49800, 45900] bounds_raw=[1400, 1400, 1400, 1400, 1400, 1400, 1400, 1400, 1400, 1400, 1400, 1500, 1400, 1500, 1400] execute_raw=[45900, 51400, 45900, 45900, 45900, 45900, 47700, 49800, 45900, 45900, 45900, 46300, 46000, 46500, 45900] combined_raw=[2300, 2400, 2300, 2300, 2300, 2300, 2300, 2400, 2300, 2300, 2300, 2300, 2300, 2300, 2400] cpp_raw=[1200, 1300, 1200, 1300, 1200, 1200, 1200, 1200, 1200, 1200, 1200, 1200, 1200, 1200, 1200] public_ns=45800 bounds_ns=1400 execute_ns=45900 combined_ns=2300 cpp_ns=1200 source=a443bfcbbed0823e result=e7d6d6f5c5dc3c8e
case op=convert-ubyte-float w=31 h=17 layout=universal public_raw=[141800, 172600, 124700, 119900, 121300, 118000, 133600, 117600, 117300, 121900, 154000, 120600, 118400, 119200, 125000] bounds_raw=[2200, 1700, 13200, 1800, 1800, 1700, 1700, 1800, 1800, 2000, 2500, 1600, 1800, 1800, 2200] execute_raw=[133900, 118400, 126900, 119500, 117600, 118100, 120600, 117600, 118000, 120500, 118800, 118900, 118300, 117400, 123800] combined_raw=[1900, 1700, 1900, 1700, 1900, 1900, 2100, 1900, 1800, 2300, 1800, 1900, 1700, 2100, 2000] cpp_raw=[400, 300, 300, 300, 300, 400, 300, 300, 300, 300, 700, 300, 300, 300, 400] public_ns=121300 bounds_ns=1800 execute_ns=118800 combined_ns=1900 cpp_ns=300 source=104e8d8f8fae3401 result=91affb8b2dfc4eb7
case op=copy-ubyte w=31 h=17 layout=universal-negative public_raw=[45700, 45000, 46000, 46300, 44900, 44500, 46000, 45100, 45300, 45900, 45600, 45900, 44400, 44500, 45100] bounds_raw=[1500, 1500, 1600, 1600, 1800, 1500, 1600, 1500, 1500, 1600, 1900, 1500, 1700, 1500, 1500] execute_raw=[46300, 45100, 46400, 72400, 44900, 45400, 45700, 46600, 48800, 45700, 46200, 46600, 52800, 45300, 46500] combined_raw=[2400, 2300, 2600, 2300, 2300, 2500, 2300, 2300, 2300, 2400, 2500, 2400, 2400, 2300, 2500] cpp_raw=[1600, 1500, 1700, 1500, 1600, 1800, 1500, 1500, 1600, 1600, 1600, 1700, 1600, 1700, 1700] public_ns=45300 bounds_ns=1500 execute_ns=46300 combined_ns=2400 cpp_ns=1600 source=705335b9cf6847c1 result=2bfddff94a971f61
case op=copy-float w=31 h=17 layout=universal-negative public_raw=[45200, 49100, 44400, 44400, 44500, 44400, 44500, 44300, 44400, 44500, 44700, 44500, 44400, 44400, 44600] bounds_raw=[1100, 1000, 1100, 1000, 1000, 1100, 1000, 1000, 1000, 1000, 1000, 1000, 1000, 1000, 1000] execute_raw=[45200, 45100, 46000, 53300, 44900, 44800, 45000, 45000, 44900, 45000, 45000, 44900, 48200, 45300, 44900] combined_raw=[1900, 1900, 1900, 1800, 1900, 1800, 2300, 1800, 1800, 1800, 1900, 1800, 1800, 1800, 1800] cpp_raw=[1200, 1200, 1300, 1200, 1300, 1200, 1200, 1200, 1200, 1300, 1200, 1200, 1200, 1200, 1200] public_ns=44500 bounds_ns=1000 execute_ns=45000 combined_ns=1800 cpp_ns=1200 source=eada538057fb86ef result=faa4d5eeeda68847
case op=copy-Pod w=31 h=17 layout=universal-negative public_raw=[44600, 44500, 44600, 44500, 44500, 44500, 44700, 44600, 44600, 44500, 44500, 44500, 44600, 44500, 44500] bounds_raw=[1400, 1400, 1400, 1400, 1400, 1400, 1400, 1400, 1400, 1400, 1500, 1400, 1400, 1400, 1400] execute_raw=[44800, 44900, 49100, 44700, 44700, 44700, 50400, 44700, 44700, 44700, 44700, 44700, 44700, 44800, 44700] combined_raw=[2300, 2300, 3200, 2300, 2300, 2300, 2400, 2300, 2300, 2300, 2300, 2300, 2300, 2300, 2300] cpp_raw=[1200, 1200, 1300, 1200, 1200, 1200, 1200, 1200, 1200, 1200, 1200, 1200, 1200, 1200, 1200] public_ns=44500 bounds_ns=1400 execute_ns=44700 combined_ns=2300 cpp_ns=1200 source=7483a89971f477de result=c1c9f074f82c752e
case op=convert-ubyte-float w=31 h=17 layout=universal-negative public_raw=[127000, 127000, 126900, 129800, 126600, 126600, 126800, 126500, 126700, 170900, 129800, 126800, 169400, 127100, 186200] bounds_raw=[1700, 1700, 1700, 1700, 1700, 1700, 1700, 1700, 1700, 1800, 1800, 1700, 1700, 1800, 19400] execute_raw=[126800, 127000, 126700, 126500, 126400, 126400, 126600, 129100, 128700, 126700, 126500, 126400, 126700, 132800, 261800] combined_raw=[1800, 1800, 1900, 1800, 1900, 1900, 1900, 1900, 1800, 1900, 1800, 1800, 1900, 2000, 3300] cpp_raw=[300, 300, 300, 300, 300, 300, 300, 300, 300, 300, 300, 300, 300, 300, 500] public_ns=127000 bounds_ns=1700 execute_ns=126700 combined_ns=1900 cpp_ns=300 source=705335b9cf6847c1 result=6cdfcfcdfb5c4eb7
case op=copy-ubyte w=31 h=17 layout=repeated-source public_raw=[51800, 46000, 46200, 46400, 47700, 46700, 63200, 47500, 47000, 53200, 46200, 45900, 46000, 46400, 48500] bounds_raw=[1900, 1800, 1700, 1600, 1700, 1600, 1600, 1700, 1800, 1700, 1700, 1600, 1600, 1600, 1800] execute_raw=[92000, 80600, 45200, 51900, 46300, 45300, 82400, 46500, 46700, 44800, 44900, 44900, 44600, 46700, 45800] combined_raw=[400, 300, 300, 300, 400, 300, 400, 300, 300, 400, 300, 300, 500, 300, 400] cpp_raw=[100, 0, 0, 0, 0, 0, 0, 100, 0, 0, 0, 0, 0, 0, 0] public_ns=46700 bounds_ns=1700 execute_ns=46300 combined_ns=300 cpp_ns=0 source=e456631d381264c9 result=79abf60b12593ba9
case op=copy-float w=31 h=17 layout=repeated-source public_raw=[44600, 44300, 44600, 45200, 45200, 44300, 45800, 45500, 44600, 45000, 45000, 44800, 45400, 44800, 44500] bounds_raw=[1000, 1000, 1100, 1200, 1300, 1000, 1000, 1200, 1000, 1100, 1100, 1000, 1700, 1000, 1100] execute_raw=[43200, 48600, 43700, 44800, 43500, 43700, 44800, 44100, 44000, 44500, 44400, 51700, 43400, 43900, 43800] combined_raw=[300, 300, 300, 400, 300, 300, 600, 300, 500, 500, 400, 500, 500, 400, 400] cpp_raw=[200, 100, 100, 200, 100, 100, 100, 100, 100, 100, 100, 100, 100, 100, 100] public_ns=44800 bounds_ns=1100 execute_ns=44000 combined_ns=400 cpp_ns=100 source=187f646e4a13563f result=adddf47c9b74a697
case op=copy-Pod w=31 h=17 layout=repeated-source public_raw=[46900, 44700, 47800, 47100, 45000, 45400, 45600, 44800, 44700, 46900, 46800, 45800, 45600, 45400, 45000] bounds_raw=[2400, 1400, 2000, 1600, 1600, 1600, 1500, 1600, 1500, 1700, 2100, 1500, 1500, 1600, 1600] execute_raw=[44800, 45700, 43500, 46200, 43900, 44400, 43900, 44600, 45300, 45400, 45300, 43400, 45500, 44800, 44600] combined_raw=[1000, 900, 500, 500, 600, 400, 300, 500, 300, 300, 400, 400, 600, 400, 500] cpp_raw=[100, 100, 100, 500, 100, 100, 100, 100, 100, 100, 100, 200, 100, 100, 100] public_ns=45600 bounds_ns=1600 execute_ns=44800 combined_ns=500 cpp_ns=100 source=af5c371632147dfa result=b77ad4f97670f65a
case op=convert-ubyte-float w=31 h=17 layout=repeated-source public_raw=[208300, 208300, 207600, 207800, 207800, 207700, 213000, 213300, 207500, 207600, 212900, 207700, 210300, 207600, 207800] bounds_raw=[1700, 1600, 1600, 1600, 1700, 1600, 1600, 1800, 1700, 1600, 1700, 1600, 1600, 1600, 1600] execute_raw=[205400, 213600, 205500, 218900, 205800, 205400, 410700, 250400, 205700, 205500, 205700, 205300, 205500, 205300, 208600] combined_raw=[200, 300, 200, 200, 200, 200, 400, 200, 200, 200, 200, 200, 200, 200, 200] cpp_raw=[100, 100, 200, 100, 100, 200, 100, 100, 100, 100, 100, 100, 100, 100, 100] public_ns=207800 bounds_ns=1600 execute_ns=205700 combined_ns=200 cpp_ns=100 source=e456631d381264c9 result=9364c6c0b904dc8f
case op=copy-ubyte w=31 h=17 layout=zero-source public_raw=[10900, 10900, 10900, 10900, 10900, 10900, 10900, 10900, 10900, 10900, 10900, 10900, 10900, 10900, 10900] bounds_raw=[1500, 1500, 1500, 1500, 1500, 1500, 1500, 1500, 1500, 1500, 1500, 1500, 1500, 1500, 1500] execute_raw=[11100, 11200, 11200, 11200, 11200, 11200, 11200, 11200, 11100, 11100, 11100, 11200, 11200, 11200, 11200] combined_raw=[2300, 2300, 2300, 2300, 2300, 2300, 2300, 2300, 2300, 2300, 2300, 2300, 2300, 2300, 2300] cpp_raw=[1500, 1500, 1500, 1500, 1500, 1500, 1500, 1500, 1500, 1600, 1500, 1500, 1500, 1500, 1500] public_ns=10900 bounds_ns=1500 execute_ns=11200 combined_ns=2300 cpp_ns=1500 source=53e35892b0900a36 result=c64ce8b5472789e4
case op=copy-float w=31 h=17 layout=zero-source public_raw=[11200, 11000, 10900, 11000, 11100, 11000, 11000, 11000, 11000, 11000, 11000, 11000, 11000, 11000, 11000] bounds_raw=[1200, 1200, 1100, 1100, 1100, 1100, 1200, 1100, 1100, 1100, 1100, 1400, 1100, 1100, 1100] execute_raw=[11400, 11400, 11400, 11400, 11400, 11400, 11400, 11400, 11400, 11400, 11400, 11400, 11400, 11400, 11400] combined_raw=[2000, 1900, 1900, 1900, 1900, 1900, 1900, 1900, 1900, 1900, 1900, 1900, 1900, 1900, 1900] cpp_raw=[1300, 1200, 1200, 1200, 1200, 1200, 1300, 1200, 1200, 1200, 5700, 1300, 1200, 1200, 1200] public_ns=11000 bounds_ns=1100 execute_ns=11400 combined_ns=1900 cpp_ns=1200 source=48a265c435185a17 result=a412cbd3d3c5dc8f
case op=copy-Pod w=31 h=17 layout=zero-source public_raw=[11200, 11100, 11100, 11200, 11200, 11100, 11100, 11200, 11100, 11100, 11200, 11200, 11100, 11100, 11100] bounds_raw=[1600, 1500, 1500, 1500, 1500, 1500, 1500, 1500, 1500, 1500, 1600, 1500, 1500, 1500, 1500] execute_raw=[11400, 11300, 11300, 11300, 11300, 11300, 11300, 11300, 11300, 11300, 15600, 11300, 11300, 11300, 11300] combined_raw=[2400, 2300, 2300, 2300, 2300, 2300, 2300, 2300, 2300, 2300, 2400, 2300, 2300, 2400, 2300] cpp_raw=[1300, 1200, 1200, 1200, 1200, 1200, 1200, 1200, 1200, 1200, 1200, 1200, 1200, 1200, 1200] public_ns=11100 bounds_ns=1500 execute_ns=11300 combined_ns=2300 cpp_ns=1200 source=6b0827ecdc4a539a result=3ed4b3ed28cdbf2
case op=convert-ubyte-float w=31 h=17 layout=zero-source public_raw=[30300, 30400, 34700, 33900, 34800, 38300, 51100, 37700, 74800, 35100, 34400, 30400, 30600, 30300, 31000] bounds_raw=[1600, 1600, 1900, 2400, 2100, 2100, 2300, 3500, 2200, 2200, 2300, 2000, 1600, 1600, 1700] execute_raw=[30300, 30300, 30300, 33500, 61600, 37300, 38000, 50700, 33900, 34200, 33300, 33600, 30600, 30300, 31000] combined_raw=[1700, 1700, 1700, 2700, 2700, 2800, 3400, 2900, 2700, 2600, 2600, 1800, 1700, 1700, 1700] cpp_raw=[300, 300, 300, 600, 400, 400, 800, 700, 300, 400, 400, 300, 300, 300, 300] public_ns=34400 bounds_ns=2100 execute_ns=33500 combined_ns=2600 cpp_ns=300 source=53e35892b0900a36 result=7db46195730ddc8f
case op=copy-ubyte w=256 h=128 layout=contiguous public_raw=[1700, 1000, 1100, 1200, 1500, 1000, 3600, 1500, 800, 1300, 1400, 1100, 1300, 1000, 800] bounds_raw=[1400, 1700, 900, 1500, 800, 1100, 2300, 1700, 1200, 900, 1400, 1000, 1200, 800, 1000] execute_raw=[1300, 1200, 1200, 1600, 1500, 1000, 3800, 1400, 2000, 2000, 1100, 1200, 1600, 1100, 800] combined_raw=[1400, 900, 1500, 2100, 2000, 1000, 1100, 1300, 3100, 1100, 1500, 1200, 1400, 1200, 800] cpp_raw=[1600, 1200, 1200, 1400, 1400, 2800, 3000, 1600, 1600, 2300, 1300, 1300, 1200, 1200, 1100] public_ns=1200 bounds_ns=1200 execute_ns=1300 combined_ns=1300 cpp_ns=1400 source=e61b28efac3482a5 result=19f1026d069dd2bd
case op=copy-float w=256 h=128 layout=contiguous public_raw=[3400, 3300, 3300, 3200, 3300, 3300, 3300, 3300, 3200, 3300, 3300, 3400, 3300, 3300, 3500] bounds_raw=[3600, 3300, 3300, 3300, 3500, 3200, 3400, 3400, 3200, 3400, 3400, 3300, 3300, 3500, 3400] execute_raw=[5100, 3300, 3400, 3300, 3400, 3300, 3400, 3300, 3300, 3200, 3300, 3500, 3300, 3300, 3300] combined_raw=[3500, 3300, 3400, 3300, 3400, 3300, 3300, 3400, 3600, 3400, 3500, 3400, 3500, 3300, 3700] cpp_raw=[4300, 4300, 4300, 4200, 4200, 17600, 4300, 4200, 4200, 4200, 4200, 4400, 4200, 4200, 4300] public_ns=3300 bounds_ns=3400 execute_ns=3300 combined_ns=3400 cpp_ns=4200 source=94c035f8504217ab result=e20bab30ff99efbd
case op=copy-Pod w=256 h=128 layout=contiguous public_raw=[11100, 18300, 12800, 21300, 8100, 8000, 8000, 8100, 8300, 11700, 11600, 15800, 14900, 11200, 8100] bounds_raw=[10200, 20200, 12800, 8200, 8200, 8000, 8000, 8000, 8000, 15200, 35300, 11500, 12500, 10200, 8100] execute_raw=[10600, 21200, 10700, 8100, 8000, 7900, 8000, 8000, 8300, 17100, 34000, 9500, 23100, 8800, 8000] combined_raw=[17200, 11400, 12300, 8900, 8200, 8200, 8000, 8000, 8200, 16800, 8800, 10500, 11600, 11700, 8400] cpp_raw=[10700, 13000, 12300, 10100, 10100, 10000, 9900, 10000, 10100, 10200, 12000, 11200, 13700, 12200, 10100] public_ns=11200 bounds_ns=10200 execute_ns=8800 combined_ns=8900 cpp_ns=10200 source=780acdd2b0446151 result=3e08e0fcd50e93b1
case op=convert-ubyte-float w=256 h=128 layout=contiguous public_raw=[112700, 112000, 113100, 111700, 112000, 113100, 111800, 113000, 112900, 113000, 113100, 114800, 113200, 113200, 115000] bounds_raw=[113200, 113100, 112800, 112600, 121900, 112200, 116600, 112600, 112900, 115300, 113400, 113200, 114500, 112900, 119200] execute_raw=[4200, 4300, 4200, 4200, 4300, 4200, 4300, 4300, 4400, 7200, 4800, 4400, 6900, 4700, 7000] combined_raw=[4200, 4200, 4200, 4300, 4200, 4200, 4200, 4200, 4400, 4700, 4800, 4400, 5900, 5000, 5200] cpp_raw=[4400, 4300, 4300, 4300, 4400, 4400, 4400, 4400, 4500, 7100, 5500, 4900, 5000, 4500, 6500] public_ns=113000 bounds_ns=113200 execute_ns=4300 combined_ns=4300 cpp_ns=4400 source=e61b28efac3482a5 result=8edc22d932e14fbd
case op=copy-ubyte w=256 h=128 layout=padded public_raw=[2776400, 2704000, 3260900, 3416700, 2740100, 2714100, 2671600, 2661600, 2739100, 2600500, 2689200, 2727300, 2598900, 2658800, 2956100] bounds_raw=[90100, 110500, 117800, 118000, 89600, 89700, 89200, 91700, 91800, 89400, 89400, 186400, 103200, 91600, 91600] execute_raw=[2583000, 2557300, 3306600, 2849000, 2526200, 2827500, 2526200, 2589700, 2910900, 2517100, 2565800, 2537600, 2581400, 2711600, 2581600] combined_raw=[3500, 2700, 4100, 4700, 2800, 2700, 2400, 2600, 2500, 2800, 2900, 2700, 2600, 2500, 2600] cpp_raw=[1300, 1200, 1200, 3000, 1400, 1700, 1200, 1200, 1600, 1300, 1300, 1200, 1200, 1200, 1300] public_ns=2714100 bounds_ns=91600 execute_ns=2581600 combined_ns=2700 cpp_ns=1300 source=e5a18b0018a9faa5 result=d702cf3fb5e29e3d
case op=copy-float w=256 h=128 layout=padded public_raw=[3006800, 2642600, 2949100, 6676100, 4402600, 2636700, 3008300, 2660100, 2660400, 2750300, 2662600, 2735300, 2606200, 2596300, 2592800] bounds_raw=[59700, 59500, 61300, 73100, 60000, 60000, 59500, 61100, 62800, 61700, 66300, 59400, 59700, 59600, 59700] execute_raw=[2615700, 2566100, 2631000, 6353500, 2566700, 2568600, 2595800, 2591900, 2655900, 2897000, 2597000, 2623400, 2640800, 2621600, 2624500] combined_raw=[5800, 5900, 6400, 9900, 6200, 6600, 6300, 6200, 9800, 6300, 5900, 6100, 9600, 9700, 6700] cpp_raw=[4800, 4700, 4800, 4800, 5500, 5000, 4800, 4900, 4800, 5100, 4800, 4900, 5000, 4700, 4900] public_ns=2662600 bounds_ns=60000 execute_ns=2621600 combined_ns=6300 cpp_ns=4800 source=36662a215b68a60b result=bf1783c6025d513d
case op=copy-Pod w=256 h=128 layout=padded public_raw=[3219100, 2596200, 2645900, 2602000, 2732000, 2666200, 2834600, 2916100, 2718300, 2652000, 2827700, 2609100, 2727900, 2851300, 3306700] bounds_raw=[82700, 81700, 83300, 82600, 86800, 114700, 91200, 131700, 83000, 84400, 120200, 116700, 132100, 83000, 94100] execute_raw=[2617800, 2535500, 2645600, 2709000, 2712600, 2624300, 2626100, 2599500, 2589600, 2891600, 2625700, 2540300, 2872900, 3205100, 2939300] combined_raw=[12400, 11900, 12200, 16500, 26200, 38100, 14000, 16500, 31500, 27400, 13700, 14100, 36000, 48700, 19900] cpp_raw=[10800, 10600, 10800, 11400, 13200, 24200, 10800, 13100, 21100, 13200, 11200, 10700, 14300, 20100, 37200] public_ns=2727900 bounds_ns=86800 execute_ns=2626100 combined_ns=16500 cpp_ns=13100 source=49f9223bca7c6711 result=6d7da255f160ecf1
case op=convert-ubyte-float w=256 h=128 layout=padded public_raw=[13026100, 12558500, 13121100, 14161900, 13638500, 13969300, 13424500, 12885900, 13001300, 13282400, 12691500, 12817100, 12919700, 12619000, 12907500] bounds_raw=[98000, 98300, 130600, 98000, 100600, 103500, 119500, 98100, 136600, 404100, 146200, 98100, 100700, 98300, 95800] execute_raw=[13760900, 13533300, 13264000, 14881500, 13888600, 13911000, 13616100, 12719600, 13175300, 12513100, 12731500, 12481400, 12977800, 12825400, 12728600] combined_raw=[7100, 13700, 8000, 6000, 7200, 8000, 7700, 8600, 9000, 5300, 10200, 5800, 23800, 11000, 9700] cpp_raw=[10400, 6900, 7300, 6800, 17000, 6800, 5300, 5300, 10200, 5000, 6600, 4600, 8600, 7500, 4700] public_ns=13001300 bounds_ns=100600 execute_ns=13175300 combined_ns=8000 cpp_ns=6800 source=e5a18b0018a9faa5 result=8d94738f899eb13d
case op=copy-ubyte w=256 h=128 layout=negative-source public_raw=[2814200, 2855300, 2749000, 2626100, 2786800, 2666800, 2771200, 2655400, 2925900, 2814400, 2868000, 2726500, 3005700, 2614000, 2634400] bounds_raw=[90200, 89100, 93700, 90300, 93500, 88600, 127900, 103700, 88200, 89100, 96100, 91600, 90000, 90000, 93100] execute_raw=[2673900, 2653400, 2520900, 2672100, 2464300, 2917300, 2698300, 2740700, 2691100, 2602400, 2558500, 2768900, 2549600, 2683400, 2615800] combined_raw=[6200, 3600, 2900, 3700, 2900, 3400, 3400, 2800, 2600, 3500, 3800, 4500, 3100, 2500, 2900] cpp_raw=[3200, 1400, 1300, 2100, 1300, 3100, 1400, 1300, 1300, 1400, 1300, 1400, 1300, 1200, 1700] public_ns=2771200 bounds_ns=90300 execute_ns=2672100 combined_ns=3400 cpp_ns=1400 source=e5a18b0018a9faa5 result=d702cf3fb5e29e3d
case op=copy-float w=256 h=128 layout=negative-source public_raw=[2708900, 2696700, 2688700, 2642400, 2662900, 3031100, 2890400, 2816800, 2713600, 2840000, 2835000, 2972700, 2655600, 3103100, 2632600] bounds_raw=[93300, 59800, 82200, 61900, 60200, 114300, 79300, 68300, 99300, 60300, 71500, 65200, 62000, 81500, 61200] execute_raw=[2573400, 2726300, 3002900, 2740900, 2580700, 2610100, 2790800, 2790300, 2594400, 2598200, 2619300, 2617400, 2636100, 2616600, 2850900] combined_raw=[6800, 6300, 12100, 17700, 8000, 20900, 12600, 9400, 12000, 6900, 19400, 7700, 5900, 10000, 8000] cpp_raw=[4500, 4300, 5500, 7800, 4500, 6900, 4700, 4400, 4800, 5200, 9500, 4800, 4300, 4400, 8000] public_ns=2713600 bounds_ns=68300 execute_ns=2619300 combined_ns=9400 cpp_ns=4800 source=36662a215b68a60b result=bf1783c6025d513d
case op=copy-Pod w=256 h=128 layout=negative-source public_raw=[2608900, 2754600, 2636900, 2764300, 2635800, 3138700, 2595400, 2680700, 2823100, 2662100, 2996400, 2577700, 2535800, 2597700, 2797700] bounds_raw=[82500, 82900, 121300, 89300, 86100, 95200, 92100, 117100, 112800, 81900, 207000, 80800, 80600, 82500, 82100] execute_raw=[2887600, 2708200, 2566200, 2823400, 2760000, 2738900, 2575400, 2555300, 2614300, 2748200, 2615500, 2685200, 2473300, 2536000, 2534800] combined_raw=[28500, 52900, 14100, 72600, 14900, 61400, 16400, 20100, 18500, 17000, 26400, 12600, 12500, 14100, 12600] cpp_raw=[18700, 39200, 10800, 16600, 38100, 34800, 11200, 11800, 14400, 14100, 11800, 10400, 13900, 10800, 11300] public_ns=2662100 bounds_ns=86100 execute_ns=2615500 combined_ns=17000 cpp_ns=13900 source=7247388808cf2711 result=6d7da255f160ecf1
case op=convert-ubyte-float w=256 h=128 layout=negative-source public_raw=[12419200, 12563800, 12710800, 12796600, 12297300, 12478400, 12347000, 12111800, 11960100, 12271700, 12219400, 12734000, 12205400, 12426400, 12303100] bounds_raw=[98900, 95700, 100800, 98900, 98500, 95900, 95500, 96500, 95600, 96100, 95800, 95500, 101700, 98400, 98300] execute_raw=[12228700, 12345300, 12389800, 12504900, 12574500, 12104100, 12166600, 12313800, 12185900, 12664100, 12333100, 12688400, 12187900, 12079200, 12074200] combined_raw=[12700, 12200, 12500, 12000, 12400, 12200, 11700, 12100, 11500, 12600, 15500, 15600, 12700, 11900, 12300] cpp_raw=[4600, 4600, 5000, 4800, 4600, 4600, 4600, 4500, 4500, 4800, 4700, 6700, 4600, 4700, 4800] public_ns=12347000 bounds_ns=96500 execute_ns=12313800 combined_ns=12300 cpp_ns=4600 source=e5a18b0018a9faa5 result=8d94738f899eb13d
case op=copy-ubyte w=256 h=128 layout=negative-both public_raw=[2663500, 2723000, 2629000, 2640400, 2658300, 2597200, 2662000, 2691100, 2725100, 2661500, 2679400, 2643500, 2659200, 2661000, 2662500] bounds_raw=[104200, 89200, 89200, 91500, 89300, 89200, 91400, 91500, 93700, 91600, 89700, 87100, 91500, 95200, 91700] execute_raw=[2522900, 2619700, 2527600, 2591500, 2522300, 2564200, 2634500, 2589100, 2607000, 2583000, 2578900, 2627700, 2581900, 2579300, 2584400] combined_raw=[2500, 3100, 2700, 2400, 2400, 2600, 2400, 2700, 2400, 2700, 2700, 2900, 2500, 2600, 2800] cpp_raw=[1100, 1100, 1000, 1100, 1000, 1000, 1000, 1100, 1000, 1000, 1000, 1100, 1000, 1200, 1400] public_ns=2661500 bounds_ns=91500 execute_ns=2583000 combined_ns=2600 cpp_ns=1000 source=e5a18b0018a9faa5 result=d702cf3fb5e29e3d
case op=copy-float w=256 h=128 layout=negative-both public_raw=[2674600, 2752800, 2576700, 2620500, 2717100, 2635600, 2653800, 2595500, 2665100, 2665100, 2731700, 2645800, 2643000, 2602900, 2631000] bounds_raw=[59200, 63500, 74400, 59700, 71000, 59700, 61200, 59800, 61300, 66400, 58900, 59600, 59900, 60000, 61500] execute_raw=[2762100, 2521600, 2590900, 2572300, 2595700, 2520900, 2556100, 2658000, 2584900, 2592900, 2582700, 2586200, 2614600, 2571800, 2568500] combined_raw=[5900, 5700, 6000, 9500, 6000, 5700, 5600, 6000, 9600, 5900, 5600, 5400, 5500, 9600, 5800] cpp_raw=[4500, 4400, 4400, 4200, 4400, 4400, 4300, 4300, 4400, 4500, 4500, 4200, 4300, 4400, 4800] public_ns=2645800 bounds_ns=60000 execute_ns=2584900 combined_ns=5900 cpp_ns=4400 source=36662a215b68a60b result=bf1783c6025d513d
case op=copy-Pod w=256 h=128 layout=negative-both public_raw=[2630000, 2641900, 2597700, 2644800, 2596200, 2648200, 2673000, 2753800, 2767600, 2594000, 2675400, 2599200, 2621100, 2676000, 2711500] bounds_raw=[82300, 82200, 82200, 82100, 82300, 96800, 84400, 82700, 82300, 84300, 99000, 84200, 82200, 87200, 86300] execute_raw=[2606800, 2610700, 2526800, 2608600, 2528700, 2586100, 2527600, 2568800, 2576000, 2611900, 2663200, 2578200, 2528800, 3028300, 2583900] combined_raw=[12000, 11500, 10800, 14600, 10700, 11000, 11400, 11100, 14800, 11000, 11100, 10700, 10600, 14600, 12700] cpp_raw=[10000, 9400, 9500, 9500, 9700, 9500, 9500, 9600, 9600, 9900, 9500, 9500, 9700, 9700, 16800] public_ns=2644800 bounds_ns=82700 execute_ns=2583900 combined_ns=11100 cpp_ns=9600 source=7247388808cf2711 result=9cc58c133fed2cf1
case op=convert-ubyte-float w=256 h=128 layout=negative-both public_raw=[12363900, 12362800, 12508000, 12291500, 12289100, 12571800, 12541700, 12550200, 12736100, 16008200, 12405300, 12970600, 12899000, 12765300, 12482700] bounds_raw=[100500, 99900, 97800, 102300, 98000, 95600, 95300, 100300, 100600, 98200, 98400, 97600, 98500, 98000, 133500] execute_raw=[12364000, 12368800, 12251400, 12142500, 12323100, 12499800, 12062100, 12297700, 17245500, 12194600, 12219000, 12498800, 12863500, 12388700, 12361200] combined_raw=[12400, 12300, 12800, 11800, 12500, 12400, 12100, 12900, 12100, 12500, 13100, 37700, 15800, 11700, 12400] cpp_raw=[4700, 4700, 4800, 4600, 4700, 4700, 4500, 4600, 4600, 8700, 4800, 4900, 4800, 4600, 4900] public_ns=12541700 bounds_ns=98400 execute_ns=12361200 combined_ns=12400 cpp_ns=4700 source=e5a18b0018a9faa5 result=8d94738f899eb13d
case op=copy-ubyte w=256 h=128 layout=universal public_raw=[2592700, 2847200, 2595000, 2874300, 2618300, 2599700, 2604700, 2592000, 2735100, 2618100, 2594300, 2596500, 2805600, 2659900, 2609200] bounds_raw=[89400, 96300, 89500, 90400, 89600, 89400, 96000, 89400, 90300, 89700, 92300, 147600, 89700, 158800, 89900] execute_raw=[2798000, 2696900, 2619100, 2649200, 2612400, 2749200, 2646800, 2614300, 2657900, 2608300, 2608400, 2703600, 2641300, 2793000, 2640900] combined_raw=[138900, 138200, 137500, 140400, 137600, 216400, 137600, 137500, 137300, 143400, 147800, 138700, 143600, 137400, 137700] cpp_raw=[90200, 89100, 89300, 89300, 89200, 90000, 107400, 89300, 89000, 89500, 169900, 89300, 89400, 89000, 89300] public_ns=2609200 bounds_ns=89900 execute_ns=2646800 combined_ns=138200 cpp_ns=89300 source=2ca74caf843b767b result=186aee41ab7388cf
case op=copy-float w=256 h=128 layout=universal public_raw=[2595300, 2959100, 2577300, 2536100, 3123300, 2804900, 3106000, 2554400, 2580100, 2824500, 2541800, 2852700, 2550200, 2797000, 2669500] bounds_raw=[60900, 60700, 59500, 59300, 62800, 59500, 59400, 59500, 59400, 62400, 59900, 59400, 59700, 59500, 105500] execute_raw=[2622900, 2622800, 2629900, 2560600, 3031700, 2560900, 2562300, 2649600, 2567000, 2652600, 2887900, 2558700, 2842100, 2560700, 2901200] combined_raw=[110700, 110600, 111100, 107800, 109100, 108000, 108000, 115900, 107900, 109400, 108400, 107900, 109300, 108100, 109000] cpp_raw=[72900, 72800, 73100, 71200, 71100, 71500, 71300, 71600, 71300, 71300, 71500, 71300, 72500, 71300, 71300] public_ns=2669500 bounds_ns=59500 execute_ns=2622900 combined_ns=109000 cpp_ns=71300 source=2602f36fdf024e48 result=a35a34c9a114294f
case op=copy-Pod w=256 h=128 layout=universal public_raw=[2515600, 2545800, 2523700, 2852100, 2524000, 2764600, 2522900, 2549400, 2526800, 2787400, 2535200, 2553100, 2460600, 3375600, 2825800] bounds_raw=[82700, 82400, 82600, 87900, 82600, 91500, 82500, 88400, 82500, 92400, 82500, 89100, 80800, 162700, 80800] execute_raw=[2782900, 2778100, 2542100, 2543000, 2543500, 2558100, 2544300, 2743900, 2542100, 2558900, 2539900, 2703000, 2487200, 2957000, 2947700] combined_raw=[138200, 145700, 138700, 138100, 138600, 138600, 138200, 157100, 138200, 158600, 138300, 146800, 134900, 245200, 144800] cpp_raw=[72900, 83400, 72900, 72800, 73100, 73100, 310600, 74600, 72900, 74300, 73100, 73500, 71200, 421300, 123900] public_ns=2545800 bounds_ns=82600 execute_ns=2558100 combined_ns=138600 cpp_ns=73100 source=e9e6a4e830f5d812 result=65aae9126466d5ba
case op=convert-ubyte-float w=256 h=128 layout=universal public_raw=[7169300, 6927900, 6832200, 6926100, 6898100, 6864000, 6940200, 7018200, 6909300, 7082000, 6980900, 6826800, 7031300, 7233900, 7214500] bounds_raw=[105700, 95600, 97900, 98400, 98000, 99800, 97800, 98000, 97700, 98100, 95800, 95500, 95500, 96100, 96700] execute_raw=[7441300, 7150700, 7079200, 6914200, 6935200, 7161900, 6854800, 6873200, 6920600, 7020500, 7003500, 7141900, 7200900, 7134000, 7125800] combined_raw=[100700, 101100, 100900, 102800, 103000, 103100, 102800, 103000, 158100, 100900, 104000, 104900, 101200, 100300, 100800] cpp_raw=[18700, 18700, 18700, 19000, 19100, 19200, 19100, 19100, 19100, 19600, 18700, 18800, 18700, 18600, 18900] public_ns=6940200 bounds_ns=97800 execute_ns=7079200 combined_ns=102800 cpp_ns=18900 source=2ca74caf843b767b result=9981b35893e1a94f
case op=copy-ubyte w=256 h=128 layout=universal-negative public_raw=[2525900, 2633300, 2528200, 2526200, 2586100, 2528100, 2533800, 2529400, 2528600, 2530600, 2547300, 2524700, 2544500, 2532300, 2527900] bounds_raw=[89500, 89400, 89600, 89400, 89900, 92600, 89400, 92700, 89400, 90000, 89600, 89400, 89600, 89400, 89400] execute_raw=[2542100, 2542900, 2842800, 2540300, 2844600, 2542900, 2543100, 2837100, 2542600, 2568900, 2545400, 2547600, 2650800, 2545700, 2593800] combined_raw=[137400, 137800, 137900, 137400, 143200, 140600, 137400, 137800, 137400, 137900, 137600, 137500, 147800, 137400, 138800] cpp_raw=[89400, 97600, 89200, 89200, 89200, 89500, 92000, 94700, 89300, 89000, 104900, 89000, 89100, 89400, 89000] public_ns=2529400 bounds_ns=89500 execute_ns=2545700 combined_ns=137800 cpp_ns=89300 source=aee6fc6fec93767b result=e78d431e19cc88cf
case op=copy-float w=256 h=128 layout=universal-negative public_raw=[2525200, 2578000, 2469900, 2466900, 3097500, 2473200, 2846500, 2470200, 2471900, 2679100, 2477900, 2468000, 2573700, 2492300, 2466000] bounds_raw=[62000, 59000, 59000, 58800, 73200, 59300, 58800, 59400, 58900, 63700, 59700, 58800, 59800, 58900, 58900] execute_raw=[3086300, 3035800, 2492800, 2547400, 2553800, 2514700, 2494500, 2714200, 2495000, 2577400, 2516400, 2493700, 2913200, 2496600, 2705400] combined_raw=[191600, 154500, 110700, 107500, 113200, 107600, 107600, 108900, 107700, 108900, 107700, 107500, 110100, 107600, 111700] cpp_raw=[71400, 71500, 71300, 71300, 71300, 71200, 71100, 75600, 71100, 71200, 71200, 71100, 90600, 71100, 71200] public_ns=2477900 bounds_ns=59000 execute_ns=2547400 combined_ns=108900 cpp_ns=71200 source=a257b6291ff8ce48 result=6438f003893e294f
case op=copy-Pod w=256 h=128 layout=universal-negative public_raw=[2527900, 2761500, 2635200, 2525800, 2690800, 2530300, 2590000, 2527800, 2962900, 2474600, 3074600, 2464900, 2490600, 2488200, 2875200] bounds_raw=[82600, 82600, 84300, 82600, 89100, 82500, 82600, 82600, 84900, 317200, 93900, 80700, 85500, 80700, 84100] execute_raw=[2798100, 2546400, 2543100, 2543500, 2620900, 2545200, 2762100, 2544500, 2487500, 2484300, 2753100, 2491400, 2902600, 2483800, 2514300] combined_raw=[154100, 138400, 189200, 138600, 139100, 142700, 151000, 138500, 138200, 138200, 136000, 134900, 144700, 152800, 136900] cpp_raw=[73100, 72900, 85700, 72900, 72800, 73100, 79100, 76100, 72900, 97800, 71300, 71100, 82500, 71800, 73800] public_ns=2530300 bounds_ns=82600 execute_ns=2544500 combined_ns=138600 cpp_ns=73100 source=9d3846764beed812 result=da53e1b7f4d855ba
case op=convert-ubyte-float w=256 h=128 layout=universal-negative public_raw=[6852200, 7165000, 7067900, 7031900, 7054800, 7274800, 7011800, 6843300, 7578300, 7288700, 6850000, 7413000, 7392300, 6859700, 7009700] bounds_raw=[95600, 97800, 98300, 97800, 98100, 98200, 97600, 95600, 118800, 96400, 95600, 95600, 96000, 100300, 98000] execute_raw=[7172100, 7022400, 7041200, 7084500, 6990700, 7004900, 7213900, 7440100, 7042200, 7068300, 7492700, 6874100, 6876600, 7249700, 7144400] combined_raw=[107900, 103500, 103900, 103300, 106200, 103500, 104000, 101400, 100900, 101600, 101700, 101100, 101200, 100900, 104000] cpp_raw=[19200, 19000, 19100, 19500, 20100, 19400, 19100, 18700, 18600, 21700, 19600, 18600, 18800, 18900, 19200] public_ns=7054800 bounds_ns=97800 execute_ns=7068300 combined_ns=103300 cpp_ns=19100 source=aee6fc6fec93767b result=b595bddcda97a94f
case op=copy-ubyte w=256 h=128 layout=repeated-source public_raw=[2514000, 2540100, 2513400, 2513700, 2581600, 2517400, 2574800, 2624000, 2520600, 2511700, 2634800, 2514400, 2537500, 2601800, 2479200] bounds_raw=[89100, 89200, 89200, 89100, 89500, 89200, 89100, 89300, 89200, 89200, 93200, 89100, 117300, 87900, 87100] execute_raw=[2598900, 2454600, 2438800, 2557800, 2462000, 2434800, 2436600, 2560900, 2435400, 2537800, 2451200, 2461800, 2435400, 2395900, 2378800] combined_raw=[2800, 2300, 2200, 2100, 2400, 2100, 2100, 2700, 2200, 2400, 2300, 2300, 2100, 2200, 2200] cpp_raw=[900, 900, 900, 900, 1000, 900, 900, 900, 900, 900, 900, 900, 900, 900, 900] public_ns=2520600 bounds_ns=89200 execute_ns=2451200 combined_ns=2200 cpp_ns=900 source=b801a0f8ceb910a5 result=d702cf3fb5e29e3d
case op=copy-float w=256 h=128 layout=repeated-source public_raw=[2516100, 2455200, 2628600, 2468500, 2460300, 2595300, 2473800, 2511800, 2777500, 2529000, 2466000, 2804200, 2476700, 2461800, 2542800] bounds_raw=[57800, 57800, 58300, 57900, 57900, 58400, 57900, 58000, 58000, 58100, 57800, 57800, 82800, 57800, 57800] execute_raw=[2383200, 2381300, 2636900, 2406800, 2381200, 2762000, 2394400, 2389400, 2641000, 2404500, 2384000, 2504600, 2537200, 2382600, 2631300] combined_raw=[4100, 4100, 4800, 9000, 4100, 5100, 4200, 4200, 9000, 4300, 4100, 4100, 5000, 8900, 5200] cpp_raw=[2800, 2800, 2700, 2800, 2900, 3000, 2800, 2800, 2800, 3000, 2800, 2800, 3000, 2800, 2900] public_ns=2511800 bounds_ns=57900 execute_ns=2404500 combined_ns=4300 cpp_ns=2800 source=2ab4dac9ab1576eb result=bf1783c6025d513d
case op=copy-Pod w=256 h=128 layout=repeated-source public_raw=[2550800, 2515000, 2515600, 2562500, 2518600, 2516600, 2820300, 2515200, 2512500, 2566100, 2514900, 2537900, 2518300, 2512900, 2632700] bounds_raw=[82500, 82100, 82000, 82500, 82100, 82000, 82200, 82100, 105300, 82300, 82000, 82000, 82100, 85200, 80500] execute_raw=[2464400, 2452100, 2444000, 2762400, 2446500, 2507000, 2470600, 2448100, 2486800, 2450900, 2446000, 2551000, 2753500, 2444200, 2689700] combined_raw=[9200, 7900, 8000, 13400, 8100, 8300, 8300, 7900, 13400, 8300, 7800, 8000, 8100, 13400, 8000] cpp_raw=[6600, 6400, 6300, 6600, 6400, 6500, 6300, 6400, 6300, 6500, 6400, 6500, 6300, 6400, 6500] public_ns=2518300 bounds_ns=82100 execute_ns=2464400 combined_ns=8100 cpp_ns=6400 source=eeeb850fb0e39951 result=fb16e77c4b15ecf1
case op=convert-ubyte-float w=256 h=128 layout=repeated-source public_raw=[11642500, 12006200, 11888800, 12171100, 11714400, 11925500, 12603600, 11860100, 11989100, 11786900, 12169700, 11748900, 12212300, 11901900, 12140600] bounds_raw=[95500, 95400, 95700, 95700, 95600, 95700, 95300, 95700, 95800, 95900, 95800, 95300, 95700, 95600, 95700] execute_raw=[12332100, 12068700, 11754700, 11572000, 11888600, 11697200, 11813000, 11365400, 11579600, 12004000, 11402100, 21953400, 11797700, 11590000, 11968900] combined_raw=[4900, 4700, 4500, 4300, 5500, 4800, 4800, 4600, 4200, 4800, 4300, 6000, 4700, 4300, 4900] cpp_raw=[4300, 4200, 4200, 4200, 7000, 4200, 4200, 4200, 4200, 4200, 4200, 4300, 4200, 4200, 4200] public_ns=11925500 bounds_ns=95700 execute_ns=11797700 combined_ns=4700 cpp_ns=4200 source=b801a0f8ceb910a5 result=8d94738f899eb13d
case op=copy-ubyte w=256 h=128 layout=zero-source public_raw=[608900, 608900, 606500, 619000, 692700, 610300, 606800, 612000, 609500, 612100, 606500, 611200, 620500, 652800, 620500] bounds_raw=[87300, 87300, 87300, 87400, 87700, 91400, 87300, 87500, 87400, 87500, 87300, 91100, 137700, 87700, 92500] execute_raw=[624100, 624200, 621800, 805100, 623600, 681400, 622000, 626400, 651000, 621900, 624800, 621900, 625300, 679900, 626900] combined_raw=[134100, 134100, 134100, 142000, 193300, 134400, 134100, 141900, 134100, 134200, 134200, 134100, 134200, 134200, 134200] cpp_raw=[87300, 87100, 86900, 352700, 102400, 87300, 86900, 86900, 86900, 86900, 87000, 89400, 114000, 141300, 87400] public_ns=611200 bounds_ns=87500 execute_ns=624800 combined_ns=134200 cpp_ns=87300 source=ea3b47c803d61b61 result=805f2b0ca3e19e3d
case op=copy-float w=256 h=128 layout=zero-source public_raw=[613100, 610500, 608700, 608700, 609900, 794200, 706700, 611500, 611200, 606200, 612000, 608700, 608800, 609000, 606300] bounds_raw=[58000, 57900, 57900, 57900, 57900, 58100, 58500, 69900, 57900, 70900, 58000, 57800, 57900, 58000, 57900] execute_raw=[639100, 638700, 636100, 635800, 642600, 741200, 640700, 642700, 643200, 639800, 638800, 636400, 636100, 633500, 816000] combined_raw=[107000, 106900, 107000, 106900, 107100, 107100, 107300, 107200, 107000, 107000, 107000, 106900, 107000, 106900, 147600] cpp_raw=[71100, 71100, 71000, 71100, 71000, 71500, 71600, 71400, 71200, 71300, 71200, 71200, 71200, 71200, 103000] public_ns=609900 bounds_ns=57900 execute_ns=639100 combined_ns=107000 cpp_ns=71200 source=3ee659a586185a17 result=d3a2f65955b6b13d
case op=copy-Pod w=256 h=128 layout=zero-source public_raw=[610600, 614700, 606400, 609400, 753900, 606800, 606700, 606600, 610700, 609400, 609300, 615600, 606500, 606600, 606500] bounds_raw=[80000, 80000, 79900, 80000, 98900, 80000, 80100, 79900, 80000, 79900, 80000, 91100, 92800, 79900, 80000] execute_raw=[623000, 629500, 628000, 630700, 716300, 623200, 627900, 626300, 625700, 625900, 629700, 788700, 627700, 623100, 623200] combined_raw=[134600, 134500, 134500, 134500, 143900, 134600, 134500, 134500, 134500, 134500, 134600, 174200, 134800, 134600, 137300] cpp_raw=[71300, 71100, 71100, 71100, 71100, 71100, 71000, 71100, 71000, 71100, 71100, 71100, 71100, 71100, 71100] public_ns=609300 bounds_ns=80000 execute_ns=627700 combined_ns=134600 cpp_ns=71100 source=52489578602bbe06 result=ef186d4d74d56cf1
case op=convert-ubyte-float w=256 h=128 layout=zero-source public_raw=[1754100, 1685600, 1682000, 1684200, 1823600, 1687900, 1683600, 1684300, 2010200, 1924500, 1681300, 1680300, 1804600, 1961400, 1686000] bounds_raw=[95100, 95000, 94800, 94800, 95300, 94900, 94800, 94800, 95300, 95000, 94800, 94800, 95100, 94900, 94900] execute_raw=[1689900, 1695700, 1690400, 1819000, 1690700, 1693100, 1690700, 1689100, 1758500, 1697500, 1689000, 1688900, 1905300, 1696100, 1691200] combined_raw=[369100, 99500, 99400, 99200, 114300, 99300, 99200, 99400, 103000, 99600, 102000, 99200, 154200, 99500, 99400] cpp_raw=[18600, 18500, 18500, 18500, 18500, 18600, 18500, 18500, 18500, 18600, 18500, 18500, 18500, 18600, 18500] public_ns=1686000 bounds_ns=94900 execute_ns=1691200 combined_ns=99500 cpp_ns=18500 source=ea3b47c803d61b61 result=fb8549580c3ab13d
case op=copy-ubyte w=2048 h=512 layout=contiguous public_raw=[33000, 33000, 42300, 127700, 33300, 64300, 33000, 53400, 32600, 33200, 86600, 36400, 82600, 33000, 288700] bounds_raw=[33100, 85600, 33500, 131300, 32900, 55500, 37100, 35300, 33000, 33000, 57100, 32800, 60100, 32900, 34400] execute_raw=[33000, 55100, 37300, 63600, 33800, 36500, 61800, 33100, 58700, 32900, 36300, 32900, 33500, 33400, 36000] combined_raw=[32700, 38800, 75400, 33100, 67700, 33100, 37900, 33000, 32900, 33000, 33200, 66200, 33100, 36500, 33000] cpp_raw=[66800, 42700, 70700, 41000, 59500, 41200, 41000, 61100, 41000, 50400, 41900, 68500, 41100, 40600, 68100] public_ns=36400 bounds_ns=34400 execute_ns=36000 combined_ns=33100 cpp_ns=42700 source=2330a0f18d4d82a5 result=80d2fb93a399d2bd
case op=copy-float w=2048 h=512 layout=contiguous public_raw=[257300, 530500, 212800, 315500, 274700, 705100, 188100, 203300, 314600, 254100, 212100, 416500, 454200, 223200, 220100] bounds_raw=[226100, 299900, 527000, 333500, 283400, 312000, 383200, 196000, 233400, 330100, 202100, 200000, 295700, 486200, 218400] execute_raw=[195700, 195600, 336900, 275500, 254600, 218300, 253900, 228200, 206600, 203700, 469900, 199200, 242700, 438300, 544100] combined_raw=[233200, 194700, 234500, 288200, 271000, 199800, 222800, 351200, 203800, 209500, 276900, 244400, 219400, 223200, 371500] cpp_raw=[538800, 211100, 216300, 238200, 297100, 222500, 209800, 220400, 459400, 210800, 232500, 477900, 255100, 214100, 244100] public_ns=257300 bounds_ns=295700 execute_ns=242700 combined_ns=233200 cpp_ns=232500 source=13b5de7322d2f7ab result=d89816c09b0f4fbd
case op=copy-Pod w=2048 h=512 layout=contiguous public_raw=[737100, 736800, 734900, 1028000, 728800, 744500, 716300, 1489800, 730300, 726400, 718300, 775900, 734200, 1108900, 734700] bounds_raw=[793000, 735900, 719100, 745900, 925400, 856600, 730500, 736300, 725900, 849400, 736700, 1143600, 851000, 725000, 720800] execute_raw=[801600, 723700, 897600, 719300, 1112000, 708400, 716600, 1620900, 1341000, 738300, 717900, 732400, 915400, 720500, 808800] combined_raw=[722500, 718100, 717600, 745500, 740100, 737100, 1177400, 738200, 983500, 1020400, 737900, 916100, 725500, 700200, 719600] cpp_raw=[1028500, 602800, 1256000, 708200, 1224400, 1102500, 679600, 989200, 1225100, 696300, 750800, 1386300, 688000, 772300, 1493800] public_ns=734900 bounds_ns=736700 execute_ns=738300 combined_ns=737900 cpp_ns=989200 source=d8cd6555f4166151 result=59e0883c487093b1
case op=convert-ubyte-float w=2048 h=512 layout=contiguous public_raw=[3544500, 3545500, 3784000, 3551900, 4013600, 4241400, 3644700, 3826600, 3639300, 3546900, 3548100, 3562800, 3785300, 3554900, 3549800] bounds_raw=[3770200, 3548500, 4125300, 3980000, 3804400, 3551700, 3568700, 3797000, 3556100, 3560600, 4080900, 3678300, 3565200, 3883900, 3785300] execute_raw=[194200, 281800, 323200, 154900, 153300, 155100, 173400, 162100, 302800, 245500, 196300, 231700, 154000, 232500, 265900] combined_raw=[153800, 150900, 194000, 159900, 147700, 151200, 154000, 153900, 157000, 151900, 159200, 149700, 155800, 479200, 172700] cpp_raw=[152000, 153700, 151600, 154300, 153300, 360800, 164200, 157000, 309700, 187800, 152100, 975100, 390700, 459100, 170700] public_ns=3562800 bounds_ns=3770200 execute_ns=196300 combined_ns=154000 cpp_ns=164200 source=2330a0f18d4d82a5 result=8830660fbe034fbd
case op=copy-ubyte w=2048 h=512 layout=padded public_raw=[43369900, 43665600, 43335400, 44909900, 44052400, 43842900, 42476800, 45093200, 45301400, 46705000, 46763300, 44589600, 43255400, 42170400, 41080800] bounds_raw=[2849400, 2773500, 3107400, 3026200, 3346900, 2849700, 2907500, 2803700, 3056100, 3049400, 3783300, 3121700, 3037200, 2786100, 2851700] execute_raw=[40614000, 40633100, 41320000, 42064000, 41941900, 40649600, 40338400, 52326700, 42650700, 45986000, 45114400, 41543200, 41003000, 40181200, 39785700] combined_raw=[62900, 67100, 175000, 232900, 84300, 97300, 62200, 87100, 137500, 333500, 178600, 58300, 52100, 66900, 56400] cpp_raw=[50100, 51300, 49900, 157900, 110600, 78700, 49300, 43800, 86700, 453400, 120200, 51600, 45100, 42300, 48900] public_ns=43842900 bounds_ns=3026200 execute_ns=41320000 combined_ns=84300 cpp_ns=51300 source=ae83cf5b1e4efaa5 result=824b457e72415e3d
case op=copy-float w=2048 h=512 layout=padded public_raw=[43557000, 43289900, 43493400, 43690800, 46284000, 57050500, 50435500, 42676200, 42356100, 43033800, 43241500, 43400600, 45601000, 63713100, 64281300] bounds_raw=[1916500, 1897900, 2252700, 2183600, 3668000, 2527700, 3702800, 1925300, 1930200, 1925400, 1970000, 1925000, 3767200, 3798300, 3992300] execute_raw=[41886800, 41274800, 41310000, 41358600, 52849700, 53488900, 53252800, 44421900, 41191800, 41630600, 41449400, 40321200, 40160800, 58233400, 57561700] combined_raw=[288800, 285400, 293100, 563700, 397900, 392700, 418000, 379900, 353500, 415500, 665700, 358800, 449700, 510700, 398600] cpp_raw=[250100, 974300, 337600, 256300, 350300, 352800, 375100, 311800, 321100, 1791400, 341800, 318400, 261500, 458600, 618700] public_ns=43557000 bounds_ns=2183600 execute_ns=41630600 combined_ns=397900 cpp_ns=341800 source=f707132824e3b60b result=7e1f3007cb46713d
case op=copy-Pod w=2048 h=512 layout=padded public_raw=[47583100, 46701900, 45828300, 45059800, 46997100, 47701400, 46456500, 47177500, 47016200, 43716700, 42396300, 41169600, 47153100, 50822700, 43152100] bounds_raw=[3267600, 3115700, 3136400, 3045900, 3244000, 3064000, 3160900, 3117300, 3165000, 2925000, 2965400, 2711600, 6103700, 5407400, 2792300] execute_raw=[45436600, 45467000, 44749900, 44601100, 44998600, 45049300, 54875800, 45175700, 43906800, 40188700, 40326000, 39100400, 39307400, 48021700, 40847300] combined_raw=[956600, 1065700, 950700, 1366700, 1214400, 1041000, 1002100, 1030300, 1214100, 789500, 1119900, 647000, 602700, 776000, 939700] cpp_raw=[1014400, 982800, 1019400, 1331800, 1229500, 994000, 940000, 1011100, 1003700, 803200, 744900, 592500, 924800, 4166900, 1853700] public_ns=46701900 bounds_ns=3117300 execute_ns=44749900 combined_ns=1002100 cpp_ns=1003700 source=e31314711d294711 result=cd84131d95f48cf1
case op=convert-ubyte-float w=2048 h=512 layout=padded public_raw=[203318100, 228202000, 211658200, 205991900, 219268300, 208504700, 213639200, 200545600, 201559600, 201571000, 198596000, 190934100, 200015300, 198995300, 194586400] bounds_raw=[3215000, 3169300, 3353100, 3276100, 3296500, 3248300, 3342900, 3230600, 3305000, 3205300, 3156500, 2976400, 3216300, 3379700, 3200700] execute_raw=[253567700, 197294900, 194754200, 200024200, 206117900, 204371800, 207186900, 199609300, 206992100, 197234600, 187905700, 195563300, 188415200, 200345700, 191919800] combined_raw=[189600, 253400, 237600, 289100, 280200, 229100, 197200, 195000, 197300, 288500, 153900, 154800, 163100, 315400, 226000] cpp_raw=[177000, 264900, 223600, 252900, 342300, 224800, 187000, 181200, 175400, 190700, 152700, 150800, 156100, 159000, 474300] public_ns=201571000 bounds_ns=3230600 execute_ns=199609300 combined_ns=226000 cpp_ns=187000 source=ae83cf5b1e4efaa5 result=a6f0b1d68eba713d
case op=copy-ubyte w=2048 h=512 layout=negative-source public_raw=[41082800, 41183500, 41122500, 41131800, 51229600, 41170500, 41979300, 41091900, 41154400, 41952800, 41186100, 40911200, 41233400, 40978200, 40840400] bounds_raw=[3130100, 2853000, 2771000, 2770900, 2767600, 2775200, 2777600, 2768300, 2709700, 2783500, 2703500, 2719900, 3122000, 2705100, 2796800] execute_raw=[38284600, 39388900, 38934000, 38483600, 39678500, 38699600, 39052000, 38818900, 40418000, 39394500, 39055000, 38203900, 39033100, 38547500, 49490300] combined_raw=[44700, 79300, 77600, 44000, 49200, 43300, 42100, 45900, 43000, 44600, 52100, 43500, 73900, 55900, 58000] cpp_raw=[38300, 38300, 84800, 41700, 38000, 38700, 45500, 39400, 39200, 45600, 39300, 38700, 39400, 39400, 39100] public_ns=41154400 bounds_ns=2771000 execute_ns=39033100 combined_ns=45900 cpp_ns=39300 source=ae83cf5b1e4efaa5 result=824b457e72415e3d
case op=copy-float w=2048 h=512 layout=negative-source public_raw=[41374300, 41026400, 41193300, 40956600, 41696400, 41102800, 41041600, 40355000, 41218200, 41067800, 43312800, 41758000, 43898200, 44201100, 42775400] bounds_raw=[2034800, 1952700, 1935900, 1860200, 1872200, 1973100, 2065100, 2873800, 2032700, 1857800, 1919300, 2119700, 1871700, 1952800, 1952200] execute_raw=[40673600, 38877400, 39066400, 39094800, 38983900, 38364200, 39128700, 38804200, 38765900, 38460400, 38975300, 40915200, 41906200, 40779900, 40429900] combined_raw=[262100, 249900, 254100, 217000, 260500, 220500, 253300, 228000, 1184800, 232700, 265100, 270300, 322200, 312100, 262900] cpp_raw=[237200, 224200, 210700, 203800, 237300, 206800, 214900, 210100, 454800, 223800, 220900, 238700, 237900, 220900, 266400] public_ns=41218200 bounds_ns=1952700 execute_ns=39066400 combined_ns=260500 cpp_ns=223800 source=f707132824e3b60b result=7e1f3007cb46713d
case op=copy-Pod w=2048 h=512 layout=negative-source public_raw=[51056700, 42076400, 41887300, 40501600, 39501400, 39888900, 39842500, 51246600, 55606300, 57414100, 40777300, 42142400, 42093700, 42101000, 41208800] bounds_raw=[2678900, 3232300, 2696800, 2680200, 2605400, 2633900, 2706300, 2715000, 5015600, 2774300, 2867200, 2733000, 2831800, 2805200, 2708300] execute_raw=[39287500, 39837100, 40238800, 38057800, 39050100, 38202700, 45191800, 37560200, 53397000, 40089100, 39077800, 39815100, 39895200, 40216200, 52974200] combined_raw=[774700, 612100, 619800, 630800, 566500, 748900, 635400, 624000, 605300, 869300, 854300, 857200, 953400, 857500, 1112100] cpp_raw=[617700, 1083500, 644300, 806700, 557900, 583500, 553500, 582800, 628600, 820100, 915300, 827400, 845500, 845900, 929400] public_ns=42076400 bounds_ns=2715000 execute_ns=39837100 combined_ns=748900 cpp_ns=806700 source=a98d88b93a2d4711 result=cd84131d95f48cf1
case op=convert-ubyte-float w=2048 h=512 layout=negative-source public_raw=[211585100, 223055000, 217139000, 217216800, 203218200, 204876300, 195777600, 200607400, 193103000, 207750600, 201894800, 194013200, 200245200, 203874400, 200884800] bounds_raw=[3100300, 3185900, 3219800, 3276600, 3106300, 3059200, 3158300, 3011300, 3046000, 3208700, 3117500, 3035800, 3142400, 3352000, 3155800] execute_raw=[197660800, 196794700, 204255800, 208379800, 192677600, 197406500, 204222500, 206601500, 201467300, 209666200, 194787500, 192080500, 198806000, 191280600, 203072700] combined_raw=[407700, 431400, 412200, 431400, 391200, 1773100, 384700, 461800, 374200, 389500, 389600, 403800, 375400, 1144800, 384600] cpp_raw=[283600, 223400, 243000, 206500, 992200, 670100, 182400, 968000, 180800, 235500, 177400, 193500, 178600, 518700, 200400] public_ns=203218200 bounds_ns=3142400 execute_ns=198806000 combined_ns=403800 cpp_ns=223400 source=ae83cf5b1e4efaa5 result=a6f0b1d68eba713d
case op=copy-ubyte w=2048 h=512 layout=negative-both public_raw=[42769700, 43559400, 42895100, 42848700, 41376500, 41962500, 42562000, 44062500, 43189900, 43307400, 45718700, 43233700, 43294300, 43750800, 43649300] bounds_raw=[2789800, 2954200, 3050100, 2784900, 2702300, 2768900, 2640100, 2990900, 2911200, 2961300, 4027100, 2952300, 3264000, 2790900, 2902100] execute_raw=[39562000, 39514900, 40902500, 39954500, 40418100, 40465000, 38185100, 48867600, 41881300, 42184800, 43785500, 41250200, 40836900, 41340600, 40775200] combined_raw=[46900, 46000, 138200, 54300, 56200, 65000, 42500, 56700, 239100, 284200, 111400, 63500, 72900, 68000, 90300] cpp_raw=[38900, 134800, 45900, 40100, 50800, 41000, 37200, 39300, 344600, 165100, 135600, 39900, 101500, 41200, 54600] public_ns=43233700 bounds_ns=2911200 execute_ns=40836900 combined_ns=65000 cpp_ns=45900 source=ae83cf5b1e4efaa5 result=824b457e72415e3d
case op=copy-float w=2048 h=512 layout=negative-both public_raw=[42670700, 43531400, 43103400, 43066600, 45192800, 49527200, 41957900, 41089800, 44191600, 42848000, 42898400, 42513100, 42192600, 41293800, 43748900] bounds_raw=[1940500, 1897000, 1932100, 1937500, 1995400, 3706500, 1911800, 2013400, 1878200, 1938600, 1938200, 1980000, 1927900, 1863400, 1885300] execute_raw=[40846800, 40794600, 40280000, 40738700, 40877400, 45306100, 39025100, 39054100, 40493300, 49624400, 40606700, 40431000, 40900900, 38875900, 39014300] combined_raw=[282900, 281800, 506100, 257600, 301000, 294000, 247500, 274200, 298000, 295000, 298900, 288800, 290900, 249000, 263500] cpp_raw=[245200, 226200, 404600, 225400, 288200, 291500, 220400, 245900, 243600, 284800, 233900, 248300, 223100, 226500, 238500] public_ns=42898400 bounds_ns=1937500 execute_ns=40606700 combined_ns=288800 cpp_ns=243600 source=f707132824e3b60b result=7e1f3007cb46713d
case op=copy-Pod w=2048 h=512 layout=negative-both public_raw=[48408100, 46133000, 46083500, 46301300, 46100800, 44775200, 47042900, 46621200, 46188200, 46919500, 46268700, 46243600, 46651300, 45759300, 45514400] bounds_raw=[2989900, 3060000, 3071300, 3091200, 3002900, 2993900, 3107800, 6142600, 3058800, 2998200, 2940400, 2866700, 2934300, 2990400, 2992400] execute_raw=[44851100, 53761300, 43953300, 44543000, 43099700, 44367000, 44674200, 44469600, 44720300, 44478100, 42862800, 43149900, 44438000, 43698400, 53602600] combined_raw=[940000, 949500, 1000900, 947100, 967200, 968900, 941000, 944800, 988000, 959800, 916200, 1119100, 913200, 857000, 833700] cpp_raw=[894900, 1007300, 1379100, 975400, 942000, 937300, 1086300, 978900, 952900, 1114300, 863500, 1033000, 853200, 786600, 866100] public_ns=46243600 bounds_ns=2998200 execute_ns=44469600 combined_ns=947100 cpp_ns=952900 source=a98d88b93a2d4711 result=35d2d67477ff8cf1
case op=convert-ubyte-float w=2048 h=512 layout=negative-both public_raw=[218032700, 209793000, 202000500, 200964600, 201870100, 211329400, 202956300, 198501700, 198373500, 200578400, 202256800, 200096000, 200698000, 198751200, 198673100] bounds_raw=[3330500, 3384400, 3186900, 3325700, 3355500, 3315900, 3847000, 3217000, 3190000, 3601700, 3184200, 3185500, 3352300, 3244700, 3222800] execute_raw=[203483900, 207844800, 208096000, 195519500, 212271500, 208397600, 205063900, 204045900, 194195200, 208166500, 196100600, 196121300, 202991200, 196054400, 204865700] combined_raw=[432300, 433800, 457800, 440200, 579000, 664000, 458800, 413100, 398000, 528000, 416100, 413300, 404900, 414000, 475700] cpp_raw=[314100, 225900, 970500, 289400, 234500, 331800, 325000, 237700, 207600, 240200, 324900, 221500, 209400, 217300, 220300] public_ns=200964600 bounds_ns=3315900 execute_ns=204045900 combined_ns=433800 cpp_ns=237700 source=ae83cf5b1e4efaa5 result=a6f0b1d68eba713d
case op=copy-ubyte w=2048 h=512 layout=universal public_raw=[43831500, 43052300, 42773500, 43093400, 43986500, 44159800, 44304100, 44249500, 44706500, 44965900, 43732900, 44632800, 52648900, 43945300, 43724200] bounds_raw=[2926100, 2862700, 2866800, 2882000, 2972100, 2956100, 2976900, 2919800, 3005500, 3319300, 2912400, 2973800, 2946600, 2993500, 3033100] execute_raw=[44160700, 45000900, 43516500, 44420600, 54545100, 44466900, 44705700, 44819700, 44306600, 44515800, 44368400, 44127500, 45051100, 44717300, 44730700] combined_raw=[4587200, 4490300, 4415600, 4495300, 4587600, 4675300, 4557700, 4530400, 4528900, 4780400, 4679500, 4583000, 4583600, 4578300, 4462100] cpp_raw=[3045100, 2946700, 2859800, 3016800, 3030500, 3167600, 3046500, 2919800, 3027900, 2896100, 3005900, 3269400, 3168400, 3207000, 3272100] public_ns=43986500 bounds_ns=2956100 execute_ns=44515800 combined_ns=4578300 cpp_ns=3030500 source=546dc88cf162767b result=b53972f2ee1fc8cf
case op=copy-float w=2048 h=512 layout=universal public_raw=[43080100, 44490500, 43948800, 53446200, 44744800, 44989700, 43404000, 54868600, 45476700, 45639800, 44606100, 44409000, 50158700, 45685800, 44266400] bounds_raw=[2085600, 2146300, 2143100, 2195700, 2216800, 2380300, 2308700, 6768000, 2126400, 2479800, 2344600, 2173100, 2612400, 2063000, 2191900] execute_raw=[43883200, 45399000, 45177600, 45454400, 46287900, 45437400, 46777900, 55930800, 45214500, 45947000, 46985000, 46037500, 45516200, 44611200, 46904900] combined_raw=[3713400, 3921700, 4368000, 3928300, 3830300, 3867800, 4244800, 8432400, 6123600, 3917200, 3819800, 3928800, 3765300, 3644000, 3976100] cpp_raw=[2528200, 2534000, 2483500, 2526000, 2549800, 2436800, 2461500, 9535500, 6392900, 2811700, 2635800, 2619100, 2555200, 2503700, 2615300] public_ns=44744800 bounds_ns=2195700 execute_ns=45516200 combined_ns=3921700 cpp_ns=2549800 source=4f1036148aacde48 result=1d8ea0b52256e94f
case op=copy-Pod w=2048 h=512 layout=universal public_raw=[45251500, 45223300, 45855400, 46676900, 56150900, 45199700, 47732400, 45077500, 45296900, 45351500, 49774100, 44428200, 46511500, 56373800, 46310800] bounds_raw=[7056700, 3196100, 3257300, 3286200, 3256200, 3241700, 3198200, 3397100, 3665300, 4285800, 3539900, 3325400, 3798100, 3412600, 4407500] execute_raw=[47579000, 44749800, 47172900, 46230800, 46332300, 45523800, 44864800, 43983300, 48356300, 64543600, 47767400, 46454600, 46439300, 47664800, 46723100] combined_raw=[4921200, 5295300, 5050800, 5148400, 5449400, 4989100, 5544100, 4912700, 5371800, 10926200, 5139800, 5095200, 6237600, 5596400, 5217000] cpp_raw=[3296800, 3065800, 3411200, 3277900, 3245100, 3010700, 3233800, 2975300, 3144900, 3746300, 3058800, 2885500, 4223800, 3943000, 3003300] public_ns=45855400 bounds_ns=3397100 execute_ns=46454600 combined_ns=5217000 cpp_ns=3233800 source=196bf4d6cf5eb812 result=fc9731c7256835ba
case op=convert-ubyte-float w=2048 h=512 layout=universal public_raw=[130331900, 119974500, 118860800, 112584700, 117862400, 116993100, 113817200, 126875600, 116666200, 116990600, 115142400, 116463200, 115678800, 112125800, 117904800] bounds_raw=[3299400, 3479500, 3392600, 3314400, 3393300, 3400600, 3303000, 3309600, 3394900, 3324400, 3315400, 3411200, 3376300, 3282300, 3385000] execute_raw=[121906400, 120931800, 119175600, 126953100, 117048800, 116998400, 113838700, 117277100, 116519700, 112243900, 117270000, 125805500, 116504500, 117102400, 116811400] combined_raw=[3828200, 3618600, 3659600, 3501000, 3576000, 3494100, 3543200, 3575700, 3571500, 3463400, 3596400, 3584900, 3492700, 3668100, 3502800] cpp_raw=[828500, 928600, 769500, 889900, 765300, 738900, 718300, 781900, 703400, 963100, 735600, 731400, 756700, 666500, 731600] public_ns=116990600 bounds_ns=3376300 execute_ns=117102400 combined_ns=3575700 cpp_ns=756700 source=546dc88cf162767b result=24fea8e2dff2e94f
case op=copy-ubyte w=2048 h=512 layout=universal-negative public_raw=[43951900, 45229900, 44904900, 44972200, 44980800, 44448000, 45022300, 44291900, 42897400, 45557800, 45613000, 44504800, 45308300, 45403200, 43502000] bounds_raw=[2995700, 3060000, 3098700, 3115800, 3012000, 3088700, 3092100, 3001900, 2984800, 3129800, 2928900, 2941900, 3095100, 3097700, 3110700] execute_raw=[44573300, 43956200, 45412700, 45819200, 45479900, 46849000, 45307200, 45818600, 44624800, 45341400, 46133300, 45704400, 45501100, 55151200, 45093000] combined_raw=[4972800, 4809700, 4876100, 4905300, 4768300, 5569900, 4836100, 4611800, 4843100, 4884000, 4806900, 4783300, 4703700, 4543500, 4656300] cpp_raw=[2938900, 3128400, 3173400, 3208100, 3177900, 3150500, 3191200, 3074300, 3077800, 3136900, 3246000, 3111200, 3384900, 3267200, 3093500] public_ns=44972200 bounds_ns=3088700 execute_ns=45479900 combined_ns=4809700 cpp_ns=3150500 source=46067b9fc62767b result=6220d181b93fc8cf
case op=copy-float w=2048 h=512 layout=universal-negative public_raw=[45219400, 45157000, 44729400, 44946900, 54929200, 42706100, 44411900, 45296700, 44959000, 44413600, 44778600, 43665300, 43816300, 45059100, 45172400] bounds_raw=[2337500, 4026000, 2259500, 2274300, 2283500, 2217800, 2186200, 2215800, 2197300, 2278100, 2246700, 2272200, 2188200, 2313600, 2257800] execute_raw=[46378000, 46771800, 45910800, 45345400, 45333000, 42578300, 44898200, 46097200, 45872300, 45711600, 46183400, 45595000, 51953000, 46024700, 46120400] combined_raw=[3955600, 3851900, 3994500, 4035700, 3882400, 3722900, 3870800, 3963700, 3952600, 3972300, 3918200, 3900900, 3823300, 3856400, 3921700] cpp_raw=[2709700, 2708800, 2687000, 2681500, 2684000, 2699800, 2608400, 2671200, 2654900, 2577800, 2725100, 2739200, 2754200, 2646500, 2697000] public_ns=44946900 bounds_ns=2259500 execute_ns=45910800 combined_ns=3918200 cpp_ns=2687000 source=51109e231b84de48 result=d2e235024092e94f
case op=copy-Pod w=2048 h=512 layout=universal-negative public_raw=[43749600, 46220800, 46293900, 46554300, 43142900, 46633000, 46777300, 45017900, 45454100, 46897900, 46433000, 46843200, 44094800, 46789300, 47221400] bounds_raw=[3233300, 3304900, 3303500, 3261800, 3301900, 3380600, 3348400, 3078400, 3295900, 3417000, 3747400, 3415000, 4751800, 3776800, 3540700] execute_raw=[46545700, 47162400, 46751300, 45171300, 46506400, 56584800, 46645700, 46806800, 47223000, 47394100, 46508600, 47005800, 46203300, 47605000, 47965100] combined_raw=[5208200, 5124300, 5074600, 5086700, 5051100, 5044600, 5051600, 5102900, 4641500, 5145300, 5141800, 5101800, 4862500, 4846600, 5299300] cpp_raw=[3090800, 2929200, 2987800, 3085800, 2782100, 3098900, 3123400, 3002700, 2834100, 3240400, 2986200, 3249100, 2906800, 3464900, 3048000] public_ns=46433000 bounds_ns=3348400 execute_ns=46806800 combined_ns=5086700 cpp_ns=3048000 source=e1be015f3a91b812 result=17fc2f38b61735ba
case op=convert-ubyte-float w=2048 h=512 layout=universal-negative public_raw=[127067700, 130552200, 127137000, 126193600, 127665100, 128533800, 123068400, 125417700, 120193000, 121587600, 116885300, 127916100, 116340300, 114300100, 119648500] bounds_raw=[3600900, 4696900, 3309400, 3407500, 3332600, 3314400, 3826100, 3266200, 3066100, 3145600, 3065300, 3281000, 3109900, 3105100, 3181800] execute_raw=[141418000, 147239900, 128857100, 127071200, 136694700, 127197300, 133646900, 124788900, 117288500, 117338200, 116508200, 117062600, 118407100, 116877900, 122253900] combined_raw=[4862900, 3692800, 3576000, 4441600, 3480600, 3498700, 3487200, 3401300, 3721800, 3308100, 3220600, 3227000, 3230400, 3271200, 3308300] cpp_raw=[2439900, 750900, 733600, 827600, 733900, 1643300, 1063300, 767300, 696000, 766700, 604500, 597900, 605000, 593200, 690200] public_ns=125417700 bounds_ns=3281000 execute_ns=124788900 combined_ns=3480600 cpp_ns=733900 source=46067b9fc62767b result=940c5552cb46e94f
case op=copy-ubyte w=2048 h=512 layout=repeated-source public_raw=[45520400, 47677100, 44537400, 44958500, 43113800, 42767900, 43081300, 41917600, 43344100, 44701200, 42757100, 42534800, 42389600, 44264600, 43140000] bounds_raw=[3388100, 3542300, 2852200, 2845100, 2843700, 2770600, 2768500, 2769600, 2780300, 6744200, 2800500, 2795600, 2769800, 3134200, 2915000] execute_raw=[43772900, 46289500, 45913300, 40748900, 40629200, 39963700, 40352900, 40397900, 40451700, 40214700, 41476100, 40656800, 40706100, 40519000, 39533300] combined_raw=[34600, 70400, 48800, 34500, 42500, 35300, 33400, 34000, 33500, 33700, 74500, 33900, 33900, 33200, 33600] cpp_raw=[29300, 52900, 37900, 29500, 33000, 28700, 28600, 28600, 28300, 28900, 28900, 28400, 28400, 28600, 28700] public_ns=43140000 bounds_ns=2843700 execute_ns=40629200 combined_ns=34000 cpp_ns=28700 source=6e453727bce9f2a5 result=824b457e72415e3d
case op=copy-float w=2048 h=512 layout=repeated-source public_raw=[43197500, 44673400, 45648700, 45963000, 47058000, 45636800, 45789200, 45723100, 46264300, 45786400, 45526200, 45300600, 54338300, 45252500, 47004200] bounds_raw=[1915700, 2009900, 5432700, 1989700, 1977500, 1970400, 2055400, 2088400, 2093800, 2103500, 2082400, 1979000, 2025300, 2047000, 2063800] execute_raw=[41963900, 41632900, 42468400, 45052100, 43823300, 43171100, 43055700, 43184800, 43401900, 43471500, 43017900, 42981900, 42761800, 43102100, 43851600] combined_raw=[144200, 452200, 251000, 335100, 206800, 281900, 172400, 242900, 284300, 200400, 226500, 263500, 250700, 187900, 302800] cpp_raw=[182000, 228200, 225200, 313800, 909700, 191100, 200800, 180300, 199900, 228200, 171000, 175700, 165500, 157100, 218200] public_ns=45723100 bounds_ns=2047000 execute_ns=43102100 combined_ns=250700 cpp_ns=199900 source=1890cde25c8499ab result=7e1f3007cb46713d
case op=copy-Pod w=2048 h=512 layout=repeated-source public_raw=[44730000, 44879800, 43508600, 43366500, 53540700, 44040600, 47908500, 48757500, 45624000, 43067900, 42581300, 42234800, 52147800, 42529400, 42706400] bounds_raw=[2831000, 2707200, 2651000, 2690300, 2667000, 2619000, 2672600, 3119000, 2658100, 2908500, 2768300, 2464800, 2539000, 2541000, 2559700] execute_raw=[42566600, 42260300, 41749500, 41807400, 41702400, 41978600, 44494900, 46549100, 41332300, 40550300, 39199300, 39483400, 40007900, 40352700, 39722300] combined_raw=[308900, 311000, 384800, 571100, 521300, 296800, 328000, 353700, 311800, 235500, 197000, 210800, 205400, 372400, 205700] cpp_raw=[283200, 288900, 360100, 287200, 258600, 344000, 274900, 370800, 281300, 242300, 206800, 192700, 209300, 273400, 198700] public_ns=44040600 bounds_ns=2667000 execute_ns=41702400 combined_ns=311000 cpp_ns=274900 source=20f0ed2a5964e151 result=29ff1e71f7668cf1
case op=convert-ubyte-float w=2048 h=512 layout=repeated-source public_raw=[196628300, 205012100, 200261700, 197041900, 201653600, 199610300, 202028200, 205075900, 202635500, 198223700, 214273000, 200039500, 195839300, 193943600, 202359800] bounds_raw=[3253300, 3338600, 3115100, 3110100, 3184400, 3123600, 3262900, 3225800, 3208400, 3977700, 3199200, 3034700, 3040900, 3071000, 3091500] execute_raw=[191629100, 186639200, 205410700, 196079500, 203916900, 192583700, 194856300, 203523300, 195914200, 232405600, 192633200, 195069600, 203272900, 192179500, 216286800] combined_raw=[150000, 124000, 164200, 182500, 173000, 154100, 184000, 168700, 136200, 146700, 163600, 133000, 143800, 125600, 185700] cpp_raw=[127100, 124300, 143900, 142400, 198900, 138800, 138700, 161900, 133800, 130600, 130200, 134100, 135100, 142100, 131100] public_ns=200261700 bounds_ns=3184400 execute_ns=195914200 combined_ns=154100 cpp_ns=135100 source=6e453727bce9f2a5 result=a6f0b1d68eba713d
case op=copy-ubyte w=2048 h=512 layout=zero-source public_raw=[11289000, 11809300, 11925500, 11383400, 11705800, 11554100, 10980300, 10979800, 10979500, 10767300, 10941200, 10831400, 10904100, 10799400, 10586300] bounds_raw=[2894700, 2863900, 2906500, 2797400, 2856500, 2868800, 2950000, 2765300, 2768400, 2829700, 2871400, 2933300, 2701300, 2752500, 2770500] execute_raw=[11784700, 11879800, 12351600, 12174400, 12047200, 11989200, 11769400, 11476400, 11435300, 11308800, 11621400, 11393500, 11382000, 11338100, 11431000] combined_raw=[4552700, 4467300, 5131200, 4515300, 4425900, 4402000, 4490000, 4278300, 4272200, 4224300, 4227100, 4277000, 4240500, 4240300, 4331500] cpp_raw=[2936900, 3007000, 3061100, 3018300, 2913700, 3307100, 2775600, 2776300, 2771700, 2937800, 2815900, 2859500, 2731100, 2915800, 2858300] public_ns=10979800 bounds_ns=2856500 execute_ns=11621400 combined_ns=4331500 cpp_ns=2913700 source=ea3b47c803d61b61 result=f48fba1f72215e3d
case op=copy-float w=2048 h=512 layout=zero-source public_raw=[11328700, 20575300, 11334900, 11334800, 11609400, 11336900, 11316200, 12152900, 11366700, 11463100, 11323200, 11337400, 11426000, 11651000, 11334300] bounds_raw=[1906400, 1941300, 1883500, 1982400, 2043500, 1858200, 1947900, 2002700, 1910600, 1953300, 1925000, 1965000, 1946900, 1997900, 1971000] execute_raw=[12179100, 12190100, 12197400, 12332000, 12198300, 12192100, 12218100, 12639700, 12687100, 12692200, 12329500, 12415700, 12313800, 12698700, 12360000] combined_raw=[3618200, 3614900, 3547600, 3627300, 3501100, 3924400, 3641500, 3577400, 3653700, 3693400, 3791800, 3714500, 3722100, 3715900, 6142000] cpp_raw=[2301800, 2416800, 2411700, 2415600, 2319000, 2489600, 2411700, 2439800, 2469200, 2423600, 2403900, 2586400, 2453300, 2422900, 2543200] public_ns=11337400 bounds_ns=1947900 execute_ns=12329500 combined_ns=3653700 cpp_ns=2422900 source=3ee659a586185a17 result=3010c258495a713d
case op=copy-Pod w=2048 h=512 layout=zero-source public_raw=[11279000, 11449400, 11471600, 11256700, 11618700, 20708400, 11653700, 11391900, 11359600, 11257500, 11499400, 11743300, 11466200, 11616100, 11492100] bounds_raw=[2714200, 2598600, 2621400, 2649600, 2751800, 2606800, 2647700, 4727200, 2606200, 2587400, 2695400, 2736900, 2672100, 2681500, 2608000] execute_raw=[11856800, 12099300, 12013400, 12074800, 13662000, 12203600, 12056500, 12179800, 11893400, 11681800, 11780500, 12410400, 12300200, 12184300, 11867700] combined_raw=[4510600, 4602600, 4339000, 4542400, 4468800, 4537900, 4542800, 4449600, 4589300, 4373600, 4474400, 4476200, 4565600, 4584700, 4543200] cpp_raw=[2362600, 2383600, 2350600, 2459800, 2324900, 2411300, 2352100, 2325300, 2330000, 2321500, 2375900, 2323700, 2368800, 2377400, 2417300] public_ns=11471600 bounds_ns=2649600 execute_ns=12074800 combined_ns=4537900 cpp_ns=2362600 source=10734a11a61fbe06 result=14eb8df45bd38cf1
case op=convert-ubyte-float w=2048 h=512 layout=zero-source public_raw=[30461600, 30778600, 39437900, 30677300, 34435800, 35216300, 30873900, 30461700, 30514700, 30533100, 30487400, 30001200, 33223200, 30831800, 31104500] bounds_raw=[3234800, 3208800, 3196500, 3214200, 3584400, 3396900, 3315100, 3400700, 3105800, 3138000, 3110400, 3102300, 3254500, 3200400, 3444200] execute_raw=[30975000, 30697200, 31878700, 31219200, 32412400, 31601700, 31234200, 30738500, 30610200, 30560900, 30423000, 30400900, 33349800, 30907100, 30774200] combined_raw=[3400000, 3408700, 3470400, 3372700, 3596600, 3434100, 3404100, 3350100, 3340900, 3291600, 3285600, 3252500, 3655500, 4065200, 3263400] cpp_raw=[603900, 585100, 614900, 587000, 1101500, 598600, 657600, 585100, 585800, 728400, 580700, 631900, 631900, 593400, 651900] public_ns=30778600 bounds_ns=3214200 execute_ns=30907100 combined_ns=3400000 cpp_ns=603900 source=ea3b47c803d61b61 result=1ea1c940ba66713d
m3_copy_conversion_candidates PASS cases=96 sink=3470652223959823994
