contracts PASS four-public-paths four-operations invalid/shape/noninjective/overlap/empty/no-write shared-disjoint
semantic PASS cases=32 bitwise-copy all256-conversion source-padding
case op=copy-ubyte w=31 h=17 layout=contiguous public_raw=[100, 0, 0, 0, 0, 0, 0, 0, 0, 0, 0, 0, 0, 0, 0] bounds_raw=[0, 0, 0, 0, 0, 0, 0, 0, 0, 0, 0, 0, 0, 0, 0] execute_raw=[0, 0, 0, 0, 0, 0, 0, 0, 0, 0, 0, 0, 0, 0, 0] combined_raw=[0, 0, 0, 0, 0, 0, 0, 0, 0, 0, 0, 0, 0, 0, 0] cpp_raw=[0, 0, 0, 0, 0, 0, 0, 0, 0, 0, 0, 0, 0, 0, 0] public_ns=0 bounds_ns=0 execute_ns=0 combined_ns=0 cpp_ns=0 source=e1cb0bb018788cd9 result=6b280f993832c319
case op=copy-float w=31 h=17 layout=contiguous public_raw=[100, 100, 100, 100, 100, 100, 100, 100, 100, 100, 100, 100, 100, 100, 100] bounds_raw=[100, 100, 100, 100, 100, 100, 100, 100, 100, 100, 100, 100, 100, 100, 100] execute_raw=[100, 100, 100, 100, 100, 100, 100, 100, 100, 100, 100, 100, 100, 100, 100] combined_raw=[100, 100, 100, 100, 100, 100, 100, 100, 100, 100, 100, 100, 100, 100, 100] cpp_raw=[100, 100, 100, 100, 100, 100, 100, 100, 100, 100, 100, 100, 100, 100, 100] public_ns=100 bounds_ns=100 execute_ns=100 combined_ns=100 cpp_ns=100 source=6128204049c0da83 result=264b3169180ebd4b
case op=copy-Pod w=31 h=17 layout=contiguous public_raw=[100, 100, 100, 100, 100, 100, 100, 100, 100, 100, 100, 100, 100, 100, 100] bounds_raw=[100, 100, 100, 100, 100, 100, 100, 100, 100, 100, 100, 100, 100, 100, 100] execute_raw=[100, 100, 100, 100, 100, 100, 100, 100, 100, 100, 100, 100, 100, 100, 100] combined_raw=[100, 100, 100, 100, 100, 100, 100, 100, 100, 100, 100, 100, 100, 100, 100] cpp_raw=[100, 100, 100, 100, 100, 100, 100, 100, 100, 100, 100, 100, 100, 100, 100] public_ns=100 bounds_ns=100 execute_ns=100 combined_ns=100 cpp_ns=100 source=db360484f487691a result=968b62c61598975a
case op=convert-ubyte-float w=31 h=17 layout=contiguous public_raw=[1800, 1800, 1800, 1800, 1800, 1800, 1800, 1800, 1700, 1800, 1800, 1700, 1700, 1700, 1800] bounds_raw=[1800, 1800, 1800, 1800, 1800, 1800, 1800, 1800, 1800, 1800, 1800, 1700, 1800, 1800, 1800] execute_raw=[200, 200, 100, 200, 200, 200, 100, 200, 100, 200, 100, 200, 200, 100, 200] combined_raw=[200, 100, 100, 200, 100, 100, 100, 100, 100, 100, 100, 100, 100, 100, 100] cpp_raw=[100, 100, 100, 100, 100, 100, 100, 100, 100, 100, 100, 100, 100, 100, 100] public_ns=1800 bounds_ns=1800 execute_ns=200 combined_ns=100 cpp_ns=100 source=e1cb0bb018788cd9 result=1bb7b2c2179a648f
case op=copy-ubyte w=31 h=17 layout=padded public_raw=[43200, 43200, 43200, 43200, 43200, 43200, 43200, 55300, 43200, 43200, 43200, 43200, 43200, 43200, 43200] bounds_raw=[1400, 1400, 1400, 1400, 1400, 1400, 1400, 1500, 1400, 1400, 1400, 1400, 1400, 1400, 1400] execute_raw=[42200, 42100, 42100, 42200, 42100, 42100, 42100, 42100, 42200, 42100, 42100, 42100, 42100, 42100, 42100] combined_raw=[300, 300, 300, 200, 300, 300, 300, 300, 300, 300, 300, 300, 300, 300, 300] cpp_raw=[0, 0, 0, 0, 0, 0, 0, 0, 0, 0, 0, 0, 0, 0, 0] public_ns=43200 bounds_ns=1400 execute_ns=42100 combined_ns=300 cpp_ns=0 source=4d0b0939d89e40d9 result=5f21f5ea6035ff19
case op=copy-float w=31 h=17 layout=padded public_raw=[43200, 43300, 43200, 43200, 43200, 43200, 43200, 43200, 43200, 43200, 43200, 43200, 43200, 43200, 43200] bounds_raw=[1000, 1000, 1000, 1000, 1000, 1000, 1000, 1000, 1000, 1000, 1000, 1000, 1000, 1000, 1000] execute_raw=[45300, 42200, 42200, 42200, 42200, 42200, 42200, 42200, 42200, 42200, 44400, 42200, 42200, 42200, 42200] combined_raw=[300, 300, 300, 300, 300, 300, 300, 300, 300, 300, 300, 300, 300, 300, 300] cpp_raw=[100, 100, 100, 100, 100, 100, 100, 100, 100, 100, 100, 100, 100, 100, 100] public_ns=43200 bounds_ns=1000 execute_ns=42200 combined_ns=300 cpp_ns=100 source=ebb5b7eaf5f43283 result=3851810ac565964b
case op=copy-Pod w=31 h=17 layout=padded public_raw=[43300, 43300, 43300, 43300, 43300, 43300, 43300, 43300, 43300, 79800, 43300, 43300, 43200, 43300, 43300] bounds_raw=[1300, 1300, 1300, 1300, 1300, 1300, 1300, 1300, 1300, 1400, 1300, 1300, 1300, 1300, 1300] execute_raw=[42200, 42200, 45700, 42200, 42200, 42200, 58200, 42200, 42200, 71500, 42200, 42200, 42200, 42200, 42200] combined_raw=[300, 300, 400, 300, 300, 300, 300, 300, 300, 400, 300, 300, 300, 300, 300] cpp_raw=[100, 100, 100, 100, 100, 100, 100, 100, 100, 100, 100, 100, 100, 100, 100] public_ns=43300 bounds_ns=1300 execute_ns=42200 combined_ns=300 cpp_ns=100 source=b28d4f242a91b51a result=7438cdf3ee88135a
case op=convert-ubyte-float w=31 h=17 layout=padded public_raw=[197700, 197900, 197900, 200300, 197900, 197900, 197800, 200400, 197700, 197800, 199800, 197800, 200000, 197900, 197700] bounds_raw=[1600, 1500, 1500, 1600, 1500, 1500, 1600, 1600, 1500, 1500, 1600, 1500, 1600, 1500, 1500] execute_raw=[200100, 196700, 196600, 196800, 196600, 241500, 196800, 196700, 196800, 196900, 196800, 196700, 196900, 196800, 196700] combined_raw=[300, 200, 200, 200, 200, 200, 200, 200, 200, 200, 200, 200, 200, 200, 200] cpp_raw=[100, 100, 100, 100, 100, 100, 100, 100, 100, 100, 100, 100, 100, 100, 100] public_ns=197900 bounds_ns=1500 execute_ns=196800 combined_ns=200 cpp_ns=100 source=4d0b0939d89e40d9 result=5a1bf5670dd4dc8f
case op=copy-ubyte w=31 h=17 layout=negative-source public_raw=[43300, 43300, 43300, 43200, 43200, 43200, 43200, 43200, 43200, 43200, 43200, 43200, 43200, 43200, 43200] bounds_raw=[1400, 1400, 1400, 1400, 1400, 1400, 1400, 1400, 1400, 1500, 1400, 1400, 1400, 1400, 1400] execute_raw=[42200, 42200, 42200, 42200, 42200, 42200, 42200, 42200, 53800, 42200, 42200, 42200, 42200, 42200, 42200] combined_raw=[300, 300, 300, 300, 300, 300, 300, 300, 200, 300, 300, 300, 300, 200, 300] cpp_raw=[0, 0, 0, 0, 0, 0, 0, 0, 0, 0, 0, 0, 0, 0, 0] public_ns=43200 bounds_ns=1400 execute_ns=42200 combined_ns=300 cpp_ns=0 source=1218578f96e3de39 result=5f21f5ea6035ff19
case op=copy-float w=31 h=17 layout=negative-source public_raw=[43300, 45900, 43300, 43300, 43300, 43300, 43300, 43300, 43300, 43300, 43300, 45500, 43300, 43300, 43300] bounds_raw=[1000, 1000, 1000, 1000, 1000, 1000, 1000, 1000, 1000, 1000, 1000, 1000, 1000, 1000, 1000] execute_raw=[42200, 42300, 42300, 42300, 42300, 42300, 42200, 42200, 42200, 42200, 42300, 42300, 42300, 42200, 42200] combined_raw=[300, 300, 300, 300, 300, 300, 300, 300, 300, 300, 300, 300, 300, 300, 300] cpp_raw=[100, 100, 100, 100, 100, 100, 100, 100, 100, 100, 100, 100, 100, 100, 100] public_ns=43300 bounds_ns=1000 execute_ns=42300 combined_ns=300 cpp_ns=100 source=d55c0938ea65990b result=3851810ac565964b
case op=copy-Pod w=31 h=17 layout=negative-source public_raw=[43400, 43300, 43300, 43400, 43300, 43300, 43300, 43300, 43300, 43300, 43300, 43400, 43300, 43300, 43400] bounds_raw=[1300, 1300, 1300, 1300, 1300, 1300, 1300, 1300, 1300, 1300, 1300, 1300, 1300, 1300, 1300] execute_raw=[42300, 42300, 42300, 42300, 42300, 42300, 42300, 42300, 42300, 42300, 45800, 42300, 42300, 42300, 42300] combined_raw=[300, 300, 300, 300, 300, 300, 300, 300, 300, 300, 300, 300, 300, 300, 300] cpp_raw=[100, 100, 100, 100, 100, 100, 100, 100, 100, 100, 100, 100, 100, 100, 100] public_ns=43300 bounds_ns=1300 execute_ns=42300 combined_ns=300 cpp_ns=100 source=4cb52a65f8334f3a result=7438cdf3ee88135a
case op=convert-ubyte-float w=31 h=17 layout=negative-source public_raw=[197700, 197500, 197500, 197700, 233500, 197400, 197600, 197600, 197500, 197600, 197500, 197700, 197500, 244600, 197500] bounds_raw=[1600, 1500, 1500, 1500, 1600, 1500, 1500, 1500, 3900, 1500, 1600, 1500, 1500, 1600, 1500] execute_raw=[196400, 198600, 196600, 198700, 196400, 196500, 258800, 196500, 255100, 196600, 257900, 196600, 196600, 196600, 196600] combined_raw=[300, 300, 300, 300, 300, 300, 300, 300, 300, 300, 300, 300, 300, 300, 300] cpp_raw=[100, 100, 100, 100, 100, 100, 100, 100, 100, 100, 100, 100, 100, 100, 100] public_ns=197600 bounds_ns=1500 execute_ns=196600 combined_ns=300 cpp_ns=100 source=1218578f96e3de39 result=5a1bf5670dd4dc8f
case op=copy-ubyte w=31 h=17 layout=negative-both public_raw=[58900, 43200, 43200, 43200, 43200, 43200, 43200, 43200, 43100, 88500, 43200, 43200, 43100, 43200, 43200] bounds_raw=[1500, 1400, 1400, 1400, 1400, 1400, 1400, 1400, 1400, 1500, 1400, 1400, 1400, 1400, 1400] execute_raw=[42200, 42200, 42100, 42200, 42100, 42100, 42100, 42100, 42100, 42100, 42100, 42100, 42200, 42100, 42100] combined_raw=[300, 300, 300, 300, 300, 300, 300, 300, 200, 300, 300, 300, 300, 300, 300] cpp_raw=[0, 0, 0, 0, 0, 0, 0, 0, 0, 0, 0, 0, 0, 0, 0] public_ns=43200 bounds_ns=1400 execute_ns=42100 combined_ns=300 cpp_ns=0 source=1218578f96e3de39 result=14b2232dcdfde519
case op=copy-float w=31 h=17 layout=negative-both public_raw=[43200, 59800, 43300, 43200, 43200, 43200, 43200, 43200, 43200, 43200, 43200, 43200, 43200, 43200, 43300] bounds_raw=[1000, 1000, 1000, 1000, 1000, 1000, 900, 1000, 1000, 1000, 1000, 1000, 1000, 1000, 1000] execute_raw=[42200, 75800, 57800, 42200, 42200, 42200, 42200, 42200, 42200, 42200, 75400, 55300, 42200, 42200, 42200] combined_raw=[300, 400, 300, 300, 300, 300, 300, 300, 300, 300, 400, 300, 300, 300, 300] cpp_raw=[100, 100, 100, 100, 100, 100, 100, 100, 100, 100, 100, 100, 100, 100, 100] public_ns=43200 bounds_ns=1000 execute_ns=42200 combined_ns=300 cpp_ns=100 source=d55c0938ea65990b result=88af284ef50a9e03
case op=copy-Pod w=31 h=17 layout=negative-both public_raw=[43300, 46300, 43300, 43300, 43300, 43300, 43300, 43300, 43300, 43300, 43300, 43300, 43300, 43300, 43300] bounds_raw=[1300, 1300, 1300, 1300, 1300, 1300, 1300, 1300, 1300, 1300, 1300, 1300, 1300, 1300, 1300] execute_raw=[42200, 42200, 42300, 42200, 42200, 42200, 42200, 42200, 42200, 42300, 42200, 42200, 42200, 42200, 42200] combined_raw=[300, 300, 300, 300, 300, 400, 300, 300, 300, 400, 400, 400, 400, 300, 300] cpp_raw=[100, 100, 100, 100, 100, 100, 100, 100, 100, 100, 100, 100, 100, 100, 100] public_ns=43300 bounds_ns=1300 execute_ns=42200 combined_ns=300 cpp_ns=100 source=4cb52a65f8334f3a result=ba5b3439bff1663a
case op=convert-ubyte-float w=31 h=17 layout=negative-both public_raw=[198200, 198100, 198200, 200300, 198100, 198300, 198100, 198100, 200200, 198200, 198200, 198100, 221600, 232400, 198200] bounds_raw=[1600, 1500, 1600, 1500, 1500, 1500, 1500, 1500, 1600, 1500, 1500, 1500, 1600, 1600, 1500] execute_raw=[197100, 199500, 197200, 197300, 197200, 199200, 197200, 197200, 197300, 197200, 199100, 197200, 197100, 197400, 197400] combined_raw=[300, 300, 300, 300, 300, 300, 300, 300, 300, 300, 300, 300, 300, 300, 300] cpp_raw=[100, 100, 100, 100, 100, 100, 100, 100, 100, 100, 100, 100, 100, 100, 100] public_ns=198200 bounds_ns=1500 execute_ns=197200 combined_ns=300 cpp_ns=100 source=1218578f96e3de39 result=a84d7158b568dc8f
case op=copy-ubyte w=31 h=17 layout=universal public_raw=[57200, 43300, 43200, 43300, 43200, 43200, 63100, 43400, 46500, 43200, 76500, 92000, 43200, 43200, 43200] bounds_raw=[1400, 1400, 1400, 1500, 1400, 1400, 1400, 1400, 1400, 1400, 1500, 1400, 1400, 1400, 1400] execute_raw=[43600, 43500, 43500, 43500, 43500, 43500, 43900, 57600, 43500, 43500, 43500, 43600, 43400, 43500, 43500] combined_raw=[2200, 2200, 2200, 2200, 2200, 2200, 2200, 2200, 2200, 2200, 2200, 2200, 2200, 2200, 2200] cpp_raw=[1600, 1500, 1400, 1500, 1500, 1500, 1500, 1500, 1500, 1500, 1700, 1400, 1400, 1500, 1500] public_ns=43300 bounds_ns=1400 execute_ns=43500 combined_ns=2200 cpp_ns=1500 source=104e8d8f8fae3401 result=94a85d26ce182761
case op=copy-float w=31 h=17 layout=universal public_raw=[43200, 43200, 43200, 43200, 43200, 43200, 43200, 43100, 43200, 43200, 43200, 43200, 43200, 43200, 43200] bounds_raw=[1000, 1000, 1000, 1000, 1000, 1000, 1000, 1000, 1000, 1000, 1000, 1000, 1000, 1000, 1000] execute_raw=[43600, 43600, 43700, 43600, 43600, 43700, 43600, 43700, 43600, 43600, 43600, 43700, 43700, 43600, 43600] combined_raw=[1800, 1800, 1700, 1700, 1800, 1800, 1800, 1700, 1700, 1800, 1800, 1800, 1700, 1700, 1800] cpp_raw=[1200, 1200, 1200, 1200, 1200, 1200, 1200, 1200, 1200, 1200, 1200, 1200, 1200, 1200, 1200] public_ns=43200 bounds_ns=1000 execute_ns=43600 combined_ns=1800 cpp_ns=1200 source=48f4c2fdc1746a4f result=d2f02840ab86d547
case op=copy-Pod w=31 h=17 layout=universal public_raw=[43300, 43300, 43300, 43300, 43300, 43300, 43300, 43300, 43300, 43300, 43300, 43300, 43300, 43300, 43300] bounds_raw=[1300, 1300, 1300, 1300, 1300, 1300, 1300, 1300, 1300, 1300, 1300, 1300, 1300, 1300, 1300] execute_raw=[43500, 43500, 43500, 43500, 43500, 45600, 43500, 43500, 43500, 43500, 43500, 43500, 45600, 43500, 43500] combined_raw=[2200, 2200, 2200, 2200, 2200, 2200, 2200, 2200, 2200, 2200, 2200, 2200, 2200, 2200, 2200] cpp_raw=[1200, 1200, 1200, 1200, 1200, 1200, 1200, 1200, 1200, 1200, 1200, 1200, 1200, 1200, 1200] public_ns=43300 bounds_ns=1300 execute_ns=43500 combined_ns=2200 cpp_ns=1200 source=a443bfcbbed0823e result=e7d6d6f5c5dc3c8e
case op=convert-ubyte-float w=31 h=17 layout=universal public_raw=[114000, 111400, 111400, 111400, 113400, 111400, 111400, 111300, 113400, 111300, 111300, 111400, 111400, 111300, 111400] bounds_raw=[1600, 1500, 1500, 1500, 1600, 1500, 1500, 1500, 1600, 1500, 1500, 1500, 1600, 1500, 1500] execute_raw=[111900, 111800, 111900, 111900, 111900, 111900, 112000, 111800, 111900, 111800, 111900, 111900, 114000, 111900, 112000] combined_raw=[1700, 1600, 1600, 1600, 1600, 1600, 1600, 1600, 1600, 1600, 1600, 1600, 1600, 1600, 1600] cpp_raw=[300, 300, 300, 300, 300, 300, 300, 300, 300, 300, 300, 300, 300, 300, 300] public_ns=111400 bounds_ns=1500 execute_ns=111900 combined_ns=1600 cpp_ns=300 source=104e8d8f8fae3401 result=91affb8b2dfc4eb7
case op=copy-ubyte w=31 h=17 layout=universal-negative public_raw=[42200, 42200, 42200, 42000, 42100, 42100, 61600, 42100, 69800, 87100, 79000, 45400, 76500, 42200, 42000] bounds_raw=[1400, 1500, 1400, 1400, 1400, 1400, 1400, 1400, 1600, 2600, 1600, 1500, 2400, 1400, 1400] execute_raw=[45600, 42400, 42400, 42300, 42300, 42300, 42300, 55600, 107900, 76900, 45700, 73400, 70000, 42400, 42300] combined_raw=[2200, 2200, 2200, 2200, 2200, 2200, 2200, 2200, 2200, 21700, 2300, 2200, 2300, 2300, 2200] cpp_raw=[1500, 1500, 1500, 1500, 1500, 1400, 1400, 1500, 1400, 3000, 21100, 1500, 1600, 1500, 1500] public_ns=42200 bounds_ns=1400 execute_ns=42400 combined_ns=2200 cpp_ns=1500 source=705335b9cf6847c1 result=2bfddff94a971f61
case op=copy-float w=31 h=17 layout=universal-negative public_raw=[42000, 42100, 42300, 42400, 42200, 42100, 65600, 42100, 42200, 42100, 42300, 42200, 42100, 42100, 42100] bounds_raw=[1000, 1000, 1000, 1000, 1000, 1000, 1000, 1000, 1000, 1100, 1000, 1000, 1000, 1000, 1000] execute_raw=[42500, 42500, 42600, 42500, 42600, 65600, 56300, 55600, 42500, 42500, 42500, 42500, 42700, 42600, 42800] combined_raw=[1800, 1700, 1800, 1700, 1800, 1800, 1800, 1800, 1700, 1700, 1700, 1700, 1700, 1700, 1800] cpp_raw=[1200, 1200, 1200, 1200, 1200, 1200, 1200, 1200, 1200, 1200, 1200, 1200, 1200, 1200, 1200] public_ns=42100 bounds_ns=1000 execute_ns=42600 combined_ns=1700 cpp_ns=1200 source=eada538057fb86ef result=faa4d5eeeda68847
case op=copy-Pod w=31 h=17 layout=universal-negative public_raw=[43300, 64100, 43600, 62200, 42800, 80700, 45300, 43800, 65200, 42700, 42600, 42900, 79400, 42200, 42400] bounds_raw=[1600, 1400, 1500, 1500, 1700, 1600, 1400, 1800, 1600, 1600, 1300, 1400, 1600, 1400, 1400] execute_raw=[62900, 128900, 43700, 55700, 42800, 60400, 63200, 43700, 81300, 97700, 42600, 42500, 43100, 42600, 42500] combined_raw=[16200, 2800, 2400, 2200, 2200, 2400, 2700, 2300, 2200, 2600, 2300, 2300, 2600, 2200, 2200] cpp_raw=[1200, 1200, 1200, 1200, 1200, 1300, 1400, 1300, 1300, 1200, 1300, 1200, 23400, 1500, 1200] public_ns=43600 bounds_ns=1500 execute_ns=43700 combined_ns=2300 cpp_ns=1200 source=7483a89971f477de result=c1c9f074f82c752e
case op=convert-ubyte-float w=31 h=17 layout=universal-negative public_raw=[121100, 127000, 120400, 172400, 120500, 120600, 122800, 120900, 120800, 120900, 120800, 129200, 120600, 120600, 126300] bounds_raw=[1600, 1500, 1600, 1700, 1600, 1500, 1500, 1600, 1500, 1500, 1500, 1600, 1600, 1500, 1600] execute_raw=[121200, 121200, 121200, 121000, 121000, 121100, 121000, 121300, 121200, 121300, 135300, 121300, 121100, 121000, 121100] combined_raw=[1600, 1600, 1700, 1600, 1700, 1600, 1600, 1600, 1600, 1600, 1700, 1600, 1700, 1600, 1700] cpp_raw=[300, 300, 300, 300, 300, 300, 300, 300, 300, 300, 300, 300, 300, 300, 300] public_ns=120900 bounds_ns=1600 execute_ns=121200 combined_ns=1600 cpp_ns=300 source=705335b9cf6847c1 result=6cdfcfcdfb5c4eb7
case op=copy-ubyte w=31 h=17 layout=repeated-source public_raw=[43300, 43300, 43300, 43200, 43200, 43200, 48500, 43200, 43300, 43200, 43200, 43200, 43200, 43200, 43300] bounds_raw=[1400, 1400, 1400, 1400, 1400, 1400, 1400, 1500, 1400, 1400, 1400, 1400, 1400, 1400, 1400] execute_raw=[42200, 42200, 42200, 42200, 42200, 42200, 42200, 42300, 42200, 42200, 42200, 42200, 42200, 42200, 42200] combined_raw=[300, 200, 200, 300, 300, 300, 200, 300, 200, 200, 300, 200, 200, 200, 200] cpp_raw=[0, 0, 0, 0, 0, 0, 0, 0, 0, 0, 0, 0, 0, 0, 0] public_ns=43200 bounds_ns=1400 execute_ns=42200 combined_ns=200 cpp_ns=0 source=e456631d381264c9 result=79abf60b12593ba9
case op=copy-float w=31 h=17 layout=repeated-source public_raw=[42000, 41900, 41800, 41900, 41800, 41900, 41900, 41900, 41800, 41900, 41900, 41900, 41900, 41900, 41800] bounds_raw=[1000, 1000, 1000, 1000, 1000, 1000, 900, 1000, 1000, 1000, 1000, 1000, 1000, 1000, 1000] execute_raw=[40900, 40800, 40900, 40900, 40800, 40900, 40800, 40900, 40900, 40900, 44500, 81100, 40800, 40800, 40800] combined_raw=[300, 300, 300, 300, 300, 300, 300, 300, 300, 300, 300, 300, 300, 300, 300] cpp_raw=[100, 100, 100, 100, 100, 100, 100, 100, 100, 100, 100, 100, 100, 100, 100] public_ns=41900 bounds_ns=1000 execute_ns=40900 combined_ns=300 cpp_ns=100 source=187f646e4a13563f result=adddf47c9b74a697
case op=copy-Pod w=31 h=17 layout=repeated-source public_raw=[41900, 41900, 41900, 42000, 41900, 41900, 41900, 42000, 41900, 41900, 41900, 41900, 42000, 41900, 41900] bounds_raw=[1300, 1300, 1300, 1300, 1300, 1300, 1300, 1300, 1300, 1300, 1300, 1300, 1300, 1300, 1300] execute_raw=[40900, 40900, 40900, 40900, 40900, 40900, 40900, 40900, 40900, 40900, 40900, 40900, 43400, 40900, 40900] combined_raw=[300, 300, 300, 300, 300, 300, 300, 300, 300, 300, 300, 300, 300, 300, 300] cpp_raw=[100, 100, 100, 100, 100, 100, 100, 100, 100, 100, 100, 100, 100, 100, 100] public_ns=41900 bounds_ns=1300 execute_ns=40900 combined_ns=300 cpp_ns=100 source=af5c371632147dfa result=b77ad4f97670f65a
case op=convert-ubyte-float w=31 h=17 layout=repeated-source public_raw=[197700, 197900, 197900, 197900, 198100, 197800, 224600, 197800, 197800, 200300, 197900, 200600, 197700, 197900, 199900] bounds_raw=[1600, 1500, 1500, 1500, 1500, 1500, 1500, 1600, 1500, 1600, 1500, 1500, 1500, 1500, 1500] execute_raw=[196800, 196900, 199400, 197000, 263900, 196900, 196900, 209800, 196800, 196900, 196800, 197000, 196800, 196900, 196900] combined_raw=[200, 200, 200, 200, 200, 200, 200, 200, 200, 200, 200, 200, 200, 200, 200] cpp_raw=[100, 100, 100, 100, 100, 100, 100, 100, 100, 100, 100, 100, 100, 100, 100] public_ns=197900 bounds_ns=1500 execute_ns=196900 combined_ns=200 cpp_ns=100 source=e456631d381264c9 result=9364c6c0b904dc8f
case op=copy-ubyte w=31 h=17 layout=zero-source public_raw=[10400, 10400, 10400, 10400, 10400, 10400, 10400, 10400, 10400, 10400, 10400, 10400, 10400, 10400, 10400] bounds_raw=[1500, 1400, 1400, 1400, 1400, 1400, 1400, 1400, 1400, 1400, 1400, 1400, 1400, 1400, 1400] execute_raw=[10600, 10600, 10600, 10600, 10700, 10700, 10700, 10600, 10600, 10600, 10600, 10600, 10600, 10600, 10700] combined_raw=[2200, 2200, 2200, 2200, 2200, 2200, 2100, 2200, 2200, 2100, 2200, 2200, 2200, 2200, 2200] cpp_raw=[1400, 1500, 1400, 1400, 1400, 1500, 1400, 1500, 1400, 1400, 1400, 1400, 1400, 1500, 1500] public_ns=10400 bounds_ns=1400 execute_ns=10600 combined_ns=2200 cpp_ns=1400 source=53e35892b0900a36 result=c64ce8b5472789e4
case op=copy-float w=31 h=17 layout=zero-source public_raw=[10400, 10400, 10400, 10400, 10400, 10400, 10400, 10300, 10400, 10400, 10400, 10400, 10400, 10400, 10400] bounds_raw=[1000, 900, 900, 900, 900, 900, 1000, 900, 1000, 1000, 1000, 900, 900, 1000, 900] execute_raw=[10900, 10800, 10800, 10800, 10800, 10800, 10800, 10800, 10800, 10800, 10800, 10800, 10800, 10800, 10800] combined_raw=[1800, 1800, 1700, 1700, 1700, 1700, 1700, 1700, 1700, 1700, 1700, 1700, 1700, 1700, 1700] cpp_raw=[1200, 1200, 1200, 1200, 1200, 1200, 1200, 1200, 1200, 1200, 1200, 1200, 1200, 1200, 1200] public_ns=10400 bounds_ns=900 execute_ns=10800 combined_ns=1700 cpp_ns=1200 source=48a265c435185a17 result=a412cbd3d3c5dc8f
case op=copy-Pod w=31 h=17 layout=zero-source public_raw=[10600, 10600, 10600, 10600, 10600, 10600, 10600, 10600, 10600, 10600, 10600, 10700, 10600, 10600, 10600] bounds_raw=[1400, 1400, 1400, 1400, 1400, 1400, 1400, 1400, 1400, 1400, 1400, 1400, 1400, 1400, 1400] execute_raw=[10800, 10800, 10800, 10800, 10800, 10800, 10800, 10800, 10800, 10800, 10800, 10800, 10900, 10800, 10800] combined_raw=[2300, 2200, 2300, 2200, 2200, 2300, 2200, 2200, 2300, 2300, 2300, 2200, 2300, 2300, 2300] cpp_raw=[1200, 1200, 1200, 1200, 1200, 1200, 1200, 1200, 1200, 1200, 1200, 1200, 1200, 1200, 1200] public_ns=10600 bounds_ns=1400 execute_ns=10800 combined_ns=2300 cpp_ns=1200 source=6b0827ecdc4a539a result=3ed4b3ed28cdbf2
case op=convert-ubyte-float w=31 h=17 layout=zero-source public_raw=[28900, 28900, 28900, 29000, 28900, 28900, 28900, 29000, 28900, 29100, 28900, 28900, 28900, 70700, 28900] bounds_raw=[1500, 1500, 1500, 1500, 1500, 1500, 1500, 1500, 1500, 1500, 1500, 1500, 1500, 1600, 1500] execute_raw=[28900, 28900, 28900, 28800, 28900, 28800, 28900, 32700, 28900, 28900, 28900, 28900, 28900, 44900, 28900] combined_raw=[1600, 1600, 1600, 1600, 1600, 1600, 1600, 1700, 1600, 1600, 1600, 1600, 1600, 1600, 1700] cpp_raw=[300, 300, 300, 300, 300, 300, 300, 300, 300, 300, 300, 300, 300, 300, 300] public_ns=28900 bounds_ns=1500 execute_ns=28900 combined_ns=1600 cpp_ns=300 source=53e35892b0900a36 result=7db46195730ddc8f
case op=copy-ubyte w=256 h=128 layout=contiguous public_raw=[700, 700, 700, 700, 700, 700, 800, 700, 800, 700, 700, 700, 700, 700, 700] bounds_raw=[700, 700, 700, 700, 700, 700, 700, 700, 800, 800, 700, 700, 800, 700, 700] execute_raw=[700, 800, 700, 700, 700, 700, 700, 700, 900, 700, 700, 800, 800, 700, 700] combined_raw=[700, 800, 700, 700, 700, 700, 700, 800, 700, 700, 800, 700, 800, 700, 700] cpp_raw=[1200, 1100, 1000, 1000, 1000, 1200, 1000, 1100, 1100, 1100, 1100, 1000, 1000, 1000, 1000] public_ns=700 bounds_ns=700 execute_ns=700 combined_ns=700 cpp_ns=1000 source=e61b28efac3482a5 result=19f1026d069dd2bd
case op=copy-float w=256 h=128 layout=contiguous public_raw=[3100, 3200, 3100, 3100, 3300, 3200, 3100, 3100, 3100, 3200, 3100, 3100, 3100, 3100, 3200] bounds_raw=[3100, 3100, 3200, 3100, 3100, 3100, 3300, 3100, 3100, 3200, 3100, 3100, 3200, 3100, 4200] execute_raw=[3200, 3100, 3200, 3100, 3100, 3100, 3200, 3200, 3100, 3100, 3100, 3100, 3200, 3100, 3300] combined_raw=[3100, 3200, 3200, 3100, 3100, 3200, 3200, 3200, 3100, 3200, 3100, 3100, 3100, 3100, 3200] cpp_raw=[3800, 3900, 3900, 3900, 3800, 4000, 3900, 3900, 3800, 4000, 3900, 3900, 3900, 3900, 4000] public_ns=3100 bounds_ns=3100 execute_ns=3100 combined_ns=3100 cpp_ns=3900 source=94c035f8504217ab result=e20bab30ff99efbd
case op=copy-Pod w=256 h=128 layout=contiguous public_raw=[7500, 7500, 7500, 7500, 7500, 7500, 26500, 7400, 7400, 7500, 7500, 7700, 7500, 7400, 7500] bounds_raw=[7600, 7500, 7500, 7400, 7400, 7600, 7600, 7500, 7600, 7500, 7600, 7500, 29300, 7500, 7500] execute_raw=[7500, 7500, 7400, 7600, 7500, 7700, 7500, 7500, 7500, 7500, 7500, 7500, 7500, 7400, 7600] combined_raw=[7500, 7500, 7500, 7900, 7600, 7600, 7400, 7600, 7500, 7500, 7500, 11800, 7600, 7500, 7500] cpp_raw=[10000, 9800, 9800, 9800, 9700, 9900, 9800, 9800, 9800, 9700, 9900, 9800, 9800, 9800, 9800] public_ns=7500 bounds_ns=7500 execute_ns=7500 combined_ns=7500 cpp_ns=9800 source=780acdd2b0446151 result=3e08e0fcd50e93b1
case op=convert-ubyte-float w=256 h=128 layout=contiguous public_raw=[107100, 107900, 106400, 106400, 475300, 417900, 107600, 108100, 106800, 109200, 110500, 122800, 109100, 110000, 126600] bounds_raw=[763000, 772000, 1122600, 551400, 106600, 106600, 107900, 113600, 172600, 110500, 113500, 110400, 109900, 115700, 109000] execute_raw=[4100, 4100, 4000, 4200, 4000, 4000, 4000, 4100, 4200, 4200, 4200, 4100, 4200, 4300, 4100] combined_raw=[4000, 4000, 4100, 4100, 4000, 4100, 4000, 4000, 4100, 4100, 4100, 4100, 4100, 4200, 4100] cpp_raw=[4200, 4200, 4200, 4100, 4200, 4200, 4200, 4100, 4400, 4300, 4200, 4300, 4200, 4200, 4300] public_ns=109100 bounds_ns=113500 execute_ns=4100 combined_ns=4100 cpp_ns=4200 source=e61b28efac3482a5 result=8edc22d932e14fbd
case op=copy-ubyte w=256 h=128 layout=padded public_raw=[2513700, 2513400, 2525600, 2530600, 2514300, 2517200, 2516100, 2513900, 2515600, 2513500, 2516100, 2513900, 2513900, 2551700, 2516800] bounds_raw=[87000, 87000, 87000, 87100, 87000, 87000, 87000, 87000, 87000, 87000, 87000, 87000, 89500, 90000, 87000] execute_raw=[2440800, 2441000, 2438500, 2438500, 2440700, 2439000, 2487700, 2439000, 2440700, 2438600, 2438700, 2438800, 2440800, 2439200, 2438900] combined_raw=[2300, 2300, 2300, 2300, 2300, 2400, 2600, 2300, 2300, 2300, 2300, 2300, 2300, 2400, 2400] cpp_raw=[1200, 1200, 1100, 1100, 1200, 1200, 1200, 1200, 1200, 1200, 1100, 1100, 1200, 1100, 1100] public_ns=2515600 bounds_ns=87000 execute_ns=2439000 combined_ns=2300 cpp_ns=1200 source=e5a18b0018a9faa5 result=d702cf3fb5e29e3d
case op=copy-float w=256 h=128 layout=padded public_raw=[2500000, 2457600, 2876200, 2456900, 2459300, 2495500, 2455500, 2455500, 2455300, 2512500, 2456900, 2510300, 2455400, 2455000, 2455100] bounds_raw=[56800, 59700, 56900, 70600, 56800, 56800, 56700, 56800, 56900, 56800, 56800, 56700, 56700, 56800, 56800] execute_raw=[2389200, 2388100, 2511400, 2399200, 2387000, 2389800, 2387700, 2389000, 2494600, 2388100, 2386700, 2387200, 2388100, 2388900, 2456500] combined_raw=[5200, 5100, 5200, 9300, 5200, 5100, 5200, 5100, 9200, 5100, 5100, 5100, 5200, 9200, 5200] cpp_raw=[4100, 4100, 20900, 4000, 4100, 4100, 4100, 4100, 4000, 4100, 4100, 4100, 4000, 4000, 4000] public_ns=2456900 bounds_ns=56800 execute_ns=2388900 combined_ns=5200 cpp_ns=4100 source=36662a215b68a60b result=bf1783c6025d513d
case op=copy-Pod w=256 h=128 layout=padded public_raw=[2605500, 2461600, 2532700, 2457700, 2461500, 2531200, 2457200, 2455900, 2458400, 2455800, 2455900, 2459800, 2455700, 2515000, 2456000] bounds_raw=[77800, 77700, 77700, 77700, 77800, 77800, 77700, 80600, 77800, 77700, 80500, 77800, 77800, 77900, 77700] execute_raw=[2398200, 2393500, 2393600, 2393800, 2394100, 2392200, 2395100, 2394000, 2392100, 2392000, 2464500, 2392000, 2392100, 2392200, 2394300] combined_raw=[11000, 11100, 11100, 13300, 10900, 11100, 11000, 11000, 14300, 11000, 11000, 10900, 11000, 14200, 10800] cpp_raw=[10300, 10300, 10300, 10300, 10300, 10400, 10300, 10300, 10300, 10400, 10300, 10300, 10300, 10300, 10300] public_ns=2458400 bounds_ns=77800 execute_ns=2393600 combined_ns=11000 cpp_ns=10300 source=49f9223bca7c6711 result=6d7da255f160ecf1
case op=convert-ubyte-float w=256 h=128 layout=padded public_raw=[11513200, 11543000, 11604700, 11653200, 11679800, 11927700, 11986100, 11708400, 11605800, 11764300, 11637800, 11659200, 11863300, 11662700, 11799200] bounds_raw=[90900, 90800, 93000, 93000, 93000, 96000, 92900, 93100, 93000, 93100, 93000, 92900, 93200, 96000, 93000] execute_raw=[11374100, 11342800, 11532200, 11642000, 12038600, 11716500, 11546100, 12138900, 11694500, 11703900, 11662000, 11574900, 11711400, 11600900, 12047700] combined_raw=[4200, 4300, 4300, 4300, 4500, 4500, 4400, 5100, 4400, 4400, 4400, 4300, 4800, 4400, 4600] cpp_raw=[4200, 4200, 4300, 4300, 4300, 4400, 4300, 4400, 4300, 4400, 4400, 4300, 4400, 4300, 4400] public_ns=11662700 bounds_ns=93000 execute_ns=11662000 combined_ns=4400 cpp_ns=4300 source=e5a18b0018a9faa5 result=8d94738f899eb13d
case op=copy-ubyte w=256 h=128 layout=negative-source public_raw=[2458600, 2484000, 2556500, 2749100, 3230500, 2718600, 2467100, 2459400, 2505300, 2731900, 2540300, 2501800, 2526600, 2606800, 2537500] bounds_raw=[118000, 111600, 85500, 85500, 86000, 85800, 119200, 85400, 86500, 86500, 85400, 85400, 85400, 85700, 87600] execute_raw=[2771900, 2396900, 2467000, 3441600, 2570600, 2518000, 2386800, 2386000, 2486000, 2390400, 2417100, 2389700, 2600000, 2573600, 2446900] combined_raw=[2300, 2400, 2300, 2400, 3000, 2400, 2300, 2200, 2300, 2700, 2400, 2200, 2300, 2300, 2300] cpp_raw=[1100, 1100, 1100, 1100, 1200, 1200, 1100, 1100, 1100, 1600, 1100, 1100, 1100, 1100, 1100] public_ns=2537500 bounds_ns=85800 execute_ns=2467000 combined_ns=2300 cpp_ns=1100 source=e5a18b0018a9faa5 result=d702cf3fb5e29e3d
case op=copy-float w=256 h=128 layout=negative-source public_raw=[2520300, 2539700, 2589800, 2521600, 2518300, 2521500, 2520000, 2517300, 2517600, 2517200, 2521200, 2516800, 2516800, 2518500, 2519200] bounds_raw=[58000, 58000, 58200, 58100, 58100, 58000, 60800, 58100, 58000, 58100, 58000, 58000, 58100, 58100, 58100] execute_raw=[2450900, 2508600, 2538600, 2448300, 2496400, 2447700, 2449200, 2447900, 2449400, 2447300, 2449000, 2447600, 2449200, 2447400, 2447400] combined_raw=[5500, 5900, 7500, 5600, 5500, 5400, 5500, 5600, 9500, 5600, 5600, 5500, 5500, 9500, 5500] cpp_raw=[4400, 4300, 4400, 4300, 4400, 4300, 4400, 4500, 4400, 4400, 4300, 4400, 4400, 4300, 4400] public_ns=2519200 bounds_ns=58100 execute_ns=2449000 combined_ns=5600 cpp_ns=4400 source=36662a215b68a60b result=bf1783c6025d513d
case op=copy-Pod w=256 h=128 layout=negative-source public_raw=[2460800, 2867100, 2469500, 2461300, 2461900, 2461100, 2459700, 2458800, 2461200, 2532500, 2461400, 2537100, 2575400, 5516500, 3070100] bounds_raw=[78200, 78200, 78400, 78200, 78300, 78200, 78200, 80800, 78200, 81000, 78200, 78200, 78200, 78200, 78200] execute_raw=[2394500, 2447000, 2442200, 2406400, 2397100, 2394800, 2396800, 2396700, 2394700, 2399200, 2396700, 2398200, 2396000, 6257600, 2394700] combined_raw=[11400, 34600, 13500, 13800, 11400, 11300, 11400, 11400, 13800, 11400, 11400, 11300, 13800, 13800, 11400] cpp_raw=[10400, 10400, 10700, 10300, 10300, 10200, 10200, 10100, 10300, 10300, 10200, 10200, 10200, 10300, 10300] public_ns=2461900 bounds_ns=78200 execute_ns=2396800 combined_ns=11400 cpp_ns=10300 source=7247388808cf2711 result=6d7da255f160ecf1
case op=convert-ubyte-float w=256 h=128 layout=negative-source public_raw=[11674900, 12385900, 11415100, 11351700, 11464000, 11535800, 11621100, 11691800, 11613500, 11674200, 11928800, 12133400, 11525500, 11468100, 11721800] bounds_raw=[92800, 92700, 90800, 90600, 101200, 90700, 92700, 92800, 95200, 92800, 90800, 90700, 90800, 93000, 92800] execute_raw=[11665900, 11565200, 12614500, 11653500, 11369700, 11638300, 11632700, 11679900, 11621800, 11662500, 12194200, 11421900, 11830800, 11372800, 11629800] combined_raw=[11200, 10900, 11200, 10800, 10900, 11100, 11000, 11100, 11100, 10900, 11100, 10700, 10900, 10800, 11100] cpp_raw=[4300, 4200, 4300, 4200, 4200, 4300, 4300, 4300, 4300, 4300, 4300, 4200, 4200, 4200, 4300] public_ns=11621100 bounds_ns=92700 execute_ns=11638300 combined_ns=11000 cpp_ns=4300 source=e5a18b0018a9faa5 result=8d94738f899eb13d
case op=copy-ubyte w=256 h=128 layout=negative-both public_raw=[2560600, 2458000, 2458000, 2567400, 2457600, 2455800, 2530300, 2458300, 2455700, 2458300, 2455900, 2452900, 2551000, 2873800, 2400800] bounds_raw=[85300, 85300, 85400, 85400, 85400, 85400, 85300, 85400, 85300, 85400, 85400, 85300, 96300, 83700, 83400] execute_raw=[2382200, 2384000, 2382000, 2382600, 2384100, 2384600, 2384000, 2384000, 2382200, 2495900, 2426700, 2386100, 2333500, 2426100, 2329900] combined_raw=[2300, 2200, 2200, 2200, 2200, 2300, 2200, 2200, 2200, 2300, 2400, 2200, 2200, 2200, 2200] cpp_raw=[1000, 1000, 1000, 1000, 1000, 1000, 1000, 1000, 1000, 1000, 1000, 1000, 1000, 900, 1000] public_ns=2458000 bounds_ns=85400 execute_ns=2384000 combined_ns=2200 cpp_ns=1000 source=e5a18b0018a9faa5 result=d702cf3fb5e29e3d
case op=copy-float w=256 h=128 layout=negative-both public_raw=[2402700, 2434900, 2400100, 2399600, 2400200, 2400700, 2400000, 2400100, 2501900, 2402400, 2402100, 2401900, 2402000, 2423800, 2512300] bounds_raw=[55900, 55800, 55900, 55900, 55900, 55900, 55800, 55900, 58500, 55900, 55900, 58400, 173900, 57200, 57200] execute_raw=[2335600, 2333300, 2335300, 2335500, 2535200, 2341200, 2336600, 2334700, 2333400, 2333400, 2333200, 2515400, 2333200, 2387700, 2390000] combined_raw=[4900, 7700, 5000, 9200, 4900, 5000, 4900, 5000, 9100, 5000, 4900, 5000, 5000, 9200, 5000] cpp_raw=[3900, 3900, 3800, 3900, 3900, 3900, 3800, 3800, 3800, 3900, 3900, 3800, 3900, 3900, 4000] public_ns=2402000 bounds_ns=55900 execute_ns=2335500 combined_ns=5000 cpp_ns=3900 source=36662a215b68a60b result=bf1783c6025d513d
case op=copy-Pod w=256 h=128 layout=negative-both public_raw=[2469800, 2456400, 2456800, 2455800, 2456500, 2532900, 2456100, 2533500, 2455900, 2457700, 2578700, 2748700, 2650100, 2754000, 2474500] bounds_raw=[78100, 78100, 78100, 78100, 78100, 78100, 78100, 78100, 78100, 78100, 78100, 78100, 78400, 78300, 78200] execute_raw=[2392000, 2397600, 2394100, 2391900, 2392500, 2392100, 2391900, 2392200, 2391700, 2394400, 2394700, 2392000, 2421800, 2439500, 2402200] combined_raw=[10000, 10000, 10100, 14000, 10100, 10100, 10000, 10000, 13900, 10200, 10000, 10200, 10300, 10400, 10200] cpp_raw=[9100, 9100, 9000, 9000, 9100, 9100, 9000, 9000, 9100, 9100, 9100, 22300, 9200, 9300, 9000] public_ns=2469800 bounds_ns=78100 execute_ns=2392500 combined_ns=10100 cpp_ns=9100 source=7247388808cf2711 result=9cc58c133fed2cf1
case op=convert-ubyte-float w=256 h=128 layout=negative-both public_raw=[11767400, 11764600, 11671900, 11592800, 11665500, 11738700, 11530100, 11506300, 11324800, 11476400, 17790600, 11711800, 11592700, 11748500, 12097800] bounds_raw=[92700, 92600, 92700, 92700, 96400, 92700, 90700, 90700, 135000, 90600, 395400, 92600, 92700, 92700, 110100] execute_raw=[11704800, 11535000, 11605000, 11627400, 11532500, 12058100, 12227800, 11347300, 11231900, 11595400, 13784100, 11535600, 11702500, 12200300, 11684600] combined_raw=[11200, 11100, 11200, 11000, 11100, 11300, 10900, 11000, 10700, 11100, 11200, 11100, 11100, 11000, 35700] cpp_raw=[4300, 4300, 4300, 4300, 4300, 4300, 4200, 4200, 4200, 4200, 4400, 4300, 4300, 4300, 4700] public_ns=11671900 bounds_ns=92700 execute_ns=11627400 combined_ns=11100 cpp_ns=4300 source=e5a18b0018a9faa5 result=8d94738f899eb13d
case op=copy-ubyte w=256 h=128 layout=universal public_raw=[2458900, 2459600, 2457800, 2455700, 2458100, 2457500, 2580200, 2457800, 2455900, 2570900, 2461900, 2458000, 5521600, 2629700, 2455700] bounds_raw=[85400, 85400, 85500, 85400, 85500, 85400, 85400, 85500, 85500, 85500, 85500, 85400, 85500, 85500, 88000] execute_raw=[2471300, 2591100, 2471100, 2556500, 2473200, 2470900, 2473300, 2473700, 2471200, 2473100, 2474300, 2471200, 4387300, 2590200, 2471100] combined_raw=[133700, 131300, 131300, 131300, 131300, 131300, 131300, 131300, 131200, 137800, 131300, 131300, 131300, 131200, 131300] cpp_raw=[84900, 85100, 84900, 100200, 85200, 84800, 85100, 85100, 85300, 100200, 85400, 85100, 390900, 85200, 85100] public_ns=2458100 bounds_ns=85500 execute_ns=2473200 combined_ns=131300 cpp_ns=85100 source=2ca74caf843b767b result=186aee41ab7388cf
case op=copy-float w=256 h=128 layout=universal public_raw=[2455800, 2458400, 2458500, 2457900, 2458300, 2575300, 2458300, 2550200, 2827100, 2472200, 2826200, 2402800, 2432900, 2477100, 2400000] bounds_raw=[58500, 58300, 58300, 58400, 58300, 58400, 58200, 57100, 57400, 57100, 57000, 57200, 59400, 57000, 56900] execute_raw=[2483400, 2485900, 2566700, 2485400, 2483900, 2483300, 2485400, 2453900, 2554200, 2428400, 3498300, 2449600, 2462900, 2427000, 2426800] combined_raw=[105800, 105700, 105800, 105700, 105700, 108400, 105700, 103400, 103400, 103400, 103900, 103500, 103400, 103400, 103400] cpp_raw=[69500, 69400, 69400, 69400, 69400, 69400, 69400, 67800, 67900, 103300, 68100, 68100, 68000, 68000, 68000] public_ns=2458400 bounds_ns=58200 execute_ns=2483400 combined_ns=103900 cpp_ns=69400 source=2602f36fdf024e48 result=a35a34c9a114294f
case op=copy-Pod w=256 h=128 layout=universal public_raw=[2332800, 2333900, 2332500, 2430200, 2365100, 2439800, 2389400, 2387100, 2395500, 2506200, 2387100, 2387200, 2389600, 2472900, 2427400] bounds_raw=[76300, 76800, 76300, 76300, 78100, 78000, 78000, 78000, 80700, 78100, 78000, 78000, 78000, 78000, 78000] execute_raw=[2435900, 2349700, 2350000, 2390800, 2404700, 2404200, 2404800, 2489300, 2404900, 2407500, 2404400, 2449200, 2404800, 2404400, 2406100] combined_raw=[128400, 130800, 128400, 144000, 131300, 131300, 131300, 131400, 131200, 131300, 131400, 131300, 131400, 131400, 131500] cpp_raw=[99900, 67900, 67900, 67900, 70900, 69500, 69500, 69500, 69500, 69500, 69500, 69500, 69500, 72000, 69500] public_ns=2389400 bounds_ns=78000 execute_ns=2404800 combined_ns=131300 cpp_ns=69500 source=e9e6a4e830f5d812 result=65aae9126466d5ba
case op=convert-ubyte-float w=256 h=128 layout=universal public_raw=[6602700, 6533300, 6635400, 6527700, 6601400, 6648700, 6515900, 6660400, 6537200, 6530100, 6518300, 6515900, 6529900, 6700200, 6685700] bounds_raw=[93300, 93200, 93200, 93100, 93200, 93200, 95600, 93200, 93200, 93200, 93200, 93100, 95900, 91000, 91100] execute_raw=[7233300, 6570100, 6553800, 6558300, 6570200, 6555800, 6636900, 6554400, 6694000, 6640100, 6555600, 6638600, 6672600, 7057100, 7231600] combined_raw=[98300, 98300, 98000, 98100, 98100, 98000, 97900, 98000, 98100, 98000, 98000, 100700, 98200, 98000, 96100] cpp_raw=[18200, 18100, 18300, 18300, 18300, 18300, 18300, 18400, 18300, 18300, 18300, 18100, 18100, 18100, 55100] public_ns=6537200 bounds_ns=93200 execute_ns=6636900 combined_ns=98000 cpp_ns=18300 source=2ca74caf843b767b result=9981b35893e1a94f
case op=copy-ubyte w=256 h=128 layout=universal-negative public_raw=[2339100, 2339300, 2515900, 2340300, 2336800, 2403700, 2336700, 2617900, 2543900, 2339200, 2396900, 2391100, 2391200, 2391300, 2391500] bounds_raw=[83500, 83400, 83500, 83500, 83500, 203600, 83500, 83500, 83500, 83500, 85400, 85400, 85400, 85400, 85400] execute_raw=[2353500, 2354200, 2352300, 2352100, 2418400, 2354500, 2351900, 2352300, 2365200, 2352100, 2407100, 2490200, 2406900, 2489100, 2409300] combined_raw=[128300, 128300, 128300, 128300, 128300, 128300, 128300, 128300, 128300, 128300, 131300, 131300, 131300, 131300, 131300] cpp_raw=[83000, 83200, 83200, 83400, 83300, 83100, 83300, 83500, 83300, 83200, 87600, 85100, 87600, 84900, 88400] public_ns=2391200 bounds_ns=83500 execute_ns=2354500 combined_ns=128300 cpp_ns=83300 source=aee6fc6fec93767b result=e78d431e19cc88cf
case op=copy-float w=256 h=128 layout=universal-negative public_raw=[2391500, 2391100, 2426200, 2391500, 2393100, 2423500, 2391100, 2391300, 2460100, 2391500, 2383700, 2414200, 2336900, 2336800, 2527300] bounds_raw=[57700, 60200, 57700, 57600, 57600, 57600, 57600, 57600, 60600, 57600, 56300, 56300, 56300, 56300, 61900] execute_raw=[2421100, 2420100, 2420500, 2420400, 2418400, 2418400, 2418600, 2418400, 2418400, 2420200, 2369100, 2972300, 2445900, 2937200, 2368200] combined_raw=[105300, 105300, 105200, 105200, 105300, 105200, 107800, 105300, 105300, 105400, 105600, 103200, 102900, 102800, 106400] cpp_raw=[69600, 69600, 69600, 69600, 69600, 72200, 69600, 69600, 69600, 69600, 68000, 116100, 68000, 68000, 111300] public_ns=2391500 bounds_ns=57600 execute_ns=2420100 combined_ns=105300 cpp_ns=69600 source=a257b6291ff8ce48 result=6438f003893e294f
case op=copy-Pod w=256 h=128 layout=universal-negative public_raw=[2338900, 2337700, 2346800, 2437000, 2337600, 2337400, 2337500, 2489300, 2392900, 2392000, 2394000, 2394600, 2425500, 2392000, 2392000] bounds_raw=[76900, 76900, 76900, 77000, 76800, 76900, 76900, 78600, 78700, 78600, 78600, 78800, 78700, 78600, 78600] execute_raw=[2355800, 2531400, 2355300, 2357400, 2362900, 2532700, 2357200, 2422700, 2412000, 2443200, 2480600, 6105200, 2411800, 2411900, 2412300] combined_raw=[131600, 131700, 129000, 128900, 129000, 131300, 128900, 134400, 132000, 132000, 132100, 132000, 134600, 131900, 135100] cpp_raw=[67900, 67900, 67900, 67900, 67900, 67900, 67900, 69500, 69500, 69500, 69500, 69500, 69500, 69400, 69500] public_ns=2392000 bounds_ns=78600 execute_ns=2412000 combined_ns=131900 cpp_ns=69400 source=9d3846764beed812 result=da53e1b7f4d855ba
case op=convert-ubyte-float w=256 h=128 layout=universal-negative public_raw=[7908300, 6528000, 6846300, 6874400, 6502100, 7371300, 6799500, 6894300, 6831500, 6814600, 6815000, 6814200, 6859600, 6946500, 7002700] bounds_raw=[143200, 90900, 91100, 90900, 90900, 91200, 93500, 95400, 95300, 95300, 95200, 95300, 95300, 91000, 91100] execute_raw=[6749000, 7536900, 6742500, 6755800, 6903800, 6807300, 6545500, 6858200, 6857900, 6852400, 6856200, 6851600, 6852800, 7292100, 7354000] combined_raw=[96000, 165800, 98800, 95900, 128000, 96000, 95800, 100500, 100500, 100600, 100500, 100500, 100400, 100600, 107300] cpp_raw=[18000, 17900, 17700, 17900, 18000, 18000, 17900, 18600, 18800, 18800, 18800, 18800, 18700, 18600, 18000] public_ns=6846300 bounds_ns=93500 execute_ns=6852800 combined_ns=100500 cpp_ns=18000 source=aee6fc6fec93767b result=b595bddcda97a94f
case op=copy-ubyte w=256 h=128 layout=repeated-source public_raw=[2357200, 2325600, 2499600, 2606700, 2855500, 2435100, 2459400, 2325300, 2325300, 2327300, 2527000, 2325400, 2370200, 2381100, 2381800] bounds_raw=[85300, 83000, 83100, 83100, 125200, 83100, 83100, 83000, 83100, 83100, 83200, 83000, 85000, 85000, 85000] execute_raw=[2307400, 2254000, 2253400, 2605800, 2542500, 2323500, 2359400, 2288200, 2253500, 2253600, 2254200, 2256100, 2253500, 2373000, 2306100] combined_raw=[2000, 2000, 2000, 2000, 2200, 2000, 2100, 2000, 2000, 2000, 2000, 2000, 1900, 2000, 2000] cpp_raw=[800, 800, 800, 800, 900, 800, 800, 800, 800, 800, 800, 800, 800, 800, 800] public_ns=2381100 bounds_ns=83100 execute_ns=2288200 combined_ns=2000 cpp_ns=800 source=b801a0f8ceb910a5 result=d702cf3fb5e29e3d
case op=copy-float w=256 h=128 layout=repeated-source public_raw=[2379500, 2384100, 2379800, 2452500, 2379800, 2379800, 2415300, 2382200, 2384800, 2380700, 2380000, 2382700, 2382400, 2456100, 2379900] bounds_raw=[56800, 56700, 56700, 56700, 56700, 56700, 56600, 56700, 56700, 56700, 56700, 56700, 56700, 56800, 56800] execute_raw=[2310400, 2314400, 2310700, 2312400, 2313200, 2311500, 2310800, 2310700, 2312300, 2345100, 2312500, 2323700, 2310600, 2312700, 2359300] combined_raw=[3900, 3900, 3900, 8500, 3800, 3800, 3800, 3900, 8400, 3800, 3900, 3900, 3800, 8400, 3900] cpp_raw=[2600, 2500, 2600, 2500, 2600, 2600, 2500, 2600, 2500, 2500, 2500, 2600, 2600, 2600, 2500] public_ns=2382200 bounds_ns=56700 execute_ns=2312400 combined_ns=3900 cpp_ns=2600 source=2ab4dac9ab1576eb result=bf1783c6025d513d
case op=copy-Pod w=256 h=128 layout=repeated-source public_raw=[2326000, 2328100, 2381800, 2388600, 2328300, 2366900, 2325700, 2327300, 2363300, 2325800, 2325900, 2327300, 2325700, 2358700, 2497500] bounds_raw=[78400, 78500, 75900, 75800, 75700, 75700, 75700, 75700, 75700, 75700, 75700, 75700, 75700, 78300, 75800] execute_raw=[2296200, 2262100, 3119200, 2263100, 2295200, 2304300, 2266400, 2262800, 2264700, 2262100, 2262500, 2361400, 2263800, 2262500, 2262500] combined_raw=[7300, 7400, 7500, 12500, 7500, 7300, 7400, 7300, 12500, 7400, 7500, 7400, 7300, 12500, 7500] cpp_raw=[6200, 6200, 6200, 24600, 6200, 6100, 6200, 6200, 6400, 6200, 6200, 8600, 6100, 6100, 6200] public_ns=2328100 bounds_ns=75700 execute_ns=2263800 combined_ns=7400 cpp_ns=6200 source=eeeb850fb0e39951 result=fb16e77c4b15ecf1
case op=convert-ubyte-float w=256 h=128 layout=repeated-source public_raw=[11361400, 11243000, 11850600, 11214800, 11132000, 11077800, 11081600, 11275100, 11249600, 11273800, 11273200, 11723400, 11044900, 11020700, 10985100] bounds_raw=[93200, 95800, 91300, 93700, 91500, 91000, 91000, 93300, 93200, 95800, 93100, 93100, 91200, 91000, 91000] execute_raw=[11209500, 11222700, 11638700, 12186100, 10922100, 11050700, 11167900, 11252100, 11246100, 11172700, 11251600, 11129800, 11885300, 11104800, 11822500] combined_raw=[4100, 4100, 4200, 4000, 4000, 3900, 4000, 4200, 4000, 4100, 4000, 4000, 4300, 4000, 4000] cpp_raw=[4000, 4000, 4000, 3900, 3900, 3900, 3900, 4000, 4000, 4000, 4000, 3900, 4000, 3900, 4000] public_ns=11243000 bounds_ns=93100 execute_ns=11222700 combined_ns=4000 cpp_ns=4000 source=b801a0f8ceb910a5 result=8d94738f899eb13d
case op=copy-ubyte w=256 h=128 layout=zero-source public_raw=[580600, 645100, 580900, 580600, 578600, 580600, 580700, 592100, 592000, 594100, 646000, 592000, 656200, 592000, 594200] bounds_raw=[83000, 83000, 83000, 111200, 83000, 83000, 83000, 84900, 85000, 84900, 85000, 85000, 85000, 84900, 85000] execute_raw=[763700, 638500, 597300, 595500, 595300, 595300, 595700, 593200, 607000, 609200, 671100, 609200, 706700, 609000, 609200] combined_raw=[127800, 127800, 190100, 127800, 127800, 127800, 127800, 127800, 133000, 130800, 133400, 130800, 130800, 133300, 130800] cpp_raw=[83200, 83000, 82900, 83200, 83000, 83400, 83100, 97500, 84800, 84800, 84900, 84900, 87900, 84900, 85300] public_ns=592000 bounds_ns=84900 execute_ns=609000 combined_ns=130800 cpp_ns=84800 source=ea3b47c803d61b61 result=805f2b0ca3e19e3d
case op=copy-float w=256 h=128 layout=zero-source public_raw=[594000, 593900, 624000, 591600, 593900, 591400, 591500, 594200, 597400, 591600, 594000, 594000, 605000, 591500, 594000] bounds_raw=[56000, 55900, 56000, 55900, 56000, 56000, 56000, 56000, 56100, 56000, 56000, 55900, 56000, 56000, 56000] execute_raw=[621800, 620800, 618100, 618100, 620600, 618100, 618200, 620800, 621300, 618200, 620700, 620500, 618100, 618200, 620600] combined_raw=[104000, 104000, 106400, 104000, 104000, 103900, 104000, 104000, 103900, 103900, 104000, 104000, 107000, 104000, 104000] cpp_raw=[69600, 69600, 69600, 69600, 69600, 71900, 69400, 69400, 69400, 69400, 69400, 69400, 69400, 69400, 69400] public_ns=594000 bounds_ns=56000 execute_ns=620500 combined_ns=104000 cpp_ns=69400 source=3ee659a586185a17 result=d3a2f65955b6b13d
case op=copy-Pod w=256 h=128 layout=zero-source public_raw=[1221500, 1205300, 592100, 594900, 594700, 594800, 595200, 594700, 592300, 592200, 592200, 592200, 592200, 595200, 595800] bounds_raw=[78000, 78000, 78000, 78000, 78000, 78000, 78000, 78000, 78000, 78000, 78000, 77900, 80600, 78000, 78000] execute_raw=[1220300, 2227800, 1522900, 611200, 611300, 611100, 611100, 612200, 608500, 608600, 608600, 611500, 611200, 643900, 611200] combined_raw=[131400, 131400, 131400, 131400, 131400, 131400, 131400, 131400, 131400, 131400, 131400, 131400, 131400, 131400, 131500] cpp_raw=[374700, 72500, 69600, 69500, 69500, 72100, 101700, 69500, 69500, 69600, 69500, 69500, 72200, 69500, 69500] public_ns=594700 bounds_ns=78000 execute_ns=611200 combined_ns=131400 cpp_ns=69500 source=52489578602bbe06 result=ef186d4d74d56cf1
case op=convert-ubyte-float w=256 h=128 layout=zero-source public_raw=[1658900, 1879700, 1647400, 1648000, 1673900, 1642400, 1620100, 1608800, 1606000, 1651400, 1681400, 1609700, 1605700, 1784100, 1887100] bounds_raw=[90800, 90800, 90800, 90800, 90800, 125100, 174100, 90900, 90900, 90800, 90800, 90800, 90800, 90800, 93100] execute_raw=[1868400, 1733400, 2065700, 1689900, 1815500, 1799500, 1920000, 1625400, 1725300, 1647200, 1655200, 1616200, 1613200, 1950000, 1787600] combined_raw=[95400, 95300, 95400, 95300, 95400, 156700, 95500, 95500, 95300, 95400, 95300, 95300, 95400, 95400, 113400] cpp_raw=[17600, 17600, 17600, 17600, 17700, 30200, 17700, 20100, 17700, 17600, 17600, 17600, 17600, 20200, 18100] public_ns=1648000 bounds_ns=90800 execute_ns=1733400 combined_ns=95400 cpp_ns=17600 source=ea3b47c803d61b61 result=fb8549580c3ab13d
case op=copy-ubyte w=2048 h=512 layout=contiguous public_raw=[41500, 48000, 51500, 52600, 57900, 58600, 52400, 40800, 38500, 39600, 43600, 44900, 39000, 69600, 52600] bounds_raw=[42400, 46100, 58600, 52400, 54600, 52200, 47400, 38400, 37700, 56900, 42300, 52200, 42200, 54800, 51700] execute_raw=[47800, 47100, 45700, 58600, 59300, 110400, 51400, 55800, 38200, 49300, 43300, 46300, 46100, 52400, 49700] combined_raw=[45500, 47400, 48700, 57100, 57500, 50900, 43100, 55600, 37800, 44100, 40900, 63500, 44900, 46900, 54900] cpp_raw=[52100, 56300, 57200, 59900, 63100, 61200, 52100, 59500, 48400, 43300, 101600, 51100, 49300, 53900, 60700] public_ns=48000 bounds_ns=51700 execute_ns=49300 combined_ns=47400 cpp_ns=56300 source=2330a0f18d4d82a5 result=80d2fb93a399d2bd
case op=copy-float w=2048 h=512 layout=contiguous public_raw=[319500, 251800, 229700, 192600, 208000, 268300, 272100, 296000, 354700, 285700, 277200, 295100, 315100, 321500, 414800] bounds_raw=[410300, 248400, 215400, 217100, 205300, 288100, 361100, 345500, 310400, 277900, 283300, 295000, 296600, 302700, 320400] execute_raw=[341400, 216500, 251400, 228400, 202500, 272200, 310500, 591400, 298200, 272700, 275600, 319800, 286400, 297500, 287100] combined_raw=[265700, 263000, 234200, 207600, 204300, 278300, 294300, 325800, 292000, 272900, 284000, 298800, 294700, 298100, 278800] cpp_raw=[234600, 246800, 265300, 208200, 218400, 442100, 287700, 315500, 297100, 319600, 301200, 306900, 330000, 297500, 516800] public_ns=285700 bounds_ns=295000 execute_ns=286400 combined_ns=278800 cpp_ns=297500 source=13b5de7322d2f7ab result=d89816c09b0f4fbd
case op=copy-Pod w=2048 h=512 layout=contiguous public_raw=[816600, 811500, 1454200, 815500, 829800, 969900, 819400, 799200, 934900, 800800, 833700, 827200, 816600, 811400, 829000] bounds_raw=[818700, 883100, 815200, 800200, 838200, 2386300, 824600, 780700, 814400, 1071900, 828600, 806300, 929100, 813800, 818100] execute_raw=[805300, 816300, 800000, 827200, 825300, 838200, 814300, 1027900, 800000, 808700, 802100, 796500, 806200, 822100, 840300] combined_raw=[826100, 806600, 798200, 850300, 816100, 817900, 810600, 1012600, 782900, 821800, 804400, 797700, 812000, 808200, 815100] cpp_raw=[845900, 855200, 825100, 886700, 842500, 999600, 928800, 1256400, 856700, 820200, 862200, 837200, 834700, 915700, 845100] public_ns=819400 bounds_ns=818700 execute_ns=814300 combined_ns=812000 cpp_ns=855200 source=d8cd6555f4166151 result=59e0883c487093b1
case op=convert-ubyte-float w=2048 h=512 layout=contiguous public_raw=[3549500, 3555000, 3539500, 3467800, 3568900, 3599500, 3623600, 3560400, 3591600, 3645400, 3562100, 3540000, 3521200, 3464400, 3458600] bounds_raw=[3558800, 3554100, 3543700, 3528100, 3774300, 3720300, 3826700, 3559500, 3602300, 3555700, 3561700, 3561400, 3507300, 3591300, 3458300] execute_raw=[183000, 190400, 180000, 182100, 185000, 184800, 183100, 197000, 206800, 203500, 181800, 190300, 175300, 173800, 164200] combined_raw=[185000, 175900, 170500, 177500, 173700, 178400, 175900, 182100, 191200, 188200, 184100, 171800, 171800, 163900, 161200] cpp_raw=[181100, 183000, 224000, 370100, 173000, 171800, 172400, 177500, 180500, 193100, 188200, 270100, 210300, 161900, 158700] public_ns=3555000 bounds_ns=3559500 execute_ns=183100 combined_ns=175900 cpp_ns=181100 source=2330a0f18d4d82a5 result=8830660fbe034fbd
case op=copy-ubyte w=2048 h=512 layout=padded public_raw=[41649200, 40504800, 40761300, 41302500, 40209700, 40756600, 41026600, 41433000, 40671500, 40768800, 39963800, 41806200, 40377600, 40736600, 42398500] bounds_raw=[2766700, 2768900, 2702000, 3259600, 2704700, 2802700, 2826300, 2803300, 2705500, 2704300, 2642800, 2734400, 2704400, 2785500, 2757000] execute_raw=[39114100, 40002500, 37843000, 37929300, 38310300, 38432400, 38148800, 38381900, 38355300, 49845600, 38153900, 38260800, 38062800, 38769200, 39524600] combined_raw=[43600, 51900, 42800, 42400, 42600, 47800, 43100, 42900, 43500, 54700, 43600, 43700, 44400, 42000, 46700] cpp_raw=[41700, 39900, 40900, 41000, 40600, 39900, 40800, 40700, 42400, 41000, 40800, 40900, 39800, 40800, 41900] public_ns=40761300 bounds_ns=2757000 execute_ns=38355300 combined_ns=43600 cpp_ns=40800 source=ae83cf5b1e4efaa5 result=824b457e72415e3d
case op=copy-float w=2048 h=512 layout=padded public_raw=[40785800, 40793100, 40932700, 51617300, 40887100, 42026400, 41041000, 42862400, 42556900, 42471900, 41980800, 41729400, 41861900, 47997400, 42022800] bounds_raw=[1847700, 1859000, 1842800, 1819100, 1851000, 1893600, 1847900, 2227300, 1933600, 1921800, 1931600, 1922800, 1925500, 3133800, 1923800] execute_raw=[38545600, 39022400, 38635700, 37910800, 39488100, 38744400, 39101200, 40354900, 40640800, 40811700, 39928700, 40855600, 39827000, 39189800, 40043700] combined_raw=[246100, 281900, 236000, 231200, 272300, 279200, 264600, 311800, 426100, 371700, 373800, 394800, 354600, 370800, 376700] cpp_raw=[296400, 247800, 223000, 282600, 238900, 246200, 223500, 331600, 379700, 295700, 359300, 394300, 357300, 333200, 374600] public_ns=41980800 bounds_ns=1921800 execute_ns=39488100 combined_ns=311800 cpp_ns=296400 source=f707132824e3b60b result=7e1f3007cb46713d
case op=copy-Pod w=2048 h=512 layout=padded public_raw=[41112500, 40905800, 40131200, 40855000, 50285200, 42081300, 40926600, 40341300, 40795700, 42426200, 40647900, 48461500, 40230300, 39692100, 40040600] bounds_raw=[2865400, 2842200, 2698800, 2718500, 2859000, 2722900, 2716800, 2678400, 2630600, 2676000, 2758400, 2627200, 3568800, 2749400, 3495800] execute_raw=[39981600, 39365500, 39127100, 39599500, 38871900, 37699500, 38506400, 37332500, 37691600, 38250600, 37964900, 38548100, 37882400, 37903600, 37478000] combined_raw=[862500, 854000, 1385500, 882700, 854400, 615700, 641600, 638300, 639000, 739600, 606600, 726000, 583500, 644200, 587300] cpp_raw=[831300, 839500, 840000, 826500, 864000, 643700, 572000, 561700, 569700, 584400, 633900, 676400, 614600, 624700, 598900] public_ns=40855000 bounds_ns=2722900 execute_ns=38250600 combined_ns=644200 cpp_ns=633900 source=e31314711d294711 result=cd84131d95f48cf1
case op=convert-ubyte-float w=2048 h=512 layout=padded public_raw=[189154900, 189290200, 189173900, 189643800, 189194400, 189705600, 189093100, 190385900, 189125100, 188923300, 189682100, 189468600, 189395200, 188569600, 189053600] bounds_raw=[3136700, 2890800, 2964000, 2963200, 2893200, 2962300, 2891800, 3051800, 3048000, 2894500, 2961900, 2892300, 3041000, 2960200, 3175600] execute_raw=[185922400, 186617600, 195553800, 187543100, 196144400, 185747100, 184703400, 195673300, 187293900, 195124600, 185661100, 185512100, 194454700, 184867800, 194957500] combined_raw=[156000, 161100, 156400, 149600, 154300, 158100, 155600, 195700, 150900, 155800, 157900, 154600, 155600, 152200, 256400] cpp_raw=[150700, 155200, 153000, 146500, 245600, 151000, 151400, 165100, 148000, 162500, 154000, 154100, 152200, 214900, 205000] public_ns=189194400 bounds_ns=2962300 execute_ns=187293900 combined_ns=155800 cpp_ns=154000 source=ae83cf5b1e4efaa5 result=a6f0b1d68eba713d
case op=copy-ubyte w=2048 h=512 layout=negative-source public_raw=[41468600, 40607500, 41334700, 41586800, 41336400, 40957200, 40088100, 40824700, 51485400, 42320000, 41376100, 40653500, 41420000, 40564400, 40727100] bounds_raw=[2641700, 2701400, 2772600, 2844100, 2711600, 2703900, 2701100, 2704100, 2648400, 3238300, 2830100, 2769600, 2643600, 2703700, 3021200] execute_raw=[37790400, 38313400, 44611600, 39330900, 38349700, 38331700, 39830900, 38227200, 37787000, 38539800, 39150000, 38618400, 38619500, 38394600, 38471400] combined_raw=[42800, 43600, 54200, 44500, 44200, 44100, 52600, 43100, 42600, 45700, 46100, 42500, 45600, 41900, 48200] cpp_raw=[39200, 39200, 73300, 40000, 47200, 39200, 38600, 39000, 39100, 38300, 39900, 38800, 38200, 38100, 39400] public_ns=41334700 bounds_ns=2704100 execute_ns=38471400 combined_ns=44200 cpp_ns=39200 source=ae83cf5b1e4efaa5 result=824b457e72415e3d
case op=copy-float w=2048 h=512 layout=negative-source public_raw=[40327600, 51254900, 40899300, 41258100, 40212100, 41134600, 41522900, 41226500, 40450300, 40849800, 40906300, 40851800, 40500000, 40903100, 41869000] bounds_raw=[1814300, 1852200, 1857300, 1877500, 1823700, 1872900, 1857000, 1897100, 1817200, 1854700, 1829900, 1851600, 1865600, 1854700, 1837700] execute_raw=[38696700, 38760700, 38311200, 40250800, 38651500, 39539200, 40559200, 39328300, 38510200, 39518600, 38034000, 38523800, 38730400, 38664100, 37927900] combined_raw=[224800, 217100, 237200, 229900, 307500, 266600, 299900, 237300, 248700, 349000, 233500, 220300, 862300, 225300, 246200] cpp_raw=[218000, 206200, 212900, 212600, 287500, 222200, 266400, 221100, 214200, 233400, 219100, 213100, 580600, 210000, 393800] public_ns=40903100 bounds_ns=1854700 execute_ns=38696700 combined_ns=237300 cpp_ns=219100 source=f707132824e3b60b result=7e1f3007cb46713d
case op=copy-Pod w=2048 h=512 layout=negative-source public_raw=[40390800, 41231300, 39692100, 40350100, 39587600, 39150900, 44290100, 41990500, 42079300, 41500000, 40541200, 39777500, 41598400, 40811300, 40778400] bounds_raw=[2721100, 2631400, 2630600, 2594500, 2633300, 2582600, 2636400, 2794500, 3329500, 2759600, 2671300, 2593900, 2681700, 2676800, 2883900] execute_raw=[37083000, 37764400, 37035500, 46853700, 38057800, 37526600, 40651900, 40263300, 40025600, 39448400, 38152000, 47990400, 38669200, 37773100, 37822500] combined_raw=[631300, 636100, 649700, 586000, 748900, 637800, 871400, 978800, 855500, 804600, 647500, 679000, 633400, 608100, 674000] cpp_raw=[595000, 572500, 554700, 595000, 634900, 574100, 688400, 796000, 1023900, 803700, 597000, 647200, 648600, 649400, 631500] public_ns=40778400 bounds_ns=2671300 execute_ns=38152000 combined_ns=649700 cpp_ns=634900 source=a98d88b93a2d4711 result=cd84131d95f48cf1
case op=convert-ubyte-float w=2048 h=512 layout=negative-source public_raw=[196464800, 204713700, 200037400, 194541000, 204319600, 199490800, 208490800, 196788700, 195778300, 207372000, 196770400, 220198200, 195512300, 196290500, 194079100] bounds_raw=[3207700, 2984900, 3051200, 3058400, 3053400, 3046900, 3267300, 2988200, 3063300, 3360800, 3061000, 3121300, 2987600, 3001700, 2979400] execute_raw=[189767800, 193863700, 193610700, 193139800, 196333300, 192983100, 194586700, 195050500, 188023300, 195154600, 195479200, 204269000, 195390300, 205146800, 192961700] combined_raw=[381200, 390600, 411000, 390600, 592300, 394200, 400500, 458800, 370500, 408100, 392600, 626100, 394800, 375800, 396100] cpp_raw=[250400, 243100, 193500, 196500, 195700, 207800, 194800, 401000, 165300, 197700, 189000, 548800, 206800, 268600, 399600] public_ns=196788700 bounds_ns=3053400 execute_ns=194586700 combined_ns=394800 cpp_ns=206800 source=ae83cf5b1e4efaa5 result=a6f0b1d68eba713d
case op=copy-ubyte w=2048 h=512 layout=negative-both public_raw=[42929500, 43265800, 43129300, 42947000, 43032900, 42641800, 43702100, 42956900, 42976100, 45859200, 43552000, 44826900, 44164400, 45704900, 45179400] bounds_raw=[3005700, 2986100, 2869200, 2787500, 2778000, 2789100, 2777000, 2841800, 2796300, 2785500, 2865400, 3000600, 2957700, 3332200, 2933500] execute_raw=[43978300, 41921500, 40507800, 50124200, 40215000, 40063700, 41605800, 40433800, 40584300, 41968900, 42637400, 48856300, 44331200, 52405000, 43358400] combined_raw=[68000, 78900, 67500, 77800, 62800, 68500, 106800, 130200, 61500, 71400, 83400, 98600, 101300, 86100, 106800] cpp_raw=[97800, 53900, 96600, 48500, 62200, 47000, 42100, 70300, 47400, 85800, 73500, 83700, 85100, 60100, 145800] public_ns=43265800 bounds_ns=2865400 execute_ns=41968900 combined_ns=78900 cpp_ns=70300 source=ae83cf5b1e4efaa5 result=824b457e72415e3d
case op=copy-float w=2048 h=512 layout=negative-both public_raw=[44008800, 43160800, 45607500, 43263500, 43008500, 45556400, 45151100, 45551000, 44917300, 43071100, 44070800, 43721100, 43728800, 43184600, 43371100] bounds_raw=[1999300, 2292300, 2011000, 2000700, 1996300, 1946400, 2034700, 2600700, 2077200, 2139800, 2137500, 2005500, 2027300, 2148900, 2097900] execute_raw=[40957400, 42520500, 41204300, 40815600, 40513700, 40326400, 52832400, 42874300, 44747100, 42051900, 41164900, 40904300, 43010900, 41002400, 41506200] combined_raw=[346100, 705100, 373900, 543300, 335700, 321800, 1155800, 513200, 927200, 558600, 377300, 347700, 552000, 334200, 485500] cpp_raw=[323500, 462500, 605600, 412200, 355200, 483900, 316900, 308100, 814000, 541900, 339700, 306600, 655600, 820300, 870100] public_ns=43728800 bounds_ns=2034700 execute_ns=41204300 combined_ns=485500 cpp_ns=462500 source=f707132824e3b60b result=7e1f3007cb46713d
case op=copy-Pod w=2048 h=512 layout=negative-both public_raw=[44191100, 42624800, 43156000, 42355400, 42148400, 42890300, 42464200, 42447800, 41976500, 42718500, 41887700, 43039200, 46382300, 42572200, 42577000] bounds_raw=[3320200, 3016300, 2827400, 2781300, 2771700, 2886400, 2876100, 3485700, 2880900, 2788100, 2896700, 2751000, 2806600, 2879200, 2776800] execute_raw=[41368100, 40702000, 40681300, 40884700, 40267400, 50986300, 41107100, 41648700, 40593700, 39931600, 40627800, 41050900, 40672500, 40582700, 39765300] combined_raw=[843000, 1423500, 820200, 1327100, 816500, 988800, 912100, 952700, 929400, 812600, 1119400, 872800, 854300, 880700, 782300] cpp_raw=[779100, 765500, 765400, 821900, 844600, 927800, 1905900, 824400, 828100, 812200, 850800, 856900, 808900, 771200, 811800] public_ns=42577000 bounds_ns=2876100 execute_ns=40681300 combined_ns=880700 cpp_ns=821900 source=a98d88b93a2d4711 result=35d2d67477ff8cf1
case op=convert-ubyte-float w=2048 h=512 layout=negative-both public_raw=[189366000, 189716400, 189379500, 189989600, 191242100, 191177100, 191834300, 193199300, 192383700, 191484600, 189470700, 190216700, 190873600, 189044800, 190991300] bounds_raw=[3053100, 3300200, 3136100, 3070600, 3257400, 3334400, 3117600, 3130900, 3130200, 3322500, 3205400, 3092700, 3122100, 3124100, 3124300] execute_raw=[187648500, 186413800, 195663700, 186078300, 195710600, 192627300, 192382200, 203262700, 188146900, 195949400, 187076500, 188337500, 196092200, 186855000, 195732600] combined_raw=[390000, 804600, 400800, 408500, 390900, 1340700, 409200, 411800, 405200, 402000, 391300, 396500, 401300, 399900, 400700] cpp_raw=[204700, 252800, 196800, 213500, 201800, 347900, 201500, 228200, 217200, 222300, 204300, 217600, 232800, 215300, 222700] public_ns=190873600 bounds_ns=3130200 execute_ns=192382200 combined_ns=401300 cpp_ns=217200 source=ae83cf5b1e4efaa5 result=a6f0b1d68eba713d
case op=copy-ubyte w=2048 h=512 layout=universal public_raw=[42382300, 41933700, 41800000, 42320900, 42607100, 42094700, 42694000, 42683800, 42111500, 41875600, 43180100, 41783300, 41769600, 41864200, 51204400] bounds_raw=[2799700, 2811600, 2802700, 2851700, 2868400, 2965300, 2877500, 2738100, 2825200, 2870700, 2893100, 2869900, 2828700, 2803600, 2794500] execute_raw=[42517600, 42499800, 43336100, 44001400, 42675500, 43195200, 42491600, 43596000, 43826500, 42488100, 43212600, 42930500, 42278800, 43497900, 42892400] combined_raw=[4367900, 4358500, 4386900, 4354900, 4489100, 11120100, 4343700, 4415400, 4285900, 4376700, 4407100, 4373300, 4368200, 4359200, 4477800] cpp_raw=[2932500, 2942700, 2973100, 3724000, 3018600, 2854400, 2784400, 3174900, 2782000, 2787200, 3062400, 2801400, 2892500, 2932600, 2874800] public_ns=42111500 bounds_ns=2828700 execute_ns=42930500 combined_ns=4373300 cpp_ns=2932500 source=546dc88cf162767b result=b53972f2ee1fc8cf
case op=copy-float w=2048 h=512 layout=universal public_raw=[40754200, 40763300, 42399900, 41752400, 40848100, 49919800, 40935600, 41836900, 40751900, 40888200, 40796200, 41257200, 41517700, 40959000, 42144400] bounds_raw=[2252600, 2058500, 2562200, 2069100, 2207200, 2035700, 2048900, 2132300, 2037600, 2063300, 2042200, 2216600, 2112600, 2072300, 2260100] execute_raw=[41815500, 43336600, 41662900, 42252000, 42841000, 41642800, 42760200, 41747300, 42034300, 41501500, 41858900, 42675500, 41946800, 51086000, 42526400] combined_raw=[3661800, 3650900, 3756000, 3881200, 3631000, 3659700, 3651200, 3738600, 3646800, 3645700, 3786600, 3695700, 3629000, 3645800, 3651600] cpp_raw=[2405200, 2561700, 2508700, 2503000, 2704000, 2485200, 2438000, 2417500, 2489900, 2365300, 2382400, 2481800, 2754200, 2422600, 2473100] public_ns=40959000 bounds_ns=2072300 execute_ns=42034300 combined_ns=3651600 cpp_ns=2481800 source=4f1036148aacde48 result=1d8ea0b52256e94f
case op=copy-Pod w=2048 h=512 layout=universal public_raw=[43478500, 41129600, 41541900, 41570400, 41869700, 40843100, 41407100, 40978800, 41982100, 41225700, 43026600, 41210400, 41189700, 40605500, 41803100] bounds_raw=[3170400, 3161200, 2941900, 2997900, 2971100, 3073600, 2911000, 3022100, 3163500, 3062000, 2990700, 3056300, 3026100, 3454600, 3001300] execute_raw=[43950800, 43427800, 42795000, 41960100, 41447100, 43559500, 41558300, 51523000, 41654400, 41126200, 45323100, 41813800, 42497900, 49092300, 42040900] combined_raw=[4850400, 4637000, 5410500, 4628700, 4632600, 4666600, 4721300, 4685900, 4667100, 4601400, 4750500, 4770700, 8905700, 4636600, 4688600] cpp_raw=[2873100, 2665000, 2737500, 2667400, 2738500, 2663800, 2798900, 3216000, 2736600, 2991700, 2754700, 2779800, 2717200, 2770300, 2753100] public_ns=41407100 bounds_ns=3026100 execute_ns=42497900 combined_ns=4685900 cpp_ns=2753100 source=196bf4d6cf5eb812 result=fc9731c7256835ba
case op=convert-ubyte-float w=2048 h=512 layout=universal public_raw=[106411300, 110506000, 105802200, 106938600, 104162100, 103983700, 106686600, 120873000, 108790800, 111798100, 107915500, 135228400, 113296800, 108843400, 106847800] bounds_raw=[3077200, 3058200, 3059300, 3256800, 2991300, 2985700, 2983800, 3168700, 3059100, 3154400, 3076000, 3053400, 3505200, 3150800, 3329600] execute_raw=[108714400, 108438700, 109813400, 114869900, 105055100, 105407200, 107210500, 109786500, 108878400, 109027100, 108739900, 116369200, 112919000, 108648200, 107032100] combined_raw=[3355600, 3370200, 3162300, 3289600, 3151300, 3312400, 3151400, 3421600, 3332000, 3294000, 3259800, 3365000, 3612900, 3642200, 3270400] cpp_raw=[634600, 736000, 620300, 625500, 615200, 610200, 817800, 635800, 641300, 704500, 612100, 946900, 667100, 649400, 635100] public_ns=107915500 bounds_ns=3076000 execute_ns=108739900 combined_ns=3312400 cpp_ns=635800 source=546dc88cf162767b result=24fea8e2dff2e94f
case op=copy-ubyte w=2048 h=512 layout=universal-negative public_raw=[46392400, 42127200, 40664300, 40969800, 41796300, 41415600, 39860300, 50988300, 40530400, 39751300, 40461000, 40317000, 40915000, 41947400, 41093800] bounds_raw=[3082000, 3650900, 3396100, 2810300, 2822100, 2786400, 2772100, 2792100, 2784000, 2707600, 2806600, 3095300, 2721000, 2902600, 2782500] execute_raw=[47499200, 43645800, 41673100, 41613100, 42751700, 41047500, 41089900, 40415700, 40683100, 42292300, 41268300, 41461100, 40738600, 42240100, 41531300] combined_raw=[4682500, 4427000, 4419900, 4291400, 4336100, 4283200, 4796100, 4380400, 4300800, 4298400, 4364300, 4254100, 4477300, 4690400, 4235000] cpp_raw=[3293000, 3043400, 2901100, 2918200, 2886600, 2994900, 2841500, 2795600, 3008000, 2708400, 2910500, 3241800, 2768600, 2972400, 2952200] public_ns=40969800 bounds_ns=2806600 execute_ns=41531300 combined_ns=4364300 cpp_ns=2918200 source=46067b9fc62767b result=6220d181b93fc8cf
case op=copy-float w=2048 h=512 layout=universal-negative public_raw=[41172200, 42024400, 43525900, 40776300, 41336300, 40452500, 40801600, 41929800, 41479800, 42031900, 40838000, 41591700, 41577600, 40828200, 42227100] bounds_raw=[2311500, 1977000, 2088300, 2047900, 2399400, 2203000, 2095900, 2114500, 2038000, 2340000, 2036700, 2422900, 2036900, 2032400, 2013000] execute_raw=[41416000, 45655100, 42535600, 41820700, 41832600, 41630000, 43500100, 41758600, 41910400, 41774600, 41949100, 43191700, 41880400, 41949000, 41907400] combined_raw=[3484400, 4011400, 3644200, 3696400, 3634600, 3647800, 3652800, 3734400, 3591900, 3678200, 3781200, 3586500, 3653500, 3582200, 3641900] cpp_raw=[2543000, 2588600, 2401100, 2470800, 2408800, 2329900, 2357200, 2717000, 2597700, 2409400, 2333500, 2410500, 2395700, 2451200, 2337700] public_ns=41479800 bounds_ns=2088300 execute_ns=41907400 combined_ns=3647800 cpp_ns=2409400 source=51109e231b84de48 result=d2e235024092e94f
case op=copy-Pod w=2048 h=512 layout=universal-negative public_raw=[42122700, 42018300, 42922300, 52810200, 42098800, 42002800, 42199800, 43487700, 49676800, 42247700, 42231600, 42533300, 43227200, 42496700, 42048000] bounds_raw=[3441900, 3350600, 3137100, 3080100, 3333500, 3010900, 2948400, 3005900, 2980700, 2954300, 3126500, 3065200, 3140200, 8032800, 3078600] execute_raw=[42936400, 43277200, 43893600, 42755200, 43716300, 44165700, 42811700, 42944900, 43247800, 46973100, 42876800, 43385100, 42731900, 43533000, 44001800] combined_raw=[4772000, 4889200, 4639400, 4638300, 4721600, 4715800, 4645600, 4795900, 4770400, 4763400, 4768800, 4640500, 4674000, 4653200, 4652000] cpp_raw=[2884800, 2867400, 3075000, 2820100, 2851800, 2954300, 2815200, 2788700, 2899200, 2771100, 2789200, 2836800, 3086300, 2742700, 2734600] public_ns=42247700 bounds_ns=3080100 execute_ns=43277200 combined_ns=4715800 cpp_ns=2836800 source=e1be015f3a91b812 result=17fc2f38b61735ba
case op=convert-ubyte-float w=2048 h=512 layout=universal-negative public_raw=[119825500, 117660900, 118944800, 116322100, 126230900, 116316100, 115972100, 119697300, 124866200, 117212600, 126877400, 125886800, 114336400, 116398300, 117387000] bounds_raw=[3140000, 3113200, 3178100, 3065200, 3235100, 3144400, 3072900, 3128900, 3131300, 3100400, 3620900, 3393400, 2988800, 3071800, 3175300] execute_raw=[126712000, 117718000, 116591100, 117055600, 116688900, 117791300, 116777800, 117154400, 116930200, 117917300, 125838000, 121591600, 115045800, 116255400, 119022800] combined_raw=[3384200, 3339200, 3296000, 3299800, 3299700, 3341600, 3285800, 3295200, 3391100, 3986200, 4151700, 3552300, 3219200, 3220200, 3273100] cpp_raw=[699100, 713900, 665200, 855700, 664900, 748200, 729200, 681400, 618100, 614500, 985200, 630200, 595100, 615300, 607600] public_ns=117660900 bounds_ns=3131300 execute_ns=117154400 combined_ns=3299800 cpp_ns=665200 source=46067b9fc62767b result=940c5552cb46e94f
case op=copy-ubyte w=2048 h=512 layout=repeated-source public_raw=[42562900, 50261200, 44062100, 43236700, 44178000, 42899200, 42053000, 44894600, 43862200, 43703500, 43910300, 44804800, 45281600, 45413200, 49591900] bounds_raw=[2768600, 2710100, 2853900, 2838900, 2768800, 2940600, 2944300, 2894900, 2985100, 2988900, 2991200, 2836900, 3082900, 3845800, 3058800] execute_raw=[39435100, 41394200, 41958500, 40407200, 41590800, 40203700, 40798200, 39919300, 42475700, 50720300, 40549000, 41541400, 42164900, 47559200, 46811300] combined_raw=[32800, 38800, 33100, 39400, 33800, 33900, 33900, 34000, 38000, 38100, 34800, 41800, 37500, 37600, 62600] cpp_raw=[28100, 37300, 28200, 29700, 29200, 28800, 29000, 29700, 31600, 32500, 30200, 30100, 30600, 30400, 63100] public_ns=44062100 bounds_ns=2940600 execute_ns=41541400 combined_ns=37500 cpp_ns=30100 source=6e453727bce9f2a5 result=824b457e72415e3d
case op=copy-float w=2048 h=512 layout=repeated-source public_raw=[42000500, 43126200, 51996700, 42171500, 41882900, 42625200, 43540300, 42837300, 43863600, 41978700, 44498000, 41955400, 41727200, 50048000, 41254900] bounds_raw=[1903000, 1840900, 1965400, 1977800, 1905900, 1902500, 1833900, 1929500, 1929800, 1971000, 2031400, 1836200, 1925800, 1834700, 1733200] execute_raw=[39737600, 43520800, 40789600, 40243500, 40284800, 39947100, 40700600, 41094700, 40542200, 39600300, 39508800, 39477300, 40788200, 39129000, 37743100] combined_raw=[342500, 209400, 359700, 144100, 238500, 181900, 336100, 329700, 166800, 178600, 183800, 151900, 149000, 115900, 155200] cpp_raw=[192200, 165300, 197200, 134300, 179500, 133700, 200700, 205300, 144000, 145400, 119900, 116500, 110100, 110100, 112600] public_ns=42625200 bounds_ns=1905900 execute_ns=40243500 combined_ns=181900 cpp_ns=144000 source=1890cde25c8499ab result=7e1f3007cb46713d
case op=copy-Pod w=2048 h=512 layout=repeated-source public_raw=[51027500, 40284700, 40421200, 40739700, 40684200, 40255400, 39348600, 40666900, 42473400, 40393200, 40261300, 39813900, 39203900, 39313900, 39789900] bounds_raw=[5447000, 2476300, 2500700, 2640500, 2710100, 6740100, 2514800, 2745500, 2765700, 2535900, 2535100, 2546300, 2473100, 2683100, 3020600] execute_raw=[38189000, 41151000, 38735900, 38239600, 38347400, 37495700, 37065900, 38384300, 41069800, 39489200, 37971900, 37996900, 37424400, 36157900, 48089800] combined_raw=[210300, 681400, 445400, 298600, 881400, 413700, 201400, 196400, 393700, 221000, 213100, 211600, 197700, 200300, 200000] cpp_raw=[195900, 471200, 317100, 315300, 449400, 193600, 190300, 197000, 528400, 235400, 195900, 196700, 184900, 193100, 184100] public_ns=40284700 bounds_ns=2640500 execute_ns=38239600 combined_ns=213100 cpp_ns=196700 source=20f0ed2a5964e151 result=29ff1e71f7668cf1
case op=convert-ubyte-float w=2048 h=512 layout=repeated-source public_raw=[188142000, 186710400, 187671600, 204175200, 200624600, 188033300, 186975300, 187521600, 197018100, 192944400, 198279500, 191884600, 206684000, 210833700, 197111700] bounds_raw=[2969800, 2959800, 3130600, 3114800, 3025100, 2983200, 3080100, 3064000, 3081000, 3321100, 3078500, 3031300, 3177500, 3559500, 3029700] execute_raw=[193630900, 185886400, 186209900, 204432700, 184044900, 195588500, 186265900, 184605000, 187701600, 190944300, 205602700, 185606900, 209668300, 203909200, 190518300] combined_raw=[137400, 126900, 128900, 122500, 129000, 135700, 123600, 122900, 125600, 141800, 144100, 127300, 239600, 136100, 145100] cpp_raw=[127100, 124100, 127400, 121300, 196600, 127800, 124200, 124200, 124200, 133500, 130200, 124200, 192900, 130900, 258700] public_ns=192944400 bounds_ns=3078500 execute_ns=190518300 combined_ns=129000 cpp_ns=127400 source=6e453727bce9f2a5 result=a6f0b1d68eba713d
case op=copy-ubyte w=2048 h=512 layout=zero-source public_raw=[12888300, 13251900, 13616800, 13036600, 18095400, 11309500, 11247600, 11265900, 10758100, 10798600, 10823900, 12727400, 13401100, 11509600, 11561000] bounds_raw=[3146900, 3180500, 2916300, 2861000, 4451900, 2837800, 2836200, 2744100, 2721500, 2704900, 2703300, 2864000, 2952000, 2842300, 2886500] execute_raw=[14562900, 14847600, 14286800, 13347100, 11984200, 12035900, 11848500, 11747700, 11252100, 11229500, 11404600, 11629500, 12499900, 12065700, 12013800] combined_raw=[6526900, 6304900, 4528200, 5518100, 4395200, 4378200, 4417300, 4378500, 4172500, 4172200, 4247800, 4302700, 4629200, 4587800, 4505800] cpp_raw=[4771800, 3082900, 7292500, 5012500, 2964000, 2995500, 2838300, 2989900, 2707800, 2863000, 2925800, 2881400, 3192500, 2987900, 2897800] public_ns=11561000 bounds_ns=2861000 execute_ns=12013800 combined_ns=4417300 cpp_ns=2987900 source=ea3b47c803d61b61 result=f48fba1f72215e3d
case op=copy-float w=2048 h=512 layout=zero-source public_raw=[11623400, 11273500, 11034900, 12250000, 13061000, 12097300, 12711600, 11716700, 11576900, 11552500, 11234200, 11226900, 11396300, 11334800, 11341100] bounds_raw=[1944400, 1851100, 1862900, 3460600, 2087800, 2001000, 1885800, 1931900, 1929600, 1970700, 1845400, 1937900, 1886700, 1923400, 2013300] execute_raw=[11989600, 12201800, 11994100, 16853100, 14353400, 12558000, 13516000, 12679900, 12511200, 12535500, 12366500, 19539000, 12208400, 12195200, 11975600] combined_raw=[3451600, 3416300, 3451800, 3353000, 3577800, 3510700, 3772900, 3629300, 3900500, 3461200, 3412100, 4224500, 3521800, 3499300, 3489900] cpp_raw=[2282200, 2563200, 2268700, 2208300, 3362800, 2375900, 2461000, 2377600, 2597600, 2377100, 2395100, 2405300, 2333300, 2475700, 2360200] public_ns=11552500 bounds_ns=1931900 execute_ns=12511200 combined_ns=3499300 cpp_ns=2377600 source=3ee659a586185a17 result=3010c258495a713d
case op=copy-Pod w=2048 h=512 layout=zero-source public_raw=[11543000, 11395400, 11235100, 10984500, 12099800, 11104700, 11330600, 11127300, 11154600, 11290200, 11150700, 12017400, 11375600, 11392300, 11604400] bounds_raw=[2538000, 2539900, 2731500, 2583300, 2675100, 2810400, 2598700, 2625800, 2538100, 2538000, 2545900, 2823100, 2611300, 2607700, 2602600] execute_raw=[12000000, 11539700, 11822200, 12002900, 11734800, 12496000, 11931700, 11959700, 12031700, 11714300, 11952900, 12051900, 13597100, 11883500, 11896700] combined_raw=[4472400, 4287600, 4289200, 4310800, 4293600, 4507500, 4427700, 4528300, 4327200, 4434400, 4574700, 4371100, 4410200, 4436000, 4484500] cpp_raw=[2342100, 2425700, 2264700, 2278500, 2333200, 2327500, 2372100, 2303400, 2454700, 2583500, 2264700, 2535900, 2470700, 2319800, 2371300] public_ns=11330600 bounds_ns=2602600 execute_ns=11952900 combined_ns=4427700 cpp_ns=2342100 source=10734a11a61fbe06 result=14eb8df45bd38cf1
case op=convert-ubyte-float w=2048 h=512 layout=zero-source public_raw=[30261300, 29328300, 29805300, 29318200, 29073100, 30297100, 29252900, 29640600, 29983600, 29497800, 29093600, 29308100, 28518200, 28465800, 28506600] bounds_raw=[3249000, 3025600, 3326700, 3031700, 3038200, 3162400, 3356700, 3026400, 3201500, 3027700, 3073000, 3035700, 3090300, 3081600, 3064800] execute_raw=[29655000, 29759100, 30066700, 29342500, 29398800, 31091400, 31535700, 29368000, 40341200, 29471800, 29338100, 29182600, 29444800, 28819700, 29480400] combined_raw=[3219700, 3174400, 3454800, 3179200, 3141400, 3321300, 3187700, 3174100, 3375100, 3183700, 3174700, 3075100, 3212700, 3166800, 3168000] cpp_raw=[570400, 580200, 568400, 570000, 566700, 541000, 566700, 566600, 751000, 836900, 566700, 540900, 574600, 567500, 553600] public_ns=29318200 bounds_ns=3073000 execute_ns=29471800 combined_ns=3179200 cpp_ns=567500 source=ea3b47c803d61b61 result=1ea1c940ba66713d
m3_copy_conversion_candidates PASS cases=96 sink=3470652223959823994
