contracts PASS invalid/empty/out-zero/cancellation
semantic PASS cases=56 finite-bitwise NaN-class source-preserved
case w=31 h=17 layout=contiguous corpus=positive public_raw=[600, 500, 600, 500, 500, 600, 600, 600, 500, 500, 600, 600] pointer_raw=[600, 500, 500, 500, 500, 500, 500, 500, 500, 500, 500, 500] slice_raw=[500, 500, 500, 600, 600, 600, 600, 500, 600, 500, 600, 500] cpp_raw=[500, 500, 500, 500, 500, 500, 500, 500, 500, 500, 500, 500] public_ns=600 pointer_ns=500 slice_ns=550 cpp_ns=500 result=40702cf2bd10f800 hash=8596af9913445ebd
case w=31 h=17 layout=contiguous corpus=cancellation public_raw=[500, 600, 500, 500, 600, 500, 500, 500, 600, 500, 500, 500] pointer_raw=[500, 500, 500, 500, 500, 500, 500, 500, 500, 500, 500, 500] slice_raw=[500, 600, 600, 500, 500, 500, 500, 600, 500, 500, 500, 600] cpp_raw=[500, 500, 500, 500, 500, 500, 500, 500, 500, 500, 500, 500] public_ns=500 pointer_ns=500 slice_ns=500 cpp_ns=500 result=0 hash=789619667ec2b54f
case w=31 h=17 layout=padded corpus=positive public_raw=[600, 600, 600, 600, 600, 600, 600, 600, 600, 600, 600, 600] pointer_raw=[500, 500, 500, 500, 500, 500, 500, 500, 500, 500, 500, 600] slice_raw=[600, 600, 600, 600, 600, 500, 500, 500, 600, 500, 500, 600] cpp_raw=[500, 500, 500, 500, 500, 500, 500, 500, 500, 500, 500, 500] public_ns=600 pointer_ns=500 slice_ns=600 cpp_ns=500 result=40702cf2bd10f800 hash=d2884b9a0909f1bd
case w=31 h=17 layout=padded corpus=cancellation public_raw=[600, 600, 600, 600, 600, 700, 600, 600, 700, 600, 600, 600] pointer_raw=[500, 500, 500, 500, 500, 500, 600, 500, 500, 500, 600, 600] slice_raw=[500, 600, 600, 600, 500, 500, 500, 600, 600, 13500, 500, 500] cpp_raw=[500, 500, 500, 500, 500, 500, 500, 500, 500, 500, 500, 500] public_ns=600 pointer_ns=500 slice_ns=550 cpp_ns=500 result=0 hash=1dab101df9a52d4f
case w=31 h=17 layout=negative-row corpus=positive public_raw=[600, 600, 600, 600, 600, 600, 600, 600, 600, 600, 600, 600] pointer_raw=[500, 500, 600, 500, 500, 500, 500, 500, 500, 500, 500, 500] slice_raw=[600, 600, 600, 500, 600, 600, 500, 500, 600, 500, 500, 600] cpp_raw=[500, 500, 500, 500, 500, 500, 500, 500, 500, 500, 500, 500] public_ns=600 pointer_ns=500 slice_ns=600 cpp_ns=500 result=40702cf2bd10f800 hash=8ff8755106ec0ed1
case w=31 h=17 layout=negative-row corpus=cancellation public_raw=[600, 600, 600, 600, 600, 600, 600, 600, 600, 600, 600, 600] pointer_raw=[600, 500, 500, 500, 500, 500, 500, 500, 500, 500, 500, 500] slice_raw=[500, 500, 600, 600, 500, 500, 500, 500, 500, 500, 500, 600] cpp_raw=[500, 500, 500, 500, 500, 500, 500, 500, 500, 500, 500, 500] public_ns=600 pointer_ns=500 slice_ns=500 cpp_ns=500 result=0 hash=6d1fa80ff9a52d4f
case w=31 h=17 layout=universal corpus=positive public_raw=[600, 600, 600, 600, 600, 600, 600, 600, 600, 600, 600, 600] pointer_raw=[600, 600, 600, 600, 600, 600, 600, 600, 600, 600, 600, 600] slice_raw=[600, 600, 600, 600, 600, 600, 600, 600, 600, 600, 600, 600] cpp_raw=[500, 500, 500, 500, 500, 500, 500, 500, 500, 500, 500, 500] public_ns=600 pointer_ns=600 slice_ns=600 cpp_ns=500 result=40702cf2bd10f800 hash=45edc35f09d36ded
case w=31 h=17 layout=universal corpus=cancellation public_raw=[600, 600, 600, 600, 600, 600, 600, 600, 600, 600, 600, 600] pointer_raw=[600, 600, 600, 600, 600, 600, 600, 600, 600, 600, 600, 600] slice_raw=[600, 600, 600, 600, 600, 600, 600, 600, 600, 600, 600, 600] cpp_raw=[500, 500, 500, 500, 500, 500, 500, 500, 500, 500, 500, 500] public_ns=600 pointer_ns=600 slice_ns=600 cpp_ns=500 result=0 hash=a4ba9168a61697b7
case w=31 h=17 layout=universal-negative corpus=positive public_raw=[600, 600, 600, 600, 600, 600, 600, 600, 600, 600, 600, 600] pointer_raw=[600, 600, 600, 600, 600, 600, 600, 600, 600, 600, 600, 600] slice_raw=[600, 600, 600, 600, 600, 600, 600, 600, 600, 600, 600, 600] cpp_raw=[500, 500, 500, 500, 500, 500, 500, 500, 500, 500, 500, 500] public_ns=600 pointer_ns=600 slice_ns=600 cpp_ns=500 result=40702cf2bd10f800 hash=314c0201084e056d
case w=31 h=17 layout=universal-negative corpus=cancellation public_raw=[600, 600, 600, 600, 600, 600, 600, 600, 600, 600, 600, 600] pointer_raw=[600, 600, 600, 600, 600, 600, 600, 600, 600, 600, 600, 600] slice_raw=[600, 600, 600, 600, 600, 600, 600, 600, 600, 600, 600, 600] cpp_raw=[500, 500, 500, 500, 500, 500, 500, 500, 500, 500, 500, 500] public_ns=600 pointer_ns=600 slice_ns=600 cpp_ns=500 result=0 hash=e5517cc7a61697b7
case w=31 h=17 layout=repeated-row corpus=positive public_raw=[600, 600, 600, 4300, 600, 600, 600, 600, 600, 600, 600, 600] pointer_raw=[500, 500, 500, 500, 500, 500, 500, 500, 500, 500, 500, 500] slice_raw=[500, 600, 600, 600, 500, 600, 500, 600, 500, 500, 500, 600] cpp_raw=[500, 500, 500, 500, 500, 500, 500, 500, 500, 500, 500, 500] public_ns=600 pointer_ns=500 slice_ns=550 cpp_ns=500 result=4074dfc7beb80000 hash=552d99476c28af5f
case w=31 h=17 layout=repeated-row corpus=cancellation public_raw=[600, 600, 600, 600, 600, 600, 600, 600, 600, 600, 600, 600] pointer_raw=[500, 500, 500, 500, 500, 500, 500, 500, 500, 500, 500, 500] slice_raw=[600, 600, 600, 500, 600, 600, 600, 600, 500, 600, 500, 600] cpp_raw=[500, 500, 500, 500, 500, 500, 500, 500, 500, 500, 500, 500] public_ns=600 pointer_ns=500 slice_ns=600 cpp_ns=500 result=0 hash=a7fc3bd9d42fa9cf
case w=31 h=17 layout=zero-both corpus=positive public_raw=[600, 600, 600, 600, 600, 600, 600, 600, 600, 600, 600, 600] pointer_raw=[600, 600, 600, 600, 600, 600, 600, 600, 600, 600, 600, 600] slice_raw=[600, 600, 600, 600, 600, 600, 600, 600, 600, 600, 600, 600] cpp_raw=[500, 500, 500, 500, 500, 500, 500, 500, 500, 500, 500, 500] public_ns=600 pointer_ns=600 slice_ns=600 cpp_ns=500 result=407971b867000000 hash=8dfb19b47f723b97
case w=31 h=17 layout=zero-both corpus=cancellation public_raw=[600, 600, 600, 600, 600, 600, 600, 600, 600, 600, 600, 600] pointer_raw=[600, 600, 600, 600, 600, 600, 600, 600, 600, 600, 600, 600] slice_raw=[600, 600, 600, 600, 600, 600, 600, 600, 600, 600, 600, 600] cpp_raw=[500, 500, 500, 500, 500, 500, 500, 500, 500, 500, 500, 500] public_ns=600 pointer_ns=600 slice_ns=600 cpp_ns=500 result=c4a651bedd400000 hash=93bae8e06d7f38b
case w=256 h=128 layout=contiguous corpus=positive public_raw=[31400, 31800, 31700, 31800, 31400, 31400, 34300, 31800, 31400, 31400, 61500, 31900] pointer_raw=[31900, 31400, 34400, 31900, 31900, 31900, 45400, 31900, 31900, 31900, 32000, 31900] slice_raw=[36100, 36000, 36100, 36100, 36100, 31400, 36000, 31400, 36100, 31400, 36000, 36000] cpp_raw=[31300, 31300, 31300, 61700, 31300, 31300, 31300, 31300, 31300, 31300, 33600, 31300] public_ns=31750 pointer_ns=31900 slice_ns=36000 cpp_ns=31300 result=40d05bc706e36e40 hash=3f262f3c25d3932c
case w=256 h=128 layout=contiguous corpus=cancellation public_raw=[31700, 31400, 34200, 32200, 31300, 31400, 62200, 31900, 31900, 32200, 31700, 31900] pointer_raw=[31900, 31900, 45900, 32000, 31900, 31900, 31900, 31900, 31900, 31900, 31400, 31900] slice_raw=[36000, 31400, 36000, 36100, 36100, 31300, 36000, 31400, 36000, 36000, 36100, 36100] cpp_raw=[31300, 31300, 31300, 31300, 31300, 31300, 33500, 31300, 31300, 31300, 44500, 31300] public_ns=31900 pointer_ns=31900 slice_ns=36000 cpp_ns=31300 result=3ff0000000000000 hash=92b36eaed3f34fbd
case w=256 h=128 layout=padded corpus=positive public_raw=[36000, 52000, 36000, 36000, 36000, 36000, 36000, 36000, 36000, 36000, 36000, 36000] pointer_raw=[31900, 31900, 31900, 31900, 31900, 34600, 31900, 31900, 32000, 31900, 31900, 31900] slice_raw=[36100, 36100, 31400, 36100, 36100, 65600, 36100, 36000, 62300, 31400, 37500, 40000] cpp_raw=[31300, 34300, 31300, 31300, 31300, 31300, 31300, 31300, 31300, 31300, 31300, 31300] public_ns=36000 pointer_ns=31900 slice_ns=36100 cpp_ns=31300 result=40d05bc706e36e40 hash=dbe5f10c75e5df2c
case w=256 h=128 layout=padded corpus=cancellation public_raw=[36000, 36100, 36000, 35900, 36000, 36000, 36000, 36000, 36000, 36000, 36000, 36000] pointer_raw=[34900, 31700, 31900, 31900, 32000, 31900, 31900, 31900, 31900, 31900, 31900, 31900] slice_raw=[50500, 36100, 31300, 39200, 31400, 36000, 31300, 36100, 36100, 36000, 31300, 36100] cpp_raw=[31300, 31300, 31300, 31300, 31300, 31300, 31300, 31300, 31300, 31300, 31300, 34000] public_ns=36000 pointer_ns=31900 slice_ns=36050 cpp_ns=31300 result=3ff0000000000000 hash=27aaca5e7e61b13d
case w=256 h=128 layout=negative-row corpus=positive public_raw=[36000, 36100, 36000, 35900, 35900, 36000, 36000, 36000, 36000, 36000, 36000, 35900] pointer_raw=[32000, 31900, 31900, 32000, 31900, 31900, 31900, 31900, 31900, 34600, 31900, 31900] slice_raw=[31400, 31300, 31400, 31300, 31300, 35900, 31300, 31300, 31300, 31400, 31300, 31400] cpp_raw=[31300, 31300, 31300, 31300, 31300, 31300, 31300, 31300, 31300, 31300, 31300, 31300] public_ns=36000 pointer_ns=31900 slice_ns=31300 cpp_ns=31300 result=40d05bc706e36e40 hash=f79ed8293f6bcb5c
case w=256 h=128 layout=negative-row corpus=cancellation public_raw=[36000, 36000, 35900, 38700, 36000, 36000, 35900, 36000, 36000, 36000, 36000, 39400] pointer_raw=[31400, 31300, 31700, 32000, 31900, 31900, 31900, 32000, 31900, 31900, 32000, 32100] slice_raw=[31400, 31300, 31500, 31300, 36000, 31300, 31300, 31300, 31300, 31300, 31300, 31400] cpp_raw=[31300, 31300, 31300, 31300, 31300, 31300, 31300, 31300, 31300, 31300, 31300, 31300] public_ns=36000 pointer_ns=31900 slice_ns=31300 cpp_ns=31300 result=3ff0000000000000 hash=27aaca5e7e61b13d
case w=256 h=128 layout=universal corpus=positive public_raw=[33900, 34000, 34000, 34000, 34000, 34000, 33900, 33900, 34000, 33900, 33900, 33900] pointer_raw=[33900, 33900, 34100, 34000, 34000, 33800, 34000, 33900, 33900, 33900, 33900, 33900] slice_raw=[33900, 33900, 33900, 34100, 34000, 33900, 34000, 34000, 33900, 34000, 33900, 34000] cpp_raw=[31300, 31300, 31300, 31300, 31300, 31300, 31300, 31300, 31300, 31300, 31300, 31300] public_ns=33950 pointer_ns=33900 slice_ns=33950 cpp_ns=31300 result=40d05bc706e36e40 hash=f51edac924f49e8a
case w=256 h=128 layout=universal corpus=cancellation public_raw=[34000, 33900, 33900, 33900, 34000, 33900, 33900, 34000, 33900, 33900, 33900, 34000] pointer_raw=[33900, 39600, 33900, 44900, 33900, 33900, 33900, 33900, 33900, 34000, 33900, 34000] slice_raw=[33900, 33900, 33900, 34000, 34000, 33900, 34000, 33900, 34000, 33900, 33900, 33900] cpp_raw=[31300, 31300, 31300, 31300, 31300, 31300, 31300, 31300, 31300, 31300, 31300, 31300] public_ns=33900 pointer_ns=33900 slice_ns=33900 cpp_ns=31300 result=3ff0000000000000 hash=11c9366db9c9a94f
case w=256 h=128 layout=universal-negative corpus=positive public_raw=[33900, 33900, 33900, 33900, 33900, 33900, 34000, 33900, 34000, 34000, 33900, 33900] pointer_raw=[33900, 33900, 33900, 33900, 34000, 33900, 34000, 33900, 33900, 33900, 33900, 33900] slice_raw=[34000, 34000, 34000, 34000, 33900, 33900, 33800, 34000, 33900, 34000, 33900, 34000] cpp_raw=[31300, 31300, 31300, 31300, 31300, 31300, 31300, 31300, 31300, 31300, 31300, 31300] public_ns=33900 pointer_ns=33900 slice_ns=34000 cpp_ns=31300 result=40d05bc706e36e40 hash=80a7df72833edfd2
case w=256 h=128 layout=universal-negative corpus=cancellation public_raw=[33900, 33900, 33900, 33900, 33900, 33800, 33900, 33800, 33900, 33900, 33900, 33900] pointer_raw=[33900, 34000, 33900, 34000, 33900, 33900, 33900, 34000, 33900, 34000, 34000, 33900] slice_raw=[33900, 34000, 33900, 33900, 33900, 33900, 34000, 33900, 34000, 33900, 34000, 34000] cpp_raw=[31300, 31300, 31300, 31300, 31300, 31300, 31300, 31300, 31300, 31300, 31300, 31300] public_ns=33900 pointer_ns=33900 slice_ns=33900 cpp_ns=31300 result=3ff0000000000000 hash=69b8d69cb89ba94f
case w=256 h=128 layout=repeated-row corpus=positive public_raw=[36000, 36000, 35900, 35900, 36000, 36000, 35900, 36000, 36000, 35900, 36000, 36000] pointer_raw=[31300, 31300, 31300, 31300, 31300, 31800, 31300, 31300, 31300, 31300, 31300, 31800] slice_raw=[36000, 31300, 31300, 31300, 31300, 31300, 31300, 36000, 31300, 31300, 31300, 31300] cpp_raw=[31300, 31300, 31300, 31300, 31300, 33500, 31300, 31300, 31300, 31300, 31300, 31300] public_ns=36000 pointer_ns=31300 slice_ns=31300 cpp_ns=31300 result=40cf81efb5c54000 hash=49714b53d54ac7b
case w=256 h=128 layout=repeated-row corpus=cancellation public_raw=[36000, 36000, 36000, 35900, 35900, 35900, 36000, 36000, 36000, 36000, 36000, 35900] pointer_raw=[31900, 31300, 31300, 31300, 31300, 31300, 31300, 31300, 31900, 31300, 31300, 31300] slice_raw=[31300, 31300, 31300, 36000, 31300, 31300, 31300, 36000, 31300, 31300, 31300, 36000] cpp_raw=[31300, 31300, 31300, 31300, 31300, 31300, 31300, 33800, 31300, 31300, 31300, 31300] public_ns=36000 pointer_ns=31300 slice_ns=31300 cpp_ns=31300 result=3ff0000000000000 hash=e593d3b04b0d07bd
case w=256 h=128 layout=zero-both corpus=positive public_raw=[33100, 33100, 33000, 33000, 33200, 33100, 33100, 33000, 33100, 33000, 33000, 34700] pointer_raw=[33100, 33100, 33000, 33000, 33200, 33100, 33100, 33100, 33100, 33200, 52100, 59000] slice_raw=[33100, 33100, 33100, 35600, 39200, 33200, 33200, 33100, 33100, 33100, 33000, 40000] cpp_raw=[30500, 30500, 30500, 30500, 31600, 30600, 30500, 30500, 30500, 30500, 30500, 81900] public_ns=33100 pointer_ns=33100 slice_ns=33100 cpp_ns=30500 result=40bb3b6460000000 hash=dca1f6e90fc4a294
case w=256 h=128 layout=zero-both corpus=cancellation public_raw=[33200, 33200, 33100, 33100, 33000, 33100, 42700, 33200, 33100, 33100, 33100, 33000] pointer_raw=[33200, 33100, 33100, 33100, 33100, 33100, 74800, 33100, 34600, 33100, 33100, 33000] slice_raw=[33100, 33000, 33100, 33100, 33100, 33100, 33100, 33200, 40300, 33100, 33100, 33200] cpp_raw=[30600, 30500, 30500, 30500, 30500, 30500, 30500, 30600, 31000, 30600, 30500, 30500] public_ns=33100 pointer_ns=33100 slice_ns=33100 cpp_ns=30500 result=40e0000000000000 hash=5e6a49abe85e7e27
case w=2048 h=512 layout=contiguous corpus=positive public_raw=[992600, 990600, 991000, 991200, 992700, 991200, 992100, 985500, 1004600, 967900, 963500, 968100] pointer_raw=[984800, 984100, 985100, 984900, 984000, 984700, 985300, 984600, 962300, 961400, 960400, 1004200] slice_raw=[1137300, 1126200, 1134100, 1127300, 1116700, 1114300, 1127100, 1126300, 1097800, 1101100, 1101000, 1089200] cpp_raw=[980400, 980400, 984100, 980800, 980500, 981200, 981200, 980900, 958600, 992000, 959000, 958600] public_ns=991100 pointer_ns=984650 slice_ns=1121450 cpp_ns=980650 result=41205e2e4a399ead hash=c6dac67e2265fef0
case w=2048 h=512 layout=contiguous corpus=cancellation public_raw=[1022500, 967700, 967700, 967900, 967800, 1025800, 967700, 967300, 967300, 1032100, 968700, 984700] pointer_raw=[1000100, 1027600, 961200, 999000, 961400, 961400, 961300, 961600, 961500, 961800, 961600, 962100] slice_raw=[1154500, 1135000, 1100100, 1176000, 1100500, 1101000, 1100600, 1104000, 1100300, 1058800, 1100500, 1082100] cpp_raw=[995500, 992900, 958100, 958000, 958500, 1060300, 959600, 958000, 958400, 958100, 959000, 957800] public_ns=967850 pointer_ns=961600 slice_ns=1100550 cpp_ns=958450 result=3ff0000000000000 hash=a69aed56f8a74fbd
case w=2048 h=512 layout=padded corpus=positive public_raw=[1088700, 1096200, 1151700, 1088700, 1159800, 1088100, 1090500, 1090500, 1090100, 1087900, 1087900, 1088000] pointer_raw=[962700, 960900, 962000, 962600, 962400, 962000, 962000, 955600, 961600, 960800, 993400, 961700] slice_raw=[1165600, 1142400, 1148000, 1073600, 1100500, 1085000, 1103600, 1093100, 1102800, 1100200, 1091700, 1101100] cpp_raw=[958500, 958600, 958300, 958700, 1025200, 958200, 955700, 955800, 1022800, 958000, 958200, 958100] public_ns=1089400 pointer_ns=962000 slice_ns=1100800 cpp_ns=958250 result=41205e2e4a399ead hash=2c08ab9cb604d170
case w=2048 h=512 layout=padded corpus=cancellation public_raw=[1121600, 1119500, 1087700, 1087800, 1087800, 1087700, 1087900, 1088200, 1130300, 1492600, 1143000, 1168600] pointer_raw=[962000, 959700, 961700, 961600, 961800, 962300, 961500, 962500, 1026400, 1148900, 1031100, 1015900] slice_raw=[1082900, 1082700, 1147800, 1082700, 1100200, 1082600, 1082600, 1100700, 1101000, 1397300, 1446400, 1187600] cpp_raw=[958000, 958000, 958500, 958000, 958100, 958200, 958600, 958900, 1398500, 1033200, 1050300, 995300] public_ns=1103850 pointer_ns=962150 slice_ns=1100450 cpp_ns=958550 result=3ff0000000000000 hash=d0a747135a70713d
case w=2048 h=512 layout=negative-row corpus=positive public_raw=[1318100, 1240400, 1255300, 1236200, 1220300, 1214100, 1209700, 1167400, 1172000, 1167800, 1166500, 1166700] pointer_raw=[1173100, 1265800, 1071100, 1096100, 1094200, 1070700, 1035100, 1031400, 1035200, 1033300, 1033800, 1033600] slice_raw=[1357300, 1218900, 1133000, 1179300, 1360400, 1165800, 1287700, 1182400, 1181500, 1180600, 1182700, 1179500] cpp_raw=[1191300, 992300, 1014100, 1079100, 1134100, 1069200, 1127800, 1033700, 1028000, 1028100, 1028100, 1038400] public_ns=1211900 pointer_ns=1052950 slice_ns=1181950 cpp_ns=1036050 result=41205e2e4a399ead hash=79d855f7de969fd4
case w=2048 h=512 layout=negative-row corpus=cancellation public_raw=[1112900, 1119500, 1113000, 1112900, 1159000, 1113600, 1113100, 1113100, 1113100, 1113000, 1113000, 1113200] pointer_raw=[985700, 986300, 986100, 1017600, 992300, 1029300, 986000, 988600, 985800, 985500, 985800, 987200] slice_raw=[1126600, 1119300, 1119900, 1336500, 1169300, 1160300, 1126200, 1126100, 1195800, 1120000, 1126600, 1119500] cpp_raw=[980500, 982500, 981800, 980500, 1020800, 984700, 980600, 980500, 980500, 981000, 980500, 980400] public_ns=1113100 pointer_ns=986200 slice_ns=1126400 cpp_ns=980550 result=3ff0000000000000 hash=d0a747135a70713d
case w=2048 h=512 layout=universal corpus=positive public_raw=[1086600, 1091700, 1072200, 1045800, 1168700, 1046200, 1021900, 1075400, 1019900, 1041500, 1021800, 1067900] pointer_raw=[1112900, 1081700, 1590400, 1030800, 1049000, 1023900, 1020000, 1068800, 1167900, 1023100, 1094400, 1062400] slice_raw=[1093800, 1081200, 1071200, 1025900, 1041900, 1019400, 1018100, 1023900, 1051900, 1020400, 1045100, 1049400] cpp_raw=[992700, 1005900, 993400, 1075900, 947800, 1004800, 946400, 1066500, 951000, 1012400, 985500, 1019700] public_ns=1057050 pointer_ns=1065600 slice_ns=1043500 cpp_ns=999100 result=41205e2e4a399ead hash=6e14901679ca267a
case w=2048 h=512 layout=universal corpus=cancellation public_raw=[1103600, 1041000, 1086000, 1042800, 1051200, 1045100, 1073700, 1041000, 1065500, 1042700, 1065900, 1042100] pointer_raw=[1055000, 1366600, 1044200, 1135100, 1059700, 1068800, 1042900, 1044600, 1041500, 1135000, 1069100, 1127800] slice_raw=[1058900, 1194000, 1166700, 1082600, 1043800, 1080300, 1040700, 1063500, 1042700, 1074200, 1043900, 1142100] cpp_raw=[980900, 991500, 1064000, 978100, 1007600, 979300, 994100, 968300, 968800, 979200, 979200, 973400] public_ns=1048150 pointer_ns=1064250 slice_ns=1068850 cpp_ns=979250 result=3ff0000000000000 hash=f76b74e1e473e94f
case w=2048 h=512 layout=universal-negative corpus=positive public_raw=[1070600, 1037900, 1040500, 1018200, 1039300, 1022500, 1018700, 1056200, 1018600, 1028200, 1020800, 1029300] pointer_raw=[1045400, 1041200, 1033300, 1056200, 1061100, 1022100, 1019200, 1092100, 1137000, 1021000, 1018800, 1023900] slice_raw=[1040700, 1146700, 1038800, 1019000, 1023800, 1019400, 1079000, 1020800, 1023300, 1016400, 1023800, 1022000] cpp_raw=[1084600, 974000, 971000, 951800, 950300, 1032900, 989100, 988800, 948200, 948300, 986600, 947300] public_ns=1028750 pointer_ns=1037250 slice_ns=1023550 cpp_ns=972500 result=41205e2e4a399ead hash=36f1d619b4475f82
case w=2048 h=512 layout=universal-negative corpus=cancellation public_raw=[1021100, 1082400, 1030200, 1049000, 1027000, 1015200, 1053100, 1048300, 1118500, 1055800, 1011100, 1014700] pointer_raw=[1022000, 1143000, 1017200, 1017700, 1015700, 1013400, 1030100, 1020300, 1017900, 1013200, 1063500, 1013400] slice_raw=[1011400, 1057200, 1015000, 1129200, 1014800, 1052300, 1057200, 1014000, 1013800, 1049300, 1014500, 1013800] cpp_raw=[1043000, 947800, 944700, 944100, 946200, 949900, 981400, 1079900, 943300, 995100, 946000, 954700] public_ns=1039250 pointer_ns=1017800 slice_ns=1014900 cpp_ns=948850 result=3ff0000000000000 hash=ab9670d8fefbe94f
case w=2048 h=512 layout=repeated-row corpus=positive public_raw=[1061900, 1095600, 1147200, 1061500, 1061600, 1061700, 1070200, 1061700, 1061600, 1061600, 1101200, 1392900] pointer_raw=[940800, 939300, 1051100, 939400, 939600, 939200, 1056800, 939600, 939500, 937500, 939700, 1109800] slice_raw=[1065000, 1055900, 1139600, 970300, 966900, 944300, 941700, 1075200, 951500, 1077000, 943600, 1117000] cpp_raw=[936200, 936200, 970000, 1008500, 936200, 970700, 934200, 965200, 936200, 970700, 934200, 1062400] public_ns=1061800 pointer_ns=939600 slice_ns=1013100 cpp_ns=950700 result=41208946735a2800 hash=9b7642ffa76b8e74
case w=2048 h=512 layout=repeated-row corpus=cancellation public_raw=[1112500, 1180700, 1137500, 1116300, 1108400, 1140100, 1179500, 1137800, 1137900, 1138000, 1137600, 1137500] pointer_raw=[1007000, 1012600, 1030400, 972500, 1006600, 1006500, 1006700, 1006900, 1006800, 1006200, 1004900, 1005200] slice_raw=[1213000, 1115800, 1215100, 1037800, 1105100, 1122300, 1014300, 1152200, 1118300, 1140200, 1152300, 1100800] cpp_raw=[1062400, 980800, 1012000, 970500, 1003400, 1003200, 1030200, 1005600, 1003100, 1003100, 1007200, 1003100] public_ns=1137700 pointer_ns=1006650 slice_ns=1120300 cpp_ns=1003300 result=3ff0000000000000 hash=7db41a694ebd0fbd
case w=2048 h=512 layout=zero-both corpus=positive public_raw=[1072000, 1071100, 1074000, 1071200, 1071100, 1071300, 1068800, 1075200, 1070300, 1074600, 1109000, 1021800] pointer_raw=[1083200, 1071000, 1071400, 1071800, 1070400, 1071000, 1071500, 1068900, 1069500, 1069700, 1023300, 1024100] slice_raw=[1071800, 1070800, 1067900, 1071300, 1072400, 1073200, 1083500, 1070400, 1069100, 1070100, 1085800, 1022700] cpp_raw=[1003100, 1003200, 1003500, 1003000, 1003200, 1003000, 1003700, 1003000, 1003200, 1003100, 957500, 957500] public_ns=1071250 pointer_ns=1070700 slice_ns=1071050 cpp_ns=1003100 result=412e916880000000 hash=adc4660192ca3fa3
case w=2048 h=512 layout=zero-both corpus=cancellation public_raw=[1023400, 1032400, 1022400, 1022500, 1055900, 1045500, 1044700, 1046900, 1045600, 1046500, 1045200, 1045700] pointer_raw=[1098400, 1082400, 1023200, 1023600, 1057700, 1047100, 1046800, 1103800, 1046400, 1046200, 1046200, 1046900] slice_raw=[1400000, 1080500, 1023900, 1069700, 1078900, 1048700, 1046400, 1046500, 1045700, 1045500, 1045700, 1046600] cpp_raw=[1428700, 993300, 957300, 957400, 979900, 1013100, 979800, 979700, 979700, 979700, 979700, 979700] public_ns=1045350 pointer_ns=1046850 slice_ns=1046550 cpp_ns=979700 result=4130000000000000 hash=5e6a49abe85e7e27
m3_strict_reduction PASS cases=42 sink=0
