contracts PASS invalid/empty/out-zero/cancellation
semantic PASS cases=56 finite-bitwise NaN-class source-preserved
case w=31 h=17 layout=contiguous corpus=positive public_raw=[600, 500, 500, 500, 500, 500, 500, 500, 500, 500, 500, 500] pointer_raw=[500, 500, 500, 500, 500, 500, 500, 500, 500, 500, 500, 500] slice_raw=[600, 500, 500, 600, 500, 500, 500, 600, 500, 500, 600, 500] cpp_raw=[500, 500, 500, 500, 500, 500, 500, 500, 500, 500, 500, 500] public_ns=500 pointer_ns=500 slice_ns=500 cpp_ns=500 result=40702cf2bd10f800 hash=8596af9913445ebd
case w=31 h=17 layout=contiguous corpus=cancellation public_raw=[500, 500, 500, 500, 500, 500, 500, 500, 500, 500, 500, 500] pointer_raw=[500, 500, 500, 500, 500, 500, 500, 500, 500, 500, 500, 500] slice_raw=[500, 500, 500, 600, 500, 500, 500, 600, 500, 500, 500, 500] cpp_raw=[500, 500, 500, 500, 500, 500, 500, 500, 500, 500, 500, 500] public_ns=500 pointer_ns=500 slice_ns=500 cpp_ns=500 result=0 hash=789619667ec2b54f
case w=31 h=17 layout=padded corpus=positive public_raw=[600, 600, 600, 600, 600, 600, 600, 600, 600, 600, 600, 600] pointer_raw=[500, 500, 500, 500, 500, 500, 500, 500, 500, 500, 500, 500] slice_raw=[600, 600, 500, 500, 600, 600, 500, 500, 500, 500, 600, 600] cpp_raw=[500, 500, 500, 500, 500, 500, 500, 500, 500, 500, 500, 500] public_ns=600 pointer_ns=500 slice_ns=550 cpp_ns=500 result=40702cf2bd10f800 hash=d2884b9a0909f1bd
case w=31 h=17 layout=padded corpus=cancellation public_raw=[600, 600, 600, 600, 600, 600, 600, 600, 600, 600, 600, 600] pointer_raw=[500, 500, 500, 500, 500, 500, 500, 500, 500, 500, 500, 500] slice_raw=[500, 600, 600, 600, 600, 500, 600, 500, 500, 600, 600, 500] cpp_raw=[500, 500, 500, 500, 500, 500, 500, 500, 500, 500, 500, 500] public_ns=600 pointer_ns=500 slice_ns=600 cpp_ns=500 result=0 hash=1dab101df9a52d4f
case w=31 h=17 layout=negative-row corpus=positive public_raw=[600, 600, 600, 600, 600, 5200, 600, 600, 600, 600, 13300, 600] pointer_raw=[500, 500, 500, 500, 500, 500, 500, 500, 500, 500, 500, 500] slice_raw=[600, 500, 500, 500, 500, 500, 600, 600, 500, 500, 500, 500] cpp_raw=[500, 500, 500, 500, 500, 500, 500, 500, 500, 500, 500, 500] public_ns=600 pointer_ns=500 slice_ns=500 cpp_ns=500 result=40702cf2bd10f800 hash=8ff8755106ec0ed1
case w=31 h=17 layout=negative-row corpus=cancellation public_raw=[600, 600, 600, 600, 600, 600, 600, 600, 600, 600, 600, 600] pointer_raw=[500, 500, 500, 500, 500, 500, 500, 500, 500, 500, 500, 500] slice_raw=[500, 500, 600, 500, 500, 600, 500, 500, 500, 600, 600, 600] cpp_raw=[500, 500, 500, 500, 500, 500, 500, 500, 500, 500, 500, 500] public_ns=600 pointer_ns=500 slice_ns=500 cpp_ns=500 result=0 hash=6d1fa80ff9a52d4f
case w=31 h=17 layout=universal corpus=positive public_raw=[600, 600, 500, 500, 600, 600, 600, 500, 500, 600, 600, 500] pointer_raw=[600, 600, 600, 600, 600, 600, 600, 600, 600, 600, 600, 600] slice_raw=[600, 600, 600, 600, 600, 500, 500, 600, 500, 500, 500, 600] cpp_raw=[500, 500, 500, 500, 500, 500, 500, 500, 500, 500, 500, 500] public_ns=600 pointer_ns=600 slice_ns=600 cpp_ns=500 result=40702cf2bd10f800 hash=45edc35f09d36ded
case w=31 h=17 layout=universal corpus=cancellation public_raw=[600, 600, 600, 500, 600, 600, 500, 500, 600, 600, 500, 600] pointer_raw=[600, 600, 600, 600, 600, 600, 600, 600, 600, 600, 600, 600] slice_raw=[500, 500, 600, 600, 500, 500, 500, 600, 500, 500, 500, 600] cpp_raw=[500, 500, 500, 500, 500, 500, 500, 500, 500, 500, 500, 500] public_ns=600 pointer_ns=600 slice_ns=500 cpp_ns=500 result=0 hash=a4ba9168a61697b7
case w=31 h=17 layout=universal-negative corpus=positive public_raw=[500, 600, 500, 500, 600, 600, 600, 600, 500, 600, 500, 600] pointer_raw=[600, 600, 600, 600, 600, 600, 600, 600, 600, 600, 600, 600] slice_raw=[600, 500, 500, 600, 600, 600, 600, 600, 600, 600, 600, 600] cpp_raw=[500, 500, 400, 500, 500, 500, 500, 500, 500, 500, 500, 500] public_ns=600 pointer_ns=600 slice_ns=600 cpp_ns=500 result=40702cf2bd10f800 hash=314c0201084e056d
case w=31 h=17 layout=universal-negative corpus=cancellation public_raw=[600, 600, 600, 600, 500, 600, 500, 500, 500, 600, 500, 500] pointer_raw=[600, 600, 600, 600, 600, 600, 600, 600, 600, 600, 600, 600] slice_raw=[600, 600, 600, 600, 600, 600, 600, 600, 600, 600, 600, 600] cpp_raw=[500, 500, 500, 500, 500, 500, 500, 500, 500, 500, 500, 500] public_ns=550 pointer_ns=600 slice_ns=600 cpp_ns=500 result=0 hash=e5517cc7a61697b7
case w=31 h=17 layout=repeated-row corpus=positive public_raw=[600, 600, 600, 600, 600, 600, 600, 600, 600, 600, 600, 600] pointer_raw=[500, 500, 500, 500, 500, 500, 500, 500, 500, 500, 500, 500] slice_raw=[500, 500, 600, 600, 600, 600, 600, 500, 600, 500, 600, 500] cpp_raw=[500, 500, 500, 500, 500, 500, 500, 500, 500, 500, 500, 500] public_ns=600 pointer_ns=500 slice_ns=600 cpp_ns=500 result=4074dfc7beb80000 hash=552d99476c28af5f
case w=31 h=17 layout=repeated-row corpus=cancellation public_raw=[600, 600, 600, 600, 600, 600, 600, 600, 600, 600, 600, 600] pointer_raw=[500, 500, 500, 500, 500, 500, 500, 500, 500, 500, 500, 500] slice_raw=[500, 600, 600, 600, 600, 600, 500, 500, 600, 500, 500, 500] cpp_raw=[500, 500, 500, 500, 500, 500, 500, 500, 500, 500, 500, 500] public_ns=600 pointer_ns=500 slice_ns=550 cpp_ns=500 result=0 hash=a7fc3bd9d42fa9cf
case w=31 h=17 layout=zero-both corpus=positive public_raw=[600, 600, 600, 500, 600, 600, 500, 600, 600, 600, 500, 500] pointer_raw=[600, 500, 600, 600, 500, 500, 600, 500, 500, 500, 600, 500] slice_raw=[600, 600, 600, 500, 500, 500, 600, 500, 500, 500, 500, 600] cpp_raw=[500, 500, 500, 500, 500, 500, 500, 500, 500, 500, 500, 500] public_ns=600 pointer_ns=500 slice_ns=500 cpp_ns=500 result=407971b867000000 hash=8dfb19b47f723b97
case w=31 h=17 layout=zero-both corpus=cancellation public_raw=[600, 600, 600, 600, 600, 600, 600, 600, 600, 600, 700, 600] pointer_raw=[600, 600, 600, 600, 600, 600, 600, 600, 600, 600, 600, 600] slice_raw=[600, 600, 600, 600, 600, 600, 600, 600, 600, 600, 600, 600] cpp_raw=[500, 500, 500, 500, 500, 500, 500, 500, 500, 500, 500, 500] public_ns=600 pointer_ns=600 slice_ns=600 cpp_ns=500 result=c4a651bedd400000 hash=93bae8e06d7f38b
case w=256 h=128 layout=contiguous corpus=positive public_raw=[30200, 30600, 29900, 30400, 30000, 30200, 29900, 30200, 33600, 29900, 29900, 30400] pointer_raw=[64900, 30000, 30500, 30500, 83400, 30600, 30600, 30500, 30500, 30500, 30600, 30500] slice_raw=[34500, 30000, 34400, 30000, 30000, 29900, 34400, 34400, 30000, 30000, 34400, 34400] cpp_raw=[29900, 29900, 29900, 29900, 29900, 29900, 29900, 29900, 29900, 29900, 29900, 29900] public_ns=30200 pointer_ns=30500 slice_ns=32200 cpp_ns=29900 result=40d05bc706e36e40 hash=3f262f3c25d3932c
case w=256 h=128 layout=contiguous corpus=cancellation public_raw=[30200, 30500, 29900, 30300, 30300, 30500, 30500, 30300, 29900, 30200, 30800, 30400] pointer_raw=[30500, 58800, 30500, 30500, 30600, 56900, 29900, 30500, 30600, 44500, 30500, 30600] slice_raw=[34400, 30000, 34400, 34400, 29900, 50000, 34400, 34400, 34400, 48000, 34400, 34400] cpp_raw=[29900, 29900, 29900, 29900, 29900, 29900, 29900, 29900, 32400, 48500, 29900, 29900] public_ns=30300 pointer_ns=30550 slice_ns=34400 cpp_ns=29900 result=3ff0000000000000 hash=92b36eaed3f34fbd
case w=256 h=128 layout=padded corpus=positive public_raw=[34300, 34400, 34300, 34400, 34300, 34300, 34300, 34300, 34400, 34400, 34400, 36800] pointer_raw=[30600, 30600, 30600, 30600, 76700, 30600, 30500, 30500, 30500, 30600, 30500, 43500] slice_raw=[34400, 34500, 34400, 34400, 34500, 34400, 34400, 61500, 29900, 34400, 34400, 33600] cpp_raw=[83800, 29900, 29900, 29900, 29900, 29900, 29900, 29900, 29900, 29900, 29800, 29900] public_ns=34350 pointer_ns=30600 slice_ns=34400 cpp_ns=29900 result=40d05bc706e36e40 hash=dbe5f10c75e5df2c
case w=256 h=128 layout=padded corpus=cancellation public_raw=[34300, 34400, 34400, 34400, 34400, 34400, 34400, 34400, 37300, 52800, 34400, 43100] pointer_raw=[30600, 30600, 30600, 30600, 32900, 30500, 30500, 30500, 70700, 30600, 30600, 43500] slice_raw=[37000, 30000, 34400, 34500, 34500, 34400, 34500, 34400, 30000, 34500, 51500, 30000] cpp_raw=[29900, 29900, 29900, 29900, 29900, 29900, 29900, 29900, 29900, 29900, 29900, 29900] public_ns=34400 pointer_ns=30600 slice_ns=34450 cpp_ns=29900 result=3ff0000000000000 hash=27aaca5e7e61b13d
case w=256 h=128 layout=negative-row corpus=positive public_raw=[34400, 34400, 222200, 34400, 34400, 55800, 34400, 34300, 34300, 34300, 34300, 34300] pointer_raw=[29900, 29900, 30600, 30600, 30500, 29900, 30600, 30500, 30600, 30500, 30600, 29900] slice_raw=[29900, 29900, 29900, 34500, 34400, 30600, 30000, 30700, 29900, 29900, 29900, 34400] cpp_raw=[29900, 29900, 29900, 29900, 29900, 29900, 29900, 29900, 29900, 51500, 29900, 29900] public_ns=34400 pointer_ns=30500 slice_ns=29950 cpp_ns=29900 result=40d05bc706e36e40 hash=f79ed8293f6bcb5c
case w=256 h=128 layout=negative-row corpus=cancellation public_raw=[68400, 34400, 34400, 34300, 34300, 34400, 34300, 36800, 34400, 34400, 34400, 67200] pointer_raw=[30600, 29900, 30500, 30500, 30600, 29900, 30500, 30600, 30600, 30600, 30500, 30600] slice_raw=[34400, 34400, 33500, 46700, 33600, 33500, 33500, 33600, 33500, 33600, 33500, 33600] cpp_raw=[29900, 29900, 29900, 29900, 29900, 29900, 29900, 29900, 29900, 29900, 29900, 32200] public_ns=34400 pointer_ns=30550 slice_ns=33600 cpp_ns=29900 result=3ff0000000000000 hash=27aaca5e7e61b13d
case w=256 h=128 layout=universal corpus=positive public_raw=[32700, 32700, 32700, 32600, 32600, 32700, 32700, 32700, 32700, 32600, 32700, 32600] pointer_raw=[32600, 32600, 32700, 32700, 32800, 32700, 32600, 64600, 32600, 32700, 32700, 32700] slice_raw=[32700, 32700, 32700, 32700, 32700, 32800, 32700, 32700, 32800, 32700, 32700, 32700] cpp_raw=[29900, 29900, 29900, 29900, 32400, 29900, 29900, 29900, 29900, 29900, 29900, 29900] public_ns=32700 pointer_ns=32700 slice_ns=32700 cpp_ns=29900 result=40d05bc706e36e40 hash=f51edac924f49e8a
case w=256 h=128 layout=universal corpus=cancellation public_raw=[32700, 32700, 32700, 32700, 32700, 32700, 32700, 32700, 32700, 32700, 32700, 51500] pointer_raw=[32700, 32700, 32700, 32700, 32700, 32700, 32700, 32700, 32700, 32700, 32700, 51700] slice_raw=[32700, 32600, 32700, 32800, 32700, 32700, 32800, 32700, 32800, 32700, 32800, 32700] cpp_raw=[29900, 29900, 29900, 29900, 32300, 29900, 29900, 29900, 29900, 29900, 29900, 29900] public_ns=32700 pointer_ns=32700 slice_ns=32700 cpp_ns=29900 result=3ff0000000000000 hash=11c9366db9c9a94f
case w=256 h=128 layout=universal-negative corpus=positive public_raw=[32700, 32600, 32600, 32700, 32700, 35100, 32600, 32600, 32600, 32600, 32600, 32600] pointer_raw=[32600, 32700, 32700, 32700, 32700, 32600, 32700, 32600, 32600, 32600, 32600, 32700] slice_raw=[32700, 32700, 32600, 32700, 32600, 32600, 32700, 32600, 32700, 32600, 32700, 32700] cpp_raw=[29900, 29900, 29900, 29900, 29900, 29900, 29900, 29900, 29900, 29900, 29900, 29900] public_ns=32600 pointer_ns=32650 slice_ns=32700 cpp_ns=29900 result=40d05bc706e36e40 hash=80a7df72833edfd2
case w=256 h=128 layout=universal-negative corpus=cancellation public_raw=[32700, 32600, 32600, 46300, 32700, 69900, 32700, 32600, 32600, 32600, 32600, 32700] pointer_raw=[32600, 32700, 32600, 32600, 32600, 32600, 32600, 32600, 66900, 32600, 32800, 32600] slice_raw=[32700, 32700, 32700, 32600, 32600, 32600, 32700, 32700, 32700, 32600, 32600, 32700] cpp_raw=[29900, 29900, 29900, 29900, 29900, 29900, 29900, 29900, 29900, 29900, 29900, 29900] public_ns=32650 pointer_ns=32600 slice_ns=32700 cpp_ns=29900 result=3ff0000000000000 hash=69b8d69cb89ba94f
case w=256 h=128 layout=repeated-row corpus=positive public_raw=[34300, 34300, 34300, 34400, 34400, 34300, 34300, 34300, 34300, 34300, 34300, 34300] pointer_raw=[30400, 29900, 29900, 29900, 29900, 29900, 30500, 29900, 29900, 29900, 29900, 29900] slice_raw=[29900, 29900, 29900, 29900, 29900, 29900, 29900, 29900, 29900, 29900, 29900, 34400] cpp_raw=[29900, 29800, 29800, 29800, 29800, 31900, 29800, 29800, 29800, 29800, 29900, 29800] public_ns=34300 pointer_ns=29900 slice_ns=29900 cpp_ns=29800 result=40cf81efb5c54000 hash=49714b53d54ac7b
case w=256 h=128 layout=repeated-row corpus=cancellation public_raw=[34300, 34300, 34300, 34300, 47500, 34300, 34300, 34300, 34300, 34300, 34400, 34400] pointer_raw=[33400, 29900, 29900, 30500, 30400, 30400, 30400, 29900, 29900, 30400, 29900, 29900] slice_raw=[29900, 29900, 29900, 49300, 29900, 34400, 34400, 33600, 29900, 29900, 29900, 29900] cpp_raw=[29800, 29800, 29800, 29800, 29800, 29800, 29800, 29800, 29800, 29800, 29800, 29800] public_ns=34300 pointer_ns=30150 slice_ns=29900 cpp_ns=29800 result=3ff0000000000000 hash=e593d3b04b0d07bd
case w=256 h=128 layout=zero-both corpus=positive public_raw=[32300, 32200, 32200, 32300, 32300, 32300, 32400, 32300, 32300, 32200, 32300, 32300] pointer_raw=[32300, 32200, 32300, 32300, 32200, 32300, 32300, 32200, 32300, 32300, 32200, 32400] slice_raw=[32300, 32200, 32300, 32200, 32200, 34400, 32200, 32300, 32300, 32300, 32400, 32300] cpp_raw=[29900, 29900, 29900, 29800, 29900, 29800, 29900, 29800, 29900, 29900, 29900, 29800] public_ns=32300 pointer_ns=32300 slice_ns=32300 cpp_ns=29900 result=40bb3b6460000000 hash=dca1f6e90fc4a294
case w=256 h=128 layout=zero-both corpus=cancellation public_raw=[32300, 32300, 32200, 32500, 32300, 32300, 32200, 32300, 32300, 32200, 32100, 32300] pointer_raw=[32300, 32300, 32300, 32200, 32300, 32300, 32300, 32300, 32300, 32100, 32200, 32300] slice_raw=[32200, 32100, 32300, 32200, 32100, 32100, 32300, 32300, 32200, 32100, 32300, 32400] cpp_raw=[29800, 29800, 29800, 29800, 29800, 29800, 31900, 29800, 29900, 29800, 29900, 29800] public_ns=32300 pointer_ns=32300 slice_ns=32200 cpp_ns=29800 result=40e0000000000000 hash=5e6a49abe85e7e27
case w=2048 h=512 layout=contiguous corpus=positive public_raw=[1141100, 973900, 959500, 966300, 967600, 1001500, 998400, 1029600, 1004800, 967400, 967500, 968600] pointer_raw=[1000800, 1021800, 958900, 961900, 961400, 961600, 1056200, 996300, 998500, 996000, 961600, 962700] slice_raw=[1138000, 1105600, 1207800, 1102200, 1071500, 1051400, 1100500, 1199300, 1099100, 1100400, 1084700, 1002000] cpp_raw=[996300, 1192100, 958300, 958200, 958100, 958100, 958100, 958500, 994600, 958000, 958100, 959100] public_ns=971250 pointer_ns=979350 slice_ns=1100450 cpp_ns=958250 result=41205e2e4a399ead hash=c6dac67e2265fef0
case w=2048 h=512 layout=contiguous corpus=cancellation public_raw=[967400, 967400, 967300, 967400, 967900, 969500, 959500, 967300, 964800, 1061900, 946000, 945800] pointer_raw=[955700, 961000, 961600, 1063700, 961600, 961400, 961700, 1015900, 961400, 961800, 940300, 940100] slice_raw=[1092600, 1131800, 1067800, 1165400, 1019700, 992800, 1080300, 1136000, 1079100, 1096000, 1040600, 1144300] cpp_raw=[958100, 959000, 958100, 958100, 963100, 990200, 958100, 959300, 958100, 958200, 936800, 936800] public_ns=967350 pointer_ns=961500 slice_ns=1086450 cpp_ns=958100 result=3ff0000000000000 hash=a69aed56f8a74fbd
case w=2048 h=512 layout=padded corpus=positive public_raw=[1063400, 1136500, 1063600, 1066500, 1067000, 1097300, 1082500, 1087800, 1185500, 1190100, 1230400, 1230400] pointer_raw=[937400, 939600, 1042600, 940100, 937600, 1161000, 992400, 1016600, 1027600, 968000, 999000, 1147300] slice_raw=[1075700, 1058700, 1144200, 1066500, 1075900, 1167700, 1092700, 1552300, 1241400, 1083100, 1177700, 1166500] cpp_raw=[938000, 934300, 936900, 934300, 988100, 1053800, 936900, 992400, 964200, 1255200, 1030900, 958600] public_ns=1092550 pointer_ns=995700 slice_ns=1118450 cpp_ns=961400 result=41205e2e4a399ead hash=2c08ab9cb604d170
case w=2048 h=512 layout=padded corpus=cancellation public_raw=[1256500, 1182800, 1202200, 1139500, 1158600, 1199100, 1189100, 1155100, 1181900, 1130400, 1114800, 1213500] pointer_raw=[1070700, 1260300, 1047900, 1045500, 1085400, 1009900, 1012400, 1073000, 1073800, 984600, 984000, 1079500] slice_raw=[1219800, 1152700, 1206500, 1239900, 1218400, 1134500, 1179600, 1186300, 1168600, 1227300, 1130700, 1191100] cpp_raw=[1062500, 1011300, 1055700, 1005600, 1011300, 1021100, 1056900, 1005400, 983500, 1073800, 984600, 1021800] public_ns=1182350 pointer_ns=1059300 slice_ns=1188700 cpp_ns=1016200 result=3ff0000000000000 hash=d0a747135a70713d
case w=2048 h=512 layout=negative-row corpus=positive public_raw=[1139400, 1114600, 1114500, 1112800, 1127900, 1113400, 1112600, 1119700, 1115600, 1113100, 1112900, 1112600] pointer_raw=[982000, 987300, 988400, 985400, 988100, 987100, 985500, 985600, 985300, 985900, 985300, 985400] slice_raw=[1140800, 1126100, 1121900, 1126800, 1130800, 1126400, 1117100, 1126600, 1119300, 1116600, 1116600, 1117000] cpp_raw=[985600, 980400, 983400, 981000, 1019900, 980400, 980300, 1022300, 980300, 980300, 980300, 980800] public_ns=1113950 pointer_ns=985550 slice_ns=1124000 cpp_ns=980600 result=41205e2e4a399ead hash=79d855f7de969fd4
case w=2048 h=512 layout=negative-row corpus=cancellation public_raw=[1087600, 1087500, 1118800, 1119100, 1087400, 1090000, 1089300, 1308200, 1199600, 1098300, 1130400, 1087500] pointer_raw=[963200, 963100, 963400, 963700, 963200, 962900, 963300, 1157200, 1238200, 1011500, 998400, 963500] slice_raw=[1123200, 1158300, 1091600, 1091900, 1091000, 1093700, 1102400, 1184400, 1552100, 1189600, 1091800, 1100500] cpp_raw=[959300, 958100, 973000, 958000, 958300, 999900, 958000, 1251700, 1027800, 958300, 1022800, 1069900] public_ns=1094150 pointer_ns=963450 slice_ns=1101450 cpp_ns=966150 result=3ff0000000000000 hash=d0a747135a70713d
case w=2048 h=512 layout=universal corpus=positive public_raw=[1048500, 1044700, 1809100, 1467900, 1113300, 1064600, 1062900, 1118100, 1079400, 1072600, 1044900, 1047000] pointer_raw=[1043700, 1080900, 1464400, 1159300, 1075700, 1091200, 1068100, 1069700, 1072900, 1064300, 1074700, 1051400] slice_raw=[1041100, 1095100, 2508600, 1214200, 1042000, 1136400, 1063300, 1057300, 1047400, 1103700, 1051200, 1069000] cpp_raw=[1025800, 972000, 3187300, 1126200, 968400, 1055700, 1037400, 1031900, 1037800, 1023700, 965800, 985700] public_ns=1068600 pointer_ns=1073800 slice_ns=1066150 cpp_ns=1028850 result=41205e2e4a399ead hash=6e14901679ca267a
case w=2048 h=512 layout=universal corpus=cancellation public_raw=[1041300, 1048900, 1042200, 1040900, 1039200, 1042700, 1067600, 1041000, 1056500, 1021500, 1034200, 1017600] pointer_raw=[1043900, 1137800, 1038900, 1064700, 1043100, 1124800, 1043700, 1125100, 1047000, 1042000, 1034000, 1014800] slice_raw=[1041500, 1050900, 1122000, 1066800, 1039700, 1076700, 1086400, 1066100, 1055900, 1038100, 1018700, 1136700] cpp_raw=[1043100, 1001900, 982900, 967000, 1059800, 965900, 987400, 973700, 976800, 946300, 979600, 947100] public_ns=1041150 pointer_ns=1043800 slice_ns=1061000 cpp_ns=978200 result=3ff0000000000000 hash=f76b74e1e473e94f
case w=2048 h=512 layout=universal-negative corpus=positive public_raw=[1041000, 1017600, 1010100, 1052500, 1149800, 1021200, 1011300, 1019300, 1054300, 1033500, 1011800, 1042900] pointer_raw=[1056900, 1011800, 1129400, 1167100, 1025600, 1011800, 1009500, 1014800, 1201100, 1016900, 1011100, 1034600] slice_raw=[1107100, 1009400, 1012300, 1098800, 1012600, 1010000, 1049300, 1009800, 1072500, 1013100, 1026300, 1032900] cpp_raw=[945700, 987000, 942600, 989700, 944800, 1064700, 944600, 1006400, 965000, 944300, 979200, 1011800] public_ns=1027350 pointer_ns=1021250 slice_ns=1019700 cpp_ns=972100 result=41205e2e4a399ead hash=36f1d619b4475f82
case w=2048 h=512 layout=universal-negative corpus=cancellation public_raw=[1040400, 1125100, 1090700, 1039500, 1044300, 1038800, 1051200, 1043400, 1104100, 1043100, 1116500, 1039100] pointer_raw=[1040900, 1430000, 1040900, 1079400, 1039900, 1056200, 1051000, 1037300, 1046100, 1037800, 1043600, 1036800] slice_raw=[1047000, 1258000, 1089500, 1061100, 1041500, 1040800, 1039300, 1117000, 1039400, 1051600, 1038800, 1039100] cpp_raw=[968500, 1150200, 1051600, 972500, 969600, 968500, 967000, 971700, 970300, 973900, 969400, 970600] public_ns=1043850 pointer_ns=1042250 slice_ns=1044250 cpp_ns=970450 result=3ff0000000000000 hash=ab9670d8fefbe94f
case w=2048 h=512 layout=repeated-row corpus=positive public_raw=[1085900, 1402500, 1086300, 1351300, 1154800, 1152400, 1085700, 1086000, 1086100, 1111500, 1111000, 1155400] pointer_raw=[960700, 958200, 961500, 995500, 994900, 1071200, 960900, 960800, 1002900, 1061600, 1021200, 985800] slice_raw=[1095500, 1098100, 1134900, 1017500, 1043800, 1297400, 1045700, 1031300, 1127400, 1258600, 1033800, 1086100] cpp_raw=[957400, 1217400, 999500, 957400, 1029000, 1256700, 957900, 1188400, 1078800, 1069200, 979700, 1048100] public_ns=1111250 pointer_ns=990350 slice_ns=1090800 cpp_ns=1038550 result=41208946735a2800 hash=9b7642ffa76b8e74
case w=2048 h=512 layout=repeated-row corpus=cancellation public_raw=[1358500, 1111300, 1111100, 1113100, 1138100, 1137800, 1139700, 1137700, 1137500, 1137500, 1137500, 1137900] pointer_raw=[1028700, 983200, 983200, 1003200, 1006700, 1006700, 1006600, 1006200, 1006600, 1006300, 1006800, 1007000] slice_raw=[1165700, 1065400, 1089200, 1111500, 1047000, 1058000, 1086900, 1148700, 1041900, 1050900, 1080100, 1140600] cpp_raw=[979900, 980000, 979500, 979800, 1003100, 1003200, 1003100, 1003200, 1003400, 1003100, 1003000, 1003100] public_ns=1137600 pointer_ns=1006600 slice_ns=1083500 cpp_ns=1003100 result=3ff0000000000000 hash=7db41a694ebd0fbd
case w=2048 h=512 layout=zero-both corpus=positive public_raw=[1071300, 1069400, 1071900, 1070600, 1071200, 1073700, 1069700, 1072400, 1071900, 998700, 1000300, 1000100] pointer_raw=[1071500, 1077400, 1071400, 1070500, 1071500, 1070900, 1072700, 1072700, 1070100, 1097900, 1000100, 1000000] slice_raw=[1070800, 1074000, 1073400, 1071600, 1073400, 1071800, 1070000, 1070000, 1071700, 1172900, 1000500, 1034900] cpp_raw=[1003200, 1003400, 1003100, 1003000, 1003000, 1003500, 1003000, 1003000, 1003400, 1008400, 936200, 936200] public_ns=1070900 pointer_ns=1071450 slice_ns=1071650 cpp_ns=1003050 result=412e916880000000 hash=adc4660192ca3fa3
case w=2048 h=512 layout=zero-both corpus=cancellation public_raw=[1033800, 999400, 999500, 1000000, 1000200, 1047100, 1088100, 1046600, 1048700, 1045700, 1046600, 1045000] pointer_raw=[1240600, 999500, 1000700, 999600, 1049400, 1046500, 1044800, 1046700, 1045900, 1045600, 1044200, 1044700] slice_raw=[1035000, 1000200, 1033000, 1000500, 1047600, 1045700, 1046900, 1046100, 1047400, 1046500, 1045300, 1046300] cpp_raw=[970600, 936300, 936400, 936200, 980100, 979700, 980000, 980000, 979800, 979900, 980000, 993600] public_ns=1045350 pointer_ns=1045200 slice_ns=1045900 cpp_ns=979850 result=4130000000000000 hash=5e6a49abe85e7e27
m3_strict_reduction PASS cases=42 sink=0
