contracts PASS invalid/empty/out-zero/cancellation
semantic PASS cases=56 finite-bitwise NaN-class source-preserved
case w=31 h=17 layout=contiguous corpus=positive public_raw=[600, 500, 500, 500, 500, 600, 500, 500, 500, 500, 500, 500] pointer_raw=[500, 500, 500, 500, 500, 500, 500, 500, 500, 500, 500, 500] slice_raw=[500, 500, 500, 500, 600, 600, 600, 600, 500, 500, 600, 500] cpp_raw=[500, 500, 500, 500, 500, 500, 500, 500, 500, 500, 500, 500] public_ns=500 pointer_ns=500 slice_ns=500 cpp_ns=500 result=40702cf2bd10f800 hash=8596af9913445ebd
case w=31 h=17 layout=contiguous corpus=cancellation public_raw=[500, 500, 500, 500, 500, 500, 500, 500, 500, 500, 500, 500] pointer_raw=[500, 500, 500, 500, 500, 500, 500, 500, 500, 500, 500, 500] slice_raw=[600, 600, 600, 600, 500, 500, 500, 500, 500, 500, 500, 500] cpp_raw=[500, 500, 500, 500, 500, 500, 500, 500, 500, 500, 500, 500] public_ns=500 pointer_ns=500 slice_ns=500 cpp_ns=500 result=0 hash=789619667ec2b54f
case w=31 h=17 layout=padded corpus=positive public_raw=[600, 600, 600, 600, 600, 600, 600, 600, 600, 600, 600, 600] pointer_raw=[500, 500, 500, 500, 500, 500, 500, 500, 500, 500, 500, 500] slice_raw=[500, 600, 600, 500, 500, 600, 600, 500, 600, 600, 500, 600] cpp_raw=[500, 500, 500, 500, 500, 500, 500, 500, 500, 500, 500, 500] public_ns=600 pointer_ns=500 slice_ns=600 cpp_ns=500 result=40702cf2bd10f800 hash=d2884b9a0909f1bd
case w=31 h=17 layout=padded corpus=cancellation public_raw=[600, 600, 600, 600, 600, 600, 600, 600, 600, 600, 600, 600] pointer_raw=[500, 500, 500, 500, 500, 500, 500, 500, 500, 500, 500, 4300] slice_raw=[500, 500, 600, 500, 500, 600, 600, 500, 500, 500, 500, 600] cpp_raw=[500, 500, 500, 500, 500, 500, 500, 500, 500, 500, 500, 500] public_ns=600 pointer_ns=500 slice_ns=500 cpp_ns=500 result=0 hash=1dab101df9a52d4f
case w=31 h=17 layout=negative-row corpus=positive public_raw=[600, 600, 600, 600, 600, 600, 600, 600, 600, 600, 600, 600] pointer_raw=[500, 500, 500, 500, 500, 500, 500, 500, 500, 500, 500, 500] slice_raw=[500, 500, 600, 500, 500, 500, 600, 600, 600, 500, 500, 500] cpp_raw=[500, 500, 500, 500, 500, 500, 500, 500, 500, 500, 500, 500] public_ns=600 pointer_ns=500 slice_ns=500 cpp_ns=500 result=40702cf2bd10f800 hash=8ff8755106ec0ed1
case w=31 h=17 layout=negative-row corpus=cancellation public_raw=[600, 600, 600, 600, 600, 600, 600, 600, 600, 600, 600, 600] pointer_raw=[500, 500, 500, 500, 500, 500, 500, 500, 500, 500, 500, 500] slice_raw=[600, 500, 500, 500, 600, 500, 600, 600, 500, 600, 500, 500] cpp_raw=[500, 500, 500, 500, 500, 500, 500, 500, 500, 500, 500, 500] public_ns=600 pointer_ns=500 slice_ns=500 cpp_ns=500 result=0 hash=6d1fa80ff9a52d4f
case w=31 h=17 layout=universal corpus=positive public_raw=[600, 600, 600, 500, 600, 600, 600, 600, 500, 600, 500, 600] pointer_raw=[600, 600, 600, 600, 600, 600, 600, 600, 600, 600, 600, 600] slice_raw=[600, 600, 600, 600, 600, 600, 600, 600, 600, 600, 600, 600] cpp_raw=[500, 500, 500, 500, 500, 500, 500, 500, 500, 500, 500, 500] public_ns=600 pointer_ns=600 slice_ns=600 cpp_ns=500 result=40702cf2bd10f800 hash=45edc35f09d36ded
case w=31 h=17 layout=universal corpus=cancellation public_raw=[600, 600, 600, 600, 600, 600, 600, 600, 600, 600, 600, 600] pointer_raw=[600, 600, 600, 600, 600, 600, 600, 600, 600, 600, 600, 600] slice_raw=[500, 600, 600, 600, 600, 600, 600, 600, 600, 600, 600, 500] cpp_raw=[500, 500, 500, 500, 500, 500, 500, 500, 500, 500, 500, 500] public_ns=600 pointer_ns=600 slice_ns=600 cpp_ns=500 result=0 hash=a4ba9168a61697b7
case w=31 h=17 layout=universal-negative corpus=positive public_raw=[600, 600, 500, 500, 600, 600, 500, 500, 500, 600, 600, 500] pointer_raw=[600, 600, 600, 600, 600, 600, 600, 600, 600, 600, 600, 600] slice_raw=[600, 500, 600, 500, 600, 600, 600, 600, 600, 600, 600, 600] cpp_raw=[500, 500, 500, 500, 500, 500, 500, 500, 500, 500, 500, 500] public_ns=550 pointer_ns=600 slice_ns=600 cpp_ns=500 result=40702cf2bd10f800 hash=314c0201084e056d
case w=31 h=17 layout=universal-negative corpus=cancellation public_raw=[500, 600, 600, 500, 600, 600, 600, 600, 600, 600, 600, 600] pointer_raw=[600, 600, 600, 600, 600, 600, 600, 600, 600, 600, 600, 600] slice_raw=[500, 500, 600, 600, 600, 600, 600, 600, 600, 600, 600, 600] cpp_raw=[500, 500, 500, 500, 500, 500, 500, 500, 500, 500, 500, 500] public_ns=600 pointer_ns=600 slice_ns=600 cpp_ns=500 result=0 hash=e5517cc7a61697b7
case w=31 h=17 layout=repeated-row corpus=positive public_raw=[600, 600, 600, 600, 600, 600, 600, 600, 600, 600, 600, 600] pointer_raw=[500, 500, 500, 500, 500, 500, 500, 500, 500, 500, 500, 500] slice_raw=[600, 500, 500, 600, 500, 500, 600, 600, 600, 500, 600, 500] cpp_raw=[500, 500, 500, 500, 500, 500, 500, 500, 500, 500, 500, 500] public_ns=600 pointer_ns=500 slice_ns=550 cpp_ns=500 result=4074dfc7beb80000 hash=552d99476c28af5f
case w=31 h=17 layout=repeated-row corpus=cancellation public_raw=[600, 600, 600, 600, 600, 600, 600, 600, 600, 600, 600, 600] pointer_raw=[500, 500, 500, 500, 500, 500, 500, 500, 500, 500, 500, 500] slice_raw=[500, 500, 600, 500, 500, 500, 600, 500, 500, 500, 500, 500] cpp_raw=[500, 500, 500, 500, 500, 500, 500, 500, 500, 500, 500, 500] public_ns=600 pointer_ns=500 slice_ns=500 cpp_ns=500 result=0 hash=a7fc3bd9d42fa9cf
case w=31 h=17 layout=zero-both corpus=positive public_raw=[600, 600, 600, 13300, 600, 600, 600, 500, 500, 600, 500, 500] pointer_raw=[600, 600, 74400, 600, 600, 600, 600, 600, 600, 600, 600, 600] slice_raw=[600, 600, 600, 600, 500, 600, 600, 500, 500, 500, 500, 500] cpp_raw=[500, 500, 500, 500, 500, 500, 500, 500, 500, 500, 500, 500] public_ns=600 pointer_ns=600 slice_ns=550 cpp_ns=500 result=407971b867000000 hash=8dfb19b47f723b97
case w=31 h=17 layout=zero-both corpus=cancellation public_raw=[600, 600, 500, 600, 600, 600, 600, 600, 600, 600, 600, 600] pointer_raw=[500, 600, 500, 500, 600, 600, 600, 500, 600, 600, 600, 500] slice_raw=[600, 500, 600, 600, 600, 600, 600, 600, 600, 600, 500, 500] cpp_raw=[500, 500, 500, 500, 500, 500, 500, 500, 500, 500, 500, 500] public_ns=600 pointer_ns=600 slice_ns=600 cpp_ns=500 result=c4a651bedd400000 hash=93bae8e06d7f38b
case w=256 h=128 layout=contiguous corpus=positive public_raw=[30500, 30300, 30300, 30300, 30200, 30200, 30400, 30700, 30300, 30300, 30200, 30200] pointer_raw=[30600, 30500, 30500, 30500, 30500, 30500, 30500, 33200, 30500, 30500, 30500, 59300] slice_raw=[29900, 34400, 34400, 57300, 34400, 34400, 34400, 62200, 34400, 34500, 34400, 30000] cpp_raw=[29900, 29900, 29900, 29900, 29900, 29900, 29900, 29800, 29900, 29800, 29900, 29900] public_ns=30300 pointer_ns=30500 slice_ns=34400 cpp_ns=29900 result=40d05bc706e36e40 hash=3f262f3c25d3932c
case w=256 h=128 layout=contiguous corpus=cancellation public_raw=[30400, 30300, 30600, 30300, 30400, 30300, 30600, 30200, 52100, 30200, 30300, 30200] pointer_raw=[30600, 30000, 30500, 30500, 30500, 29900, 30600, 30500, 30000, 30500, 30500, 30500] slice_raw=[62100, 34500, 34400, 34400, 63500, 34400, 65800, 34400, 34400, 34400, 34400, 34400] cpp_raw=[29900, 29900, 29900, 29900, 29900, 29800, 29900, 29900, 29900, 29900, 29900, 29900] public_ns=30300 pointer_ns=30500 slice_ns=34400 cpp_ns=29900 result=3ff0000000000000 hash=92b36eaed3f34fbd
case w=256 h=128 layout=padded corpus=positive public_raw=[34300, 34400, 34300, 34300, 34400, 34300, 34400, 34300, 34300, 34400, 34400, 34400] pointer_raw=[71300, 30600, 30500, 30600, 30600, 30600, 30500, 51600, 30500, 30600, 30500, 30600] slice_raw=[30000, 34400, 34400, 41200, 29900, 34400, 34400, 30000, 34400, 34400, 34400, 29900] cpp_raw=[29900, 29900, 29900, 29900, 29900, 29900, 29800, 29800, 29900, 29900, 29900, 32200] public_ns=34350 pointer_ns=30600 slice_ns=34400 cpp_ns=29900 result=40d05bc706e36e40 hash=dbe5f10c75e5df2c
case w=256 h=128 layout=padded corpus=cancellation public_raw=[34300, 34400, 34300, 34300, 34300, 34400, 34300, 34300, 34400, 34400, 34300, 34300] pointer_raw=[30200, 30600, 30500, 30500, 33100, 30600, 30600, 30600, 30600, 30500, 30500, 30500] slice_raw=[34400, 29900, 29900, 34400, 29900, 34400, 34400, 34400, 34400, 34400, 34400, 34400] cpp_raw=[62400, 29900, 29900, 29900, 29900, 29900, 29900, 29900, 29900, 29900, 29900, 29900] public_ns=34300 pointer_ns=30550 slice_ns=34400 cpp_ns=29900 result=3ff0000000000000 hash=27aaca5e7e61b13d
case w=256 h=128 layout=negative-row corpus=positive public_raw=[34400, 34400, 34300, 221800, 34400, 34300, 75000, 34300, 34300, 34300, 34400, 34300] pointer_raw=[30600, 29900, 30600, 30700, 30500, 29900, 30500, 30500, 30500, 30500, 30500, 30500] slice_raw=[29900, 29900, 29900, 34400, 29900, 34400, 34400, 29900, 29900, 29900, 59400, 34400] cpp_raw=[29800, 29800, 29800, 29900, 29900, 29900, 29800, 29900, 29900, 29900, 29900, 29900] public_ns=34350 pointer_ns=30500 slice_ns=29900 cpp_ns=29900 result=40d05bc706e36e40 hash=f79ed8293f6bcb5c
case w=256 h=128 layout=negative-row corpus=cancellation public_raw=[34400, 34300, 34300, 34300, 41700, 34400, 34300, 34300, 34400, 34400, 34400, 34400] pointer_raw=[33700, 29900, 30500, 30600, 49700, 30500, 30500, 30500, 30600, 30500, 30500, 30600] slice_raw=[30700, 34500, 29900, 29900, 31500, 31500, 31500, 35100, 29900, 29900, 29900, 31600] cpp_raw=[29800, 29900, 29900, 29900, 29900, 29900, 29800, 29900, 29900, 29900, 29900, 29900] public_ns=34400 pointer_ns=30500 slice_ns=31100 cpp_ns=29900 result=3ff0000000000000 hash=27aaca5e7e61b13d
case w=256 h=128 layout=universal corpus=positive public_raw=[35500, 32800, 32800, 32700, 32700, 32700, 32700, 32700, 32800, 32700, 32800, 32800] pointer_raw=[32800, 32700, 32800, 32700, 32700, 32700, 32700, 32700, 32700, 32800, 32700, 32700] slice_raw=[32700, 32700, 32600, 32700, 32700, 32700, 32700, 32700, 32800, 32700, 32700, 32700] cpp_raw=[29900, 29900, 29900, 29900, 29900, 29900, 29900, 29900, 29900, 29900, 29900, 29900] public_ns=32750 pointer_ns=32700 slice_ns=32700 cpp_ns=29900 result=40d05bc706e36e40 hash=f51edac924f49e8a
case w=256 h=128 layout=universal corpus=cancellation public_raw=[32700, 32700, 32700, 32700, 32700, 32700, 32700, 32600, 35200, 32700, 32800, 32700] pointer_raw=[32800, 32700, 35300, 32700, 32700, 32800, 32700, 32700, 32700, 32600, 32800, 32700] slice_raw=[32700, 32800, 32700, 32700, 32700, 32700, 32700, 32700, 32700, 32700, 32800, 32800] cpp_raw=[29900, 29900, 29900, 29900, 29900, 29900, 29900, 29900, 29900, 29900, 29900, 29900] public_ns=32700 pointer_ns=32700 slice_ns=32700 cpp_ns=29900 result=3ff0000000000000 hash=11c9366db9c9a94f
case w=256 h=128 layout=universal-negative corpus=positive public_raw=[32700, 32700, 32700, 32700, 32700, 32600, 35100, 32700, 32700, 32600, 32700, 32700] pointer_raw=[32700, 32700, 32700, 32700, 32700, 32600, 32700, 32700, 32700, 32700, 32700, 32700] slice_raw=[32700, 35100, 32700, 32700, 32700, 32700, 32700, 32700, 32600, 32700, 32800, 35100] cpp_raw=[29900, 29900, 29900, 29900, 29900, 29900, 29900, 29900, 29900, 29900, 29900, 29900] public_ns=32700 pointer_ns=32700 slice_ns=32700 cpp_ns=29900 result=40d05bc706e36e40 hash=80a7df72833edfd2
case w=256 h=128 layout=universal-negative corpus=cancellation public_raw=[32700, 32700, 32700, 32600, 32700, 32600, 32700, 32700, 32600, 32700, 32700, 32600] pointer_raw=[32700, 32700, 32700, 32700, 32800, 32700, 35200, 32600, 32700, 32700, 32700, 32700] slice_raw=[32700, 32600, 32700, 32700, 32700, 32600, 32700, 32800, 32600, 32700, 32700, 32700] cpp_raw=[29900, 32600, 29900, 29900, 29900, 29900, 29900, 29900, 29900, 29900, 29900, 29900] public_ns=32700 pointer_ns=32700 slice_ns=32700 cpp_ns=29900 result=3ff0000000000000 hash=69b8d69cb89ba94f
case w=256 h=128 layout=repeated-row corpus=positive public_raw=[34300, 34300, 34300, 34300, 34300, 34300, 34300, 34300, 34300, 34300, 34300, 34300] pointer_raw=[30400, 29900, 30400, 30500, 30400, 29900, 30400, 30400, 29900, 29900, 30500, 30400] slice_raw=[34300, 36600, 29900, 29900, 29900, 29900, 29900, 29900, 29900, 33400, 29900, 29900] cpp_raw=[29900, 29900, 29800, 29800, 29800, 29800, 29800, 29800, 29800, 29800, 29800, 29800] public_ns=34300 pointer_ns=30400 slice_ns=29900 cpp_ns=29800 result=40cf81efb5c54000 hash=49714b53d54ac7b
case w=256 h=128 layout=repeated-row corpus=cancellation public_raw=[34300, 34300, 34300, 34300, 36800, 34300, 34300, 34300, 34300, 34300, 34300, 34300] pointer_raw=[30400, 29900, 30400, 29900, 30500, 29900, 30400, 30400, 30400, 29900, 30500, 30400] slice_raw=[29900, 29900, 29900, 29900, 34400, 29900, 34400, 29900, 34400, 29900, 29900, 32300] cpp_raw=[29800, 29800, 29800, 29800, 29800, 29800, 29800, 29800, 29800, 29800, 29800, 29800] public_ns=34300 pointer_ns=30400 slice_ns=29900 cpp_ns=29800 result=3ff0000000000000 hash=e593d3b04b0d07bd
case w=256 h=128 layout=zero-both corpus=positive public_raw=[32300, 32400, 32400, 32400, 32300, 32300, 32200, 32300, 32300, 32300, 32300, 32200] pointer_raw=[32400, 32300, 32300, 32300, 32300, 32400, 32400, 32300, 32200, 32400, 32200, 32300] slice_raw=[32300, 32300, 32300, 32300, 32300, 32400, 32200, 32300, 32400, 34400, 32400, 32300] cpp_raw=[29800, 32600, 29800, 29800, 29800, 29800, 29800, 29800, 29800, 29800, 29800, 29800] public_ns=32300 pointer_ns=32300 slice_ns=32300 cpp_ns=29800 result=40bb3b6460000000 hash=dca1f6e90fc4a294
case w=256 h=128 layout=zero-both corpus=cancellation public_raw=[32400, 34600, 32300, 32400, 32300, 32300, 32200, 32200, 32300, 34900, 45100, 32300] pointer_raw=[32400, 32300, 32200, 32200, 32200, 32300, 32300, 32200, 32300, 32300, 32500, 32300] slice_raw=[32300, 32200, 32400, 32400, 32300, 32500, 32400, 32300, 32100, 32300, 53600, 32200] cpp_raw=[29800, 29900, 29900, 29800, 29800, 29800, 29900, 29800, 29800, 29800, 43200, 29800] public_ns=32300 pointer_ns=32300 slice_ns=32300 cpp_ns=29800 result=40e0000000000000 hash=5e6a49abe85e7e27
case w=2048 h=512 layout=contiguous corpus=positive public_raw=[967600, 959700, 955700, 965200, 968000, 967900, 967400, 967100, 1035700, 968000, 968200, 967400] pointer_raw=[999300, 959300, 961500, 961800, 961800, 961800, 959000, 958900, 961600, 961600, 960200, 961500] slice_raw=[1011500, 982000, 1100900, 1107000, 1038300, 1013800, 1131400, 1095500, 1087200, 1069700, 1049900, 990900] cpp_raw=[958100, 958200, 958100, 958200, 958000, 958200, 993100, 958100, 958000, 958100, 958700, 958100] public_ns=967500 pointer_ns=961550 slice_ns=1059800 cpp_ns=958100 result=41205e2e4a399ead hash=c6dac67e2265fef0
case w=2048 h=512 layout=contiguous corpus=cancellation public_raw=[943600, 983600, 938200, 944100, 944900, 1035500, 960900, 1025500, 1002600, 967700, 967300, 967500] pointer_raw=[975000, 938000, 937800, 940400, 939100, 940200, 1069100, 1015800, 965300, 961500, 961500, 961300] slice_raw=[1142300, 1075700, 980000, 1111700, 1051900, 1000600, 1102000, 1119500, 1033700, 1008200, 1085200, 1100500] cpp_raw=[937100, 1133000, 936600, 936800, 989000, 936700, 958200, 1032300, 958100, 958100, 958100, 958000] public_ns=967400 pointer_ns=961400 slice_ns=1080450 cpp_ns=958100 result=3ff0000000000000 hash=a69aed56f8a74fbd
case w=2048 h=512 layout=padded corpus=positive public_raw=[1088200, 1087800, 1087700, 1087800, 1087600, 1087400, 1087800, 1087700, 1087900, 1087700, 1087600, 1088200] pointer_raw=[962100, 961200, 1026400, 961700, 959400, 1030900, 961800, 961600, 961600, 1039500, 961400, 960500] slice_raw=[1083200, 1100300, 1082700, 1100100, 1082700, 1100200, 1100300, 1082700, 1082100, 1115900, 1073800, 1091800] cpp_raw=[958500, 958000, 958100, 1045800, 1021800, 958000, 958700, 958800, 958000, 958000, 958000, 1024300] public_ns=1087750 pointer_ns=961650 slice_ns=1087500 cpp_ns=958300 result=41205e2e4a399ead hash=2c08ab9cb604d170
case w=2048 h=512 layout=padded corpus=cancellation public_raw=[1063600, 1098200, 1210100, 1085400, 1063500, 1063700, 1094900, 1098200, 1064600, 1063400, 1063400, 1155900] pointer_raw=[1021100, 940400, 977300, 939700, 939800, 940400, 974900, 940400, 937300, 973800, 1075000, 937300] slice_raw=[1058900, 1049800, 1049900, 1094200, 1180900, 1076000, 1049900, 1050000, 1049900, 1147400, 1058600, 1050000] cpp_raw=[936800, 936800, 936700, 936800, 937200, 936800, 936500, 938100, 1055400, 937200, 936700, 955600] public_ns=1075000 pointer_ns=940400 slice_ns=1054300 cpp_ns=936800 result=3ff0000000000000 hash=d0a747135a70713d
case w=2048 h=512 layout=negative-row corpus=positive public_raw=[1063900, 1168300, 1097500, 1063200, 1097500, 1097900, 1131400, 1063200, 1199500, 1063500, 1063900, 1071300] pointer_raw=[941900, 940000, 941900, 941900, 941800, 941800, 941800, 941800, 992800, 941700, 942000, 941600] slice_raw=[1068400, 1066600, 1066800, 1110900, 1100800, 1069400, 1204600, 1101200, 1135000, 1069000, 1088300, 1066600] cpp_raw=[936900, 937000, 936700, 936700, 936700, 936600, 971000, 936700, 936700, 936700, 936900, 936700] public_ns=1084400 pointer_ns=941800 slice_ns=1078850 cpp_ns=936700 result=41205e2e4a399ead hash=79d855f7de969fd4
case w=2048 h=512 layout=negative-row corpus=cancellation public_raw=[1063400, 1098200, 1063500, 1063200, 1064700, 1202000, 1063100, 1063300, 1087400, 1087100, 1087400, 1087500] pointer_raw=[998600, 941600, 941700, 941700, 941800, 941700, 941600, 941600, 963400, 963300, 963100, 962900] slice_raw=[1072800, 1068400, 1102900, 1076700, 1068800, 1075900, 1072300, 1094800, 1100100, 1097300, 1097500, 1092600] cpp_raw=[936900, 1069500, 955900, 936800, 936700, 970900, 958900, 936700, 958000, 958000, 958000, 958000] public_ns=1075900 pointer_ns=941750 slice_ns=1084650 cpp_ns=958000 result=3ff0000000000000 hash=d0a747135a70713d
case w=2048 h=512 layout=universal corpus=positive public_raw=[1045300, 1169500, 1043600, 1045900, 1055000, 1026300, 1018300, 1018800, 1053400, 1108600, 1083700, 1019100] pointer_raw=[1090100, 1042300, 1081400, 1045000, 1027300, 1033800, 1024800, 1038100, 1032100, 1050100, 1021600, 1144200] slice_raw=[1071400, 1107000, 1071100, 1020800, 1140700, 1053400, 1082100, 1043300, 1022800, 1030900, 1067400, 1046900] cpp_raw=[990900, 990100, 968500, 976000, 967500, 952600, 966900, 948500, 1066500, 1027200, 1001000, 950800] public_ns=1045600 pointer_ns=1040200 slice_ns=1060400 cpp_ns=972250 result=41205e2e4a399ead hash=6e14901679ca267a
case w=2048 h=512 layout=universal corpus=cancellation public_raw=[1030600, 3444800, 1114300, 1021000, 1014200, 1015800, 1045400, 1029200, 1026300, 1084400, 1057100, 1040200] pointer_raw=[1162000, 1014600, 1015300, 1084000, 1014500, 1057600, 1019900, 1045000, 1015800, 1126900, 1056100, 1039700] slice_raw=[1051100, 1016200, 2786500, 1044800, 1022500, 1030000, 1015900, 1042200, 1024100, 1063200, 1055100, 1043000] cpp_raw=[944000, 1108700, 1028700, 944600, 1007700, 945500, 1028700, 941900, 951800, 979500, 968100, 968100] public_ns=1035400 pointer_ns=1042350 slice_ns=1042600 cpp_ns=968100 result=3ff0000000000000 hash=f76b74e1e473e94f
case w=2048 h=512 layout=universal-negative corpus=positive public_raw=[1504000, 1245100, 1232500, 1108700, 1160700, 1056700, 1090700, 1059700, 1090100, 1059700, 1147400, 1060800] pointer_raw=[1081300, 1036500, 1584900, 1062200, 1092300, 1150300, 1091800, 1057500, 1062600, 1062400, 1192500, 1113000] slice_raw=[1045600, 1268200, 1101600, 1194100, 1062200, 1153700, 1060500, 1057100, 1061200, 1086700, 1058200, 1077100] cpp_raw=[965800, 1087200, 973100, 1079200, 992800, 1013100, 986000, 992000, 994000, 990700, 1159600, 1008500] public_ns=1099700 pointer_ns=1086550 slice_ns=1069650 cpp_ns=993400 result=41205e2e4a399ead hash=36f1d619b4475f82
case w=2048 h=512 layout=universal-negative corpus=cancellation public_raw=[1064900, 1144400, 1090400, 1119400, 1128800, 1131700, 1114000, 1125600, 1132900, 1144600, 1132200, 1061000] pointer_raw=[1243300, 1123700, 1149700, 1117200, 1179700, 1093300, 1160000, 1097300, 1249600, 1097100, 1225200, 1058400] slice_raw=[1131400, 1092700, 1101700, 1095500, 1131300, 1127500, 1120900, 1112000, 1110800, 1098800, 1073000, 1068200] cpp_raw=[1022700, 1081200, 1037800, 1075100, 1035800, 1099800, 1019200, 1057000, 996100, 1104500, 1050800, 1016000] public_ns=1127200 pointer_ns=1136700 slice_ns=1106250 cpp_ns=1044300 result=3ff0000000000000 hash=ab9670d8fefbe94f
case w=2048 h=512 layout=repeated-row corpus=positive public_raw=[1148400, 1111000, 1115200, 1110900, 1111000, 1111200, 1111100, 1110500, 1112100, 1108800, 1108400, 1108300] pointer_raw=[1020300, 982300, 983400, 983200, 983200, 981100, 983600, 983200, 988500, 977800, 986200, 986100] slice_raw=[1126200, 1123000, 1168200, 1015300, 1032600, 1032400, 1052000, 1083600, 1126200, 1125600, 1009100, 1034000] cpp_raw=[980300, 980100, 980300, 979800, 979700, 979700, 979800, 979700, 979800, 979800, 979800, 979800] public_ns=1111000 pointer_ns=983300 slice_ns=1067800 cpp_ns=979800 result=41208946735a2800 hash=9b7642ffa76b8e74
case w=2048 h=512 layout=repeated-row corpus=cancellation public_raw=[1108700, 1086600, 1085900, 1085900, 1103000, 1086000, 1088000, 1087500, 1085700, 1085600, 1085900, 1086000] pointer_raw=[986300, 982100, 961200, 960900, 961000, 959900, 958900, 958700, 960900, 960900, 960800, 961000] slice_raw=[1019300, 1167100, 1025000, 1100100, 1057200, 1149500, 1084300, 1099900, 974100, 1103400, 982100, 983100] cpp_raw=[979800, 958000, 957500, 957500, 957600, 957900, 957500, 957600, 957400, 958600, 957500, 958500] public_ns=1086000 pointer_ns=960900 slice_ns=1070750 cpp_ns=957600 result=3ff0000000000000 hash=7db41a694ebd0fbd
case w=2048 h=512 layout=zero-both corpus=positive public_raw=[1108400, 1022000, 1073000, 1529900, 1057000, 1037700, 1022000, 1327000, 1294100, 1047500, 1048000, 1088400] pointer_raw=[1023000, 1022700, 1058100, 1055000, 1058200, 1021900, 1055100, 1264500, 1049700, 1045200, 1048100, 1048500] slice_raw=[1022700, 1029300, 1270000, 1246700, 1022000, 1021200, 1031600, 1049900, 1048600, 1046700, 1046600, 1045100] cpp_raw=[957500, 957900, 994600, 1020600, 957500, 1065700, 958900, 1024200, 981200, 980200, 979800, 1297900] public_ns=1065000 pointer_ns=1049100 slice_ns=1045850 cpp_ns=980700 result=412e916880000000 hash=adc4660192ca3fa3
case w=2048 h=512 layout=zero-both corpus=cancellation public_raw=[1045300, 1074500, 1073100, 1073000, 1073800, 1070000, 1070900, 1070100, 1071200, 1072000, 1072300, 1071600] pointer_raw=[1045600, 1062500, 1073200, 1073500, 1074000, 1076200, 1070700, 1071900, 1073100, 1068600, 1070200, 1070700] slice_raw=[1046300, 1073200, 1236800, 1072700, 1080800, 1070600, 1069500, 1070700, 1071800, 1068800, 1073200, 1072700] cpp_raw=[979900, 1005700, 1088900, 1004500, 1006200, 1003300, 1003200, 1003100, 1003100, 1005600, 1003100, 1003100] public_ns=1071800 pointer_ns=1071300 slice_ns=1072250 cpp_ns=1003250 result=4130000000000000 hash=5e6a49abe85e7e27
m3_strict_reduction PASS cases=42 sink=0
