contracts PASS invalid/empty/out-zero/cancellation
semantic PASS cases=56 finite-bitwise NaN-class source-preserved
case w=31 h=17 layout=contiguous corpus=positive public_raw=[500, 500, 500, 500, 500, 500, 500, 500, 500, 500, 500, 500] pointer_raw=[500, 500, 500, 500, 500, 500, 500, 500, 500, 500, 500, 500] slice_raw=[500, 500, 500, 500, 500, 500, 500, 500, 500, 500, 500, 500] cpp_raw=[500, 500, 500, 500, 500, 500, 500, 500, 500, 500, 500, 500] public_ns=500 pointer_ns=500 slice_ns=500 cpp_ns=500 result=40702cf2bd10f800 hash=8596af9913445ebd
case w=31 h=17 layout=contiguous corpus=cancellation public_raw=[500, 500, 500, 500, 500, 500, 500, 500, 500, 500, 500, 500] pointer_raw=[500, 500, 500, 500, 500, 500, 500, 500, 500, 500, 500, 500] slice_raw=[500, 500, 500, 500, 500, 500, 500, 500, 500, 500, 500, 500] cpp_raw=[500, 500, 500, 500, 500, 500, 500, 500, 500, 500, 500, 500] public_ns=500 pointer_ns=500 slice_ns=500 cpp_ns=500 result=0 hash=789619667ec2b54f
case w=31 h=17 layout=padded corpus=positive public_raw=[500, 500, 500, 500, 500, 500, 500, 500, 500, 500, 500, 500] pointer_raw=[500, 500, 500, 500, 500, 500, 500, 500, 500, 500, 500, 500] slice_raw=[500, 500, 500, 500, 500, 500, 500, 500, 500, 500, 500, 500] cpp_raw=[500, 500, 500, 500, 500, 500, 500, 500, 500, 500, 500, 500] public_ns=500 pointer_ns=500 slice_ns=500 cpp_ns=500 result=40702cf2bd10f800 hash=d2884b9a0909f1bd
case w=31 h=17 layout=padded corpus=cancellation public_raw=[500, 500, 500, 500, 500, 500, 500, 500, 500, 500, 500, 500] pointer_raw=[500, 500, 500, 500, 500, 500, 500, 500, 500, 500, 500, 500] slice_raw=[500, 500, 500, 500, 500, 500, 500, 500, 500, 500, 500, 500] cpp_raw=[500, 500, 500, 500, 500, 500, 500, 500, 500, 500, 500, 500] public_ns=500 pointer_ns=500 slice_ns=500 cpp_ns=500 result=0 hash=1dab101df9a52d4f
case w=31 h=17 layout=negative-row corpus=positive public_raw=[500, 500, 500, 500, 500, 500, 500, 500, 500, 500, 500, 500] pointer_raw=[500, 500, 500, 500, 500, 500, 500, 500, 500, 500, 500, 500] slice_raw=[500, 500, 500, 500, 500, 500, 500, 500, 500, 500, 500, 500] cpp_raw=[500, 500, 500, 500, 500, 500, 500, 500, 500, 500, 500, 500] public_ns=500 pointer_ns=500 slice_ns=500 cpp_ns=500 result=40702cf2bd10f800 hash=8ff8755106ec0ed1
case w=31 h=17 layout=negative-row corpus=cancellation public_raw=[500, 500, 500, 500, 500, 500, 500, 500, 500, 500, 500, 500] pointer_raw=[500, 500, 500, 500, 500, 500, 500, 500, 500, 500, 500, 500] slice_raw=[500, 500, 500, 500, 500, 500, 500, 500, 500, 500, 500, 500] cpp_raw=[500, 500, 500, 500, 500, 500, 500, 500, 500, 500, 500, 500] public_ns=500 pointer_ns=500 slice_ns=500 cpp_ns=500 result=0 hash=6d1fa80ff9a52d4f
case w=31 h=17 layout=universal corpus=positive public_raw=[500, 500, 500, 500, 500, 500, 500, 500, 500, 500, 500, 500] pointer_raw=[500, 500, 500, 500, 500, 500, 500, 500, 500, 500, 500, 500] slice_raw=[500, 500, 500, 500, 500, 500, 500, 500, 500, 500, 500, 500] cpp_raw=[500, 500, 500, 500, 500, 500, 500, 500, 500, 500, 500, 500] public_ns=500 pointer_ns=500 slice_ns=500 cpp_ns=500 result=40702cf2bd10f800 hash=45edc35f09d36ded
case w=31 h=17 layout=universal corpus=cancellation public_raw=[500, 500, 500, 500, 500, 500, 500, 500, 500, 500, 500, 500] pointer_raw=[500, 500, 500, 500, 500, 500, 500, 500, 500, 500, 500, 500] slice_raw=[500, 500, 500, 500, 500, 500, 500, 500, 500, 500, 500, 500] cpp_raw=[500, 500, 500, 500, 500, 500, 500, 500, 500, 500, 500, 500] public_ns=500 pointer_ns=500 slice_ns=500 cpp_ns=500 result=0 hash=a4ba9168a61697b7
case w=31 h=17 layout=universal-negative corpus=positive public_raw=[500, 500, 500, 500, 500, 500, 500, 500, 500, 500, 500, 500] pointer_raw=[500, 500, 500, 500, 500, 500, 500, 500, 500, 500, 500, 500] slice_raw=[500, 500, 500, 500, 500, 500, 500, 500, 500, 500, 500, 500] cpp_raw=[500, 500, 500, 500, 500, 500, 500, 500, 500, 500, 500, 500] public_ns=500 pointer_ns=500 slice_ns=500 cpp_ns=500 result=40702cf2bd10f800 hash=314c0201084e056d
case w=31 h=17 layout=universal-negative corpus=cancellation public_raw=[500, 500, 500, 500, 500, 500, 500, 500, 500, 500, 500, 500] pointer_raw=[500, 500, 500, 500, 500, 500, 500, 500, 500, 500, 500, 500] slice_raw=[500, 500, 500, 500, 500, 500, 500, 500, 500, 500, 500, 500] cpp_raw=[500, 500, 500, 500, 500, 500, 500, 500, 500, 500, 500, 500] public_ns=500 pointer_ns=500 slice_ns=500 cpp_ns=500 result=0 hash=e5517cc7a61697b7
case w=31 h=17 layout=repeated-row corpus=positive public_raw=[500, 500, 500, 500, 500, 500, 500, 500, 500, 500, 500, 500] pointer_raw=[500, 500, 500, 500, 500, 500, 500, 500, 500, 500, 500, 500] slice_raw=[500, 500, 500, 500, 500, 500, 500, 500, 500, 500, 500, 500] cpp_raw=[500, 500, 500, 500, 500, 500, 500, 500, 500, 500, 500, 500] public_ns=500 pointer_ns=500 slice_ns=500 cpp_ns=500 result=4074dfc7beb80000 hash=552d99476c28af5f
case w=31 h=17 layout=repeated-row corpus=cancellation public_raw=[500, 500, 500, 500, 500, 500, 500, 500, 500, 500, 500, 500] pointer_raw=[500, 500, 500, 500, 500, 500, 500, 500, 500, 500, 500, 500] slice_raw=[500, 500, 500, 500, 500, 500, 500, 500, 500, 500, 500, 500] cpp_raw=[500, 500, 500, 500, 500, 500, 500, 500, 500, 500, 500, 500] public_ns=500 pointer_ns=500 slice_ns=500 cpp_ns=500 result=0 hash=a7fc3bd9d42fa9cf
case w=31 h=17 layout=zero-both corpus=positive public_raw=[500, 500, 500, 500, 500, 500, 500, 500, 500, 500, 500, 500] pointer_raw=[500, 500, 500, 500, 500, 500, 500, 500, 500, 500, 500, 500] slice_raw=[500, 500, 500, 500, 500, 500, 500, 500, 500, 500, 500, 500] cpp_raw=[500, 500, 500, 500, 500, 500, 500, 500, 500, 500, 500, 500] public_ns=500 pointer_ns=500 slice_ns=500 cpp_ns=500 result=407971b867000000 hash=8dfb19b47f723b97
case w=31 h=17 layout=zero-both corpus=cancellation public_raw=[500, 500, 500, 500, 500, 500, 500, 500, 500, 500, 500, 500] pointer_raw=[500, 500, 500, 500, 500, 500, 500, 500, 500, 500, 500, 500] slice_raw=[500, 500, 500, 500, 500, 500, 500, 500, 500, 500, 500, 500] cpp_raw=[500, 500, 500, 500, 500, 500, 500, 500, 500, 500, 500, 500] public_ns=500 pointer_ns=500 slice_ns=500 cpp_ns=500 result=c4a651bedd400000 hash=93bae8e06d7f38b
case w=256 h=128 layout=contiguous corpus=positive public_raw=[30600, 30600, 30600, 30600, 30600, 30600, 30600, 30600, 30600, 30600, 30600, 30600] pointer_raw=[30500, 30600, 30500, 30500, 30500, 30600, 30500, 30500, 30500, 30600, 30500, 30500] slice_raw=[30600, 30600, 30500, 30500, 30500, 43500, 30500, 30500, 30500, 30500, 30500, 30500] cpp_raw=[30500, 30500, 30500, 30500, 30500, 30500, 30500, 30500, 30500, 30500, 30500, 30500] public_ns=30600 pointer_ns=30500 slice_ns=30500 cpp_ns=30500 result=40d05bc706e36e40 hash=3f262f3c25d3932c
case w=256 h=128 layout=contiguous corpus=cancellation public_raw=[30600, 30600, 30600, 30600, 30600, 30600, 30600, 30600, 30600, 30600, 101300, 30600] pointer_raw=[30600, 30600, 30600, 30600, 30500, 30500, 30600, 30600, 30500, 30500, 30600, 30600] slice_raw=[30600, 30500, 30500, 30600, 30500, 30500, 30600, 30600, 30500, 30600, 30500, 30600] cpp_raw=[30500, 30500, 30500, 30500, 30500, 30600, 30500, 30500, 30500, 30500, 30500, 30600] public_ns=30600 pointer_ns=30600 slice_ns=30550 cpp_ns=30500 result=3ff0000000000000 hash=92b36eaed3f34fbd
case w=256 h=128 layout=padded corpus=positive public_raw=[70200, 30600, 30600, 30600, 30600, 30600, 30600, 33900, 30600, 30600, 30600, 30600] pointer_raw=[30600, 30500, 30500, 30500, 30500, 30600, 30500, 43700, 30500, 30600, 30500, 30500] slice_raw=[30500, 30500, 30500, 70100, 30500, 30500, 30500, 30600, 30500, 30500, 30500, 30600] cpp_raw=[30500, 30500, 30500, 30500, 30500, 30500, 30500, 30500, 30500, 30500, 30500, 33200] public_ns=30600 pointer_ns=30500 slice_ns=30500 cpp_ns=30500 result=40d05bc706e36e40 hash=dbe5f10c75e5df2c
case w=256 h=128 layout=padded corpus=cancellation public_raw=[30600, 30600, 30600, 30600, 30600, 30600, 30600, 30600, 33600, 30600, 30600, 30600] pointer_raw=[30600, 30500, 30500, 30500, 32800, 30500, 30500, 30500, 43400, 30500, 30500, 30500] slice_raw=[30600, 30500, 30500, 30500, 30600, 30500, 30500, 30500, 30500, 30500, 30500, 45200] cpp_raw=[30500, 30500, 30500, 30500, 30500, 30500, 30500, 30500, 30500, 30500, 30500, 30500] public_ns=30600 pointer_ns=30500 slice_ns=30500 cpp_ns=30500 result=3ff0000000000000 hash=27aaca5e7e61b13d
case w=256 h=128 layout=negative-row corpus=positive public_raw=[30600, 30600, 30600, 30600, 30600, 30600, 30600, 30600, 30600, 30600, 30600, 30600] pointer_raw=[30600, 30600, 30500, 30500, 30500, 30600, 30500, 30500, 30500, 30500, 30500, 32900] slice_raw=[30600, 30600, 30500, 30500, 185800, 30600, 30500, 35900, 30500, 30500, 30500, 30500] cpp_raw=[30600, 30500, 30500, 30500, 30500, 30500, 30500, 30500, 30500, 30500, 30500, 30500] public_ns=30600 pointer_ns=30500 slice_ns=30500 cpp_ns=30500 result=40d05bc706e36e40 hash=f79ed8293f6bcb5c
case w=256 h=128 layout=negative-row corpus=cancellation public_raw=[30600, 30600, 30600, 30600, 30600, 30600, 30600, 30600, 30600, 30600, 30600, 30600] pointer_raw=[30500, 30500, 30500, 30500, 30500, 33200, 30500, 30500, 30500, 30600, 30500, 30500] slice_raw=[30500, 36100, 30500, 30500, 30500, 30500, 30500, 30500, 30500, 30600, 30500, 30500] cpp_raw=[30500, 30500, 30500, 30500, 30500, 30500, 30500, 30500, 30500, 30500, 30500, 30500] public_ns=30600 pointer_ns=30500 slice_ns=30500 cpp_ns=30500 result=3ff0000000000000 hash=27aaca5e7e61b13d
case w=256 h=128 layout=universal corpus=positive public_raw=[30600, 30600, 30600, 30600, 30600, 30600, 30600, 30600, 30600, 30600, 30600, 30600] pointer_raw=[30600, 30600, 30600, 30600, 30600, 30600, 33300, 30600, 30600, 30600, 30600, 30600] slice_raw=[30600, 30600, 30600, 30600, 30600, 30600, 30600, 30600, 30600, 30600, 30600, 30600] cpp_raw=[30600, 30600, 30600, 30600, 30600, 30600, 30600, 30600, 30600, 30600, 30600, 30600] public_ns=30600 pointer_ns=30600 slice_ns=30600 cpp_ns=30600 result=40d05bc706e36e40 hash=f51edac924f49e8a
case w=256 h=128 layout=universal corpus=cancellation public_raw=[30600, 30600, 30600, 30600, 30600, 30600, 30600, 30600, 30600, 30600, 30600, 30600] pointer_raw=[30600, 30600, 30600, 30600, 30600, 30600, 30600, 30600, 30600, 30600, 30600, 30600] slice_raw=[30600, 30600, 30600, 30600, 30600, 30600, 33400, 30600, 30600, 30600, 30600, 30600] cpp_raw=[30600, 30600, 30600, 30600, 30600, 30600, 30600, 30600, 30600, 30600, 30600, 30600] public_ns=30600 pointer_ns=30600 slice_ns=30600 cpp_ns=30600 result=3ff0000000000000 hash=11c9366db9c9a94f
case w=256 h=128 layout=universal-negative corpus=positive public_raw=[30600, 30600, 30600, 30600, 30600, 30600, 30600, 30600, 30600, 30600, 30600, 30600] pointer_raw=[33500, 30600, 30600, 30600, 30600, 30600, 30600, 30600, 30600, 30600, 30600, 30600] slice_raw=[30600, 30600, 30600, 30600, 30600, 30600, 30600, 30600, 30600, 30600, 30600, 30600] cpp_raw=[30600, 30600, 30600, 30600, 30600, 34100, 30600, 30600, 30600, 30600, 30600, 30600] public_ns=30600 pointer_ns=30600 slice_ns=30600 cpp_ns=30600 result=40d05bc706e36e40 hash=80a7df72833edfd2
case w=256 h=128 layout=universal-negative corpus=cancellation public_raw=[30600, 30600, 30600, 30600, 30600, 30600, 30600, 33400, 30600, 30600, 30600, 30600] pointer_raw=[30600, 30600, 30600, 30600, 30600, 30600, 30600, 30600, 30600, 30600, 30600, 30500] slice_raw=[30600, 30600, 30600, 30600, 30600, 30600, 30600, 30600, 30500, 30500, 30600, 30600] cpp_raw=[30500, 30600, 30600, 30500, 30600, 30500, 30500, 30600, 30600, 30600, 30600, 30600] public_ns=30600 pointer_ns=30600 slice_ns=30600 cpp_ns=30600 result=3ff0000000000000 hash=69b8d69cb89ba94f
case w=256 h=128 layout=repeated-row corpus=positive public_raw=[30600, 30600, 30600, 30600, 30600, 30600, 30600, 30500, 30600, 30600, 30600, 30600] pointer_raw=[30600, 30500, 30500, 30500, 30500, 30500, 30500, 30500, 30500, 30500, 30500, 30500] slice_raw=[30600, 30500, 30500, 30500, 30500, 30500, 30500, 30500, 30500, 30500, 30500, 30500] cpp_raw=[30500, 30500, 30500, 30500, 30500, 32700, 30500, 30500, 30500, 30500, 30500, 30500] public_ns=30600 pointer_ns=30500 slice_ns=30500 cpp_ns=30500 result=40cf81efb5c54000 hash=49714b53d54ac7b
case w=256 h=128 layout=repeated-row corpus=cancellation public_raw=[30600, 30600, 30600, 30600, 30600, 30600, 30600, 30600, 30600, 30600, 30600, 30600] pointer_raw=[30500, 30500, 30500, 30500, 30500, 30500, 30500, 30500, 30500, 30500, 30500, 30500] slice_raw=[30500, 30500, 30500, 30500, 30500, 32700, 30500, 30500, 30500, 30500, 30500, 30500] cpp_raw=[30500, 30500, 30500, 30500, 30500, 30500, 30500, 30500, 30500, 30500, 30500, 30500] public_ns=30600 pointer_ns=30500 slice_ns=30500 cpp_ns=30500 result=3ff0000000000000 hash=e593d3b04b0d07bd
case w=256 h=128 layout=zero-both corpus=positive public_raw=[30600, 30600, 30500, 30500, 30600, 30600, 30600, 30600, 30600, 30500, 30500, 30500] pointer_raw=[30600, 30500, 30500, 30500, 33300, 30500, 30500, 30500, 30500, 30500, 30500, 30500] slice_raw=[30600, 30600, 30500, 30500, 30500, 30500, 30500, 30500, 30500, 30500, 30500, 30500] cpp_raw=[30500, 30500, 30500, 30500, 30500, 30500, 30500, 30500, 30500, 30500, 30500, 30500] public_ns=30600 pointer_ns=30500 slice_ns=30500 cpp_ns=30500 result=40bb3b6460000000 hash=dca1f6e90fc4a294
case w=256 h=128 layout=zero-both corpus=cancellation public_raw=[30600, 30500, 30600, 30600, 30600, 30600, 30500, 30600, 30500, 30600, 30600, 30600] pointer_raw=[30500, 30500, 30500, 30500, 33000, 30600, 30500, 30500, 30500, 30500, 30500, 30500] slice_raw=[30500, 30500, 30500, 30500, 30500, 30500, 30500, 30500, 30500, 30500, 30500, 30500] cpp_raw=[30500, 30500, 30500, 30500, 30500, 30500, 30500, 30500, 30500, 30500, 30500, 30500] public_ns=30600 pointer_ns=30500 slice_ns=30500 cpp_ns=30500 result=40e0000000000000 hash=5e6a49abe85e7e27
case w=2048 h=512 layout=contiguous corpus=positive public_raw=[993800, 958000, 958300, 958100, 958300, 959800, 958300, 958000, 958800, 958200, 958200, 958200] pointer_raw=[958600, 958200, 958100, 1053200, 958100, 955500, 959300, 958100, 958000, 958100, 958100, 958100] slice_raw=[958600, 955600, 958500, 958300, 958100, 958200, 958200, 977200, 958100, 958100, 1022400, 958100] cpp_raw=[958200, 958300, 958200, 958200, 958100, 958100, 958100, 958200, 958100, 958100, 958400, 958200] public_ns=958250 pointer_ns=958100 slice_ns=958200 cpp_ns=958200 result=41205e2e4a399ead hash=c6dac67e2265fef0
case w=2048 h=512 layout=contiguous corpus=cancellation public_raw=[1035200, 996900, 937400, 937600, 937000, 937200, 1040500, 934700, 937400, 937100, 937000, 1245300] pointer_raw=[937300, 937400, 972200, 954800, 937100, 934900, 937400, 937000, 937100, 937200, 1003900, 1015400] slice_raw=[937700, 937400, 971400, 937000, 937400, 937000, 937000, 937200, 937100, 937200, 937200, 1002600] cpp_raw=[972100, 937400, 971300, 937400, 937000, 937000, 936900, 971100, 1037500, 934500, 936900, 1234600] public_ns=937400 pointer_ns=937350 slice_ns=937200 cpp_ns=937400 result=3ff0000000000000 hash=a69aed56f8a74fbd
case w=2048 h=512 layout=padded corpus=positive public_raw=[936900, 936900, 938100, 936800, 937300, 937300, 936900, 1037200, 937100, 958100, 958100, 958600] pointer_raw=[936800, 937000, 971000, 936700, 936900, 1074300, 936800, 937000, 937100, 937000, 958900, 977100] slice_raw=[936900, 936800, 936800, 936500, 936800, 936900, 934400, 936900, 934600, 984100, 958000, 958200] cpp_raw=[1074000, 1012500, 936900, 937600, 936900, 936700, 936800, 936900, 936800, 958600, 958100, 958200] public_ns=937300 pointer_ns=937000 slice_ns=936850 cpp_ns=937250 result=41205e2e4a399ead hash=2c08ab9cb604d170
case w=2048 h=512 layout=padded corpus=cancellation public_raw=[958700, 958500, 958800, 956400, 958700, 1056600, 959400, 958800, 938000, 937600, 937600, 956800] pointer_raw=[958900, 959200, 959200, 959000, 958800, 959000, 958600, 959200, 934900, 937900, 934900, 972000] slice_raw=[958500, 959400, 959100, 959500, 959800, 958700, 958300, 965200, 937300, 972800, 990300, 937400] cpp_raw=[958500, 1024300, 958900, 959100, 958900, 958500, 958500, 958900, 937200, 937400, 937500, 937200] public_ns=958600 pointer_ns=958950 slice_ns=959250 cpp_ns=958500 result=3ff0000000000000 hash=d0a747135a70713d
case w=2048 h=512 layout=negative-row corpus=positive public_raw=[1021900, 946300, 936900, 971500, 936800, 936600, 971800, 937000, 936900, 936800, 934400, 970800] pointer_raw=[937000, 971200, 936800, 936800, 936800, 972300, 937000, 936700, 936700, 971100, 936700, 971200] slice_raw=[936700, 937000, 934400, 936800, 937400, 971300, 936800, 934300, 936700, 936700, 936700, 936700] cpp_raw=[936800, 936700, 1040400, 936700, 934300, 936700, 936700, 1008800, 1037000, 936700, 936900, 1019400] public_ns=936950 pointer_ns=936900 slice_ns=936700 cpp_ns=936750 result=41205e2e4a399ead hash=79d855f7de969fd4
case w=2048 h=512 layout=negative-row corpus=cancellation public_raw=[937000, 936800, 936900, 1174300, 1016500, 961600, 958200, 1034000, 998400, 958200, 958300, 958300] pointer_raw=[936700, 1012700, 936900, 978400, 972900, 970900, 1022400, 1001300, 998900, 1012000, 958100, 960000] slice_raw=[937100, 989600, 938400, 1038300, 971600, 960600, 958400, 1000500, 1000600, 1076600, 958200, 958400] cpp_raw=[936900, 936800, 936700, 1155000, 970800, 958300, 958000, 1063800, 993100, 958700, 971200, 958100] public_ns=958300 pointer_ns=975650 slice_ns=966100 cpp_ns=958500 result=3ff0000000000000 hash=d0a747135a70713d
case w=2048 h=512 layout=universal corpus=positive public_raw=[967100, 972900, 972900, 972300, 1080100, 971600, 991600, 1006000, 971100, 982200, 1119600, 974100] pointer_raw=[979500, 1107800, 977400, 988800, 1017200, 999800, 980800, 1051200, 975900, 1025000, 1052500, 1137800] slice_raw=[975900, 1016600, 999800, 979500, 985400, 978300, 969600, 1061200, 975200, 984600, 978100, 1011600] cpp_raw=[1203100, 982100, 994400, 972100, 1018000, 968500, 983600, 1072000, 971100, 982100, 1227900, 972300] public_ns=973500 pointer_ns=1008500 slice_ns=982050 cpp_ns=982850 result=41205e2e4a399ead hash=6e14901679ca267a
case w=2048 h=512 layout=universal corpus=cancellation public_raw=[973300, 975000, 986000, 983100, 968500, 1022600, 985600, 975800, 990700, 974500, 986700, 990400] pointer_raw=[975300, 1000600, 969200, 986200, 969800, 990900, 971600, 967600, 969700, 1073200, 984500, 974300] slice_raw=[1031900, 983300, 1007600, 985500, 972900, 979600, 976800, 989800, 979000, 991300, 966700, 983600] cpp_raw=[1014600, 970300, 991500, 971700, 1054800, 970200, 983100, 970000, 966100, 980500, 966400, 987900] public_ns=984350 pointer_ns=974800 slice_ns=983450 cpp_ns=976100 result=3ff0000000000000 hash=f76b74e1e473e94f
case w=2048 h=512 layout=universal-negative corpus=positive public_raw=[991700, 946100, 969100, 946400, 949400, 946600, 1017700, 946400, 1064800, 951500, 945700, 949000] pointer_raw=[950700, 994500, 948100, 945500, 945900, 947100, 956500, 945300, 952000, 945700, 947100, 942700] slice_raw=[944000, 949000, 944900, 1161800, 945200, 961100, 945000, 944600, 948600, 981800, 948500, 945300] cpp_raw=[946300, 946300, 1045900, 946300, 945100, 949600, 943500, 948000, 945300, 1098100, 945900, 993700] public_ns=949200 pointer_ns=947100 slice_ns=946900 cpp_ns=946300 result=41205e2e4a399ead hash=36f1d619b4475f82
case w=2048 h=512 layout=universal-negative corpus=cancellation public_raw=[1077000, 947200, 945000, 947300, 945300, 1074400, 979900, 992400, 946100, 942900, 947000, 943400] pointer_raw=[953300, 980100, 942300, 943800, 942400, 1065600, 943900, 946200, 942200, 946100, 946000, 1001400] slice_raw=[943800, 943100, 940600, 952900, 954400, 945200, 949000, 944900, 943000, 980700, 978700, 1027600] cpp_raw=[942300, 989700, 943300, 992800, 944400, 942200, 945200, 943300, 954300, 943900, 953800, 943200] public_ns=947100 pointer_ns=946050 slice_ns=947100 cpp_ns=944150 result=3ff0000000000000 hash=ab9670d8fefbe94f
case w=2048 h=512 layout=repeated-row corpus=positive public_raw=[970600, 936200, 936200, 1096600, 970200, 936200, 936200, 936200, 936200, 936200, 936200, 936200] pointer_raw=[970600, 936200, 936200, 1002700, 1002100, 936200, 936200, 1036900, 936100, 936400, 936200, 936200] slice_raw=[936200, 934300, 936200, 970400, 1005100, 936200, 936200, 937400, 936100, 936200, 1004800, 936200] cpp_raw=[936100, 936300, 936100, 936100, 936200, 936100, 936100, 934200, 970600, 935900, 936300, 936100] public_ns=936200 pointer_ns=936200 slice_ns=936200 cpp_ns=936100 result=41208946735a2800 hash=9b7642ffa76b8e74
case w=2048 h=512 layout=repeated-row corpus=cancellation public_raw=[936200, 936200, 936200, 936200, 1003400, 1193800, 936700, 936200, 936200, 934300, 936200, 936200] pointer_raw=[1100900, 936200, 936100, 987200, 936600, 1399500, 936200, 936200, 934200, 1004700, 936200, 1027100] slice_raw=[970400, 936200, 936200, 936200, 1023600, 1014800, 938800, 936200, 1058100, 936300, 935900, 936500] cpp_raw=[970600, 936200, 936200, 934200, 1207100, 971600, 940500, 936200, 1136500, 936100, 936100, 936200] public_ns=936200 pointer_ns=936400 slice_ns=936400 cpp_ns=936200 result=3ff0000000000000 hash=7db41a694ebd0fbd
case w=2048 h=512 layout=zero-both corpus=positive public_raw=[937400, 936300, 936200, 936200, 934300, 1072500, 936200, 936200, 936200, 936200, 936200, 936200] pointer_raw=[936200, 936100, 936100, 954800, 936100, 936100, 936200, 936100, 936100, 936100, 936200, 936200] slice_raw=[936200, 1006200, 936200, 952500, 936200, 936700, 936300, 971800, 936100, 936400, 970500, 936100] cpp_raw=[936200, 999500, 936200, 936100, 936200, 936000, 936200, 936200, 934200, 936100, 1036400, 935900] public_ns=936200 pointer_ns=936100 slice_ns=936350 cpp_ns=936200 result=412e916880000000 hash=adc4660192ca3fa3
case w=2048 h=512 layout=zero-both corpus=cancellation public_raw=[957500, 957600, 957600, 957800, 957900, 957500, 958000, 1054100, 1017000, 957500, 957500, 957500] pointer_raw=[957400, 957400, 992700, 957400, 957400, 957400, 957400, 957700, 957500, 957400, 957400, 1021400] slice_raw=[958000, 957400, 957700, 957500, 957400, 955500, 957400, 957500, 957400, 957400, 957400, 967700] cpp_raw=[957200, 991500, 997500, 957800, 957500, 957400, 957200, 957400, 957500, 957400, 957500, 957400] public_ns=957600 pointer_ns=957400 slice_ns=957400 cpp_ns=957450 result=4130000000000000 hash=5e6a49abe85e7e27
m3_strict_reduction PASS cases=42 sink=0
