contracts PASS invalid/empty/out-zero/cancellation
semantic PASS cases=56 finite-bitwise NaN-class source-preserved
case w=31 h=17 layout=contiguous corpus=positive public_raw=[500, 500, 500, 500, 500, 500, 500, 500, 500, 500, 500, 500] pointer_raw=[500, 500, 500, 500, 500, 500, 500, 500, 500, 500, 500, 500] slice_raw=[500, 500, 500, 500, 500, 500, 500, 500, 500, 500, 500, 500] cpp_raw=[500, 500, 500, 500, 500, 500, 500, 500, 500, 500, 500, 500] public_ns=500 pointer_ns=500 slice_ns=500 cpp_ns=500 result=40702cf2bd10f800 hash=8596af9913445ebd
case w=31 h=17 layout=contiguous corpus=cancellation public_raw=[500, 500, 500, 500, 500, 500, 500, 500, 500, 500, 500, 500] pointer_raw=[500, 500, 500, 500, 500, 500, 500, 500, 500, 500, 500, 500] slice_raw=[500, 500, 500, 500, 500, 500, 500, 500, 500, 500, 500, 500] cpp_raw=[500, 500, 500, 500, 500, 500, 500, 500, 500, 500, 500, 500] public_ns=500 pointer_ns=500 slice_ns=500 cpp_ns=500 result=0 hash=789619667ec2b54f
case w=31 h=17 layout=padded corpus=positive public_raw=[500, 500, 500, 500, 500, 500, 500, 500, 500, 500, 500, 500] pointer_raw=[500, 500, 500, 500, 500, 500, 500, 500, 500, 500, 500, 500] slice_raw=[500, 500, 500, 500, 500, 500, 500, 500, 500, 500, 500, 500] cpp_raw=[500, 500, 500, 500, 500, 500, 500, 500, 500, 500, 500, 500] public_ns=500 pointer_ns=500 slice_ns=500 cpp_ns=500 result=40702cf2bd10f800 hash=d2884b9a0909f1bd
case w=31 h=17 layout=padded corpus=cancellation public_raw=[500, 500, 500, 500, 500, 500, 500, 500, 500, 500, 500, 500] pointer_raw=[500, 500, 500, 500, 500, 500, 500, 500, 500, 500, 500, 500] slice_raw=[500, 500, 500, 500, 500, 500, 500, 500, 500, 500, 500, 500] cpp_raw=[500, 500, 500, 500, 500, 500, 500, 500, 500, 500, 500, 500] public_ns=500 pointer_ns=500 slice_ns=500 cpp_ns=500 result=0 hash=1dab101df9a52d4f
case w=31 h=17 layout=negative-row corpus=positive public_raw=[500, 500, 500, 500, 500, 500, 500, 500, 500, 500, 500, 500] pointer_raw=[500, 500, 500, 500, 500, 500, 500, 500, 500, 500, 500, 500] slice_raw=[500, 500, 500, 500, 500, 500, 500, 500, 500, 500, 500, 500] cpp_raw=[500, 500, 500, 500, 500, 500, 500, 500, 500, 500, 500, 500] public_ns=500 pointer_ns=500 slice_ns=500 cpp_ns=500 result=40702cf2bd10f800 hash=8ff8755106ec0ed1
case w=31 h=17 layout=negative-row corpus=cancellation public_raw=[500, 500, 500, 500, 500, 500, 500, 500, 500, 500, 500, 500] pointer_raw=[500, 500, 500, 500, 500, 500, 500, 500, 500, 500, 500, 500] slice_raw=[500, 500, 500, 500, 500, 500, 500, 500, 500, 500, 500, 500] cpp_raw=[500, 500, 500, 500, 500, 500, 500, 500, 500, 500, 500, 500] public_ns=500 pointer_ns=500 slice_ns=500 cpp_ns=500 result=0 hash=6d1fa80ff9a52d4f
case w=31 h=17 layout=universal corpus=positive public_raw=[500, 500, 500, 500, 500, 500, 500, 500, 500, 500, 500, 500] pointer_raw=[500, 500, 500, 500, 500, 500, 500, 500, 500, 500, 500, 500] slice_raw=[500, 500, 500, 500, 500, 500, 500, 500, 500, 500, 500, 500] cpp_raw=[500, 500, 500, 500, 500, 500, 500, 500, 500, 500, 500, 500] public_ns=500 pointer_ns=500 slice_ns=500 cpp_ns=500 result=40702cf2bd10f800 hash=45edc35f09d36ded
case w=31 h=17 layout=universal corpus=cancellation public_raw=[500, 500, 500, 500, 500, 500, 500, 500, 500, 500, 500, 500] pointer_raw=[500, 500, 500, 500, 500, 500, 500, 500, 500, 500, 500, 500] slice_raw=[500, 500, 500, 500, 500, 500, 500, 500, 500, 500, 500, 500] cpp_raw=[500, 500, 500, 500, 500, 500, 500, 500, 500, 500, 500, 500] public_ns=500 pointer_ns=500 slice_ns=500 cpp_ns=500 result=0 hash=a4ba9168a61697b7
case w=31 h=17 layout=universal-negative corpus=positive public_raw=[500, 500, 500, 500, 500, 500, 500, 500, 500, 500, 500, 500] pointer_raw=[500, 500, 500, 500, 500, 500, 500, 500, 500, 500, 500, 500] slice_raw=[500, 500, 500, 500, 500, 500, 500, 500, 500, 500, 500, 500] cpp_raw=[500, 500, 500, 500, 500, 500, 500, 500, 500, 500, 500, 500] public_ns=500 pointer_ns=500 slice_ns=500 cpp_ns=500 result=40702cf2bd10f800 hash=314c0201084e056d
case w=31 h=17 layout=universal-negative corpus=cancellation public_raw=[500, 500, 500, 500, 500, 500, 500, 500, 500, 500, 500, 500] pointer_raw=[500, 500, 500, 500, 500, 500, 500, 500, 500, 500, 500, 500] slice_raw=[500, 500, 500, 500, 500, 500, 500, 500, 500, 500, 500, 500] cpp_raw=[500, 500, 500, 500, 500, 500, 500, 500, 500, 500, 500, 500] public_ns=500 pointer_ns=500 slice_ns=500 cpp_ns=500 result=0 hash=e5517cc7a61697b7
case w=31 h=17 layout=repeated-row corpus=positive public_raw=[500, 500, 500, 500, 500, 500, 500, 500, 500, 500, 500, 500] pointer_raw=[500, 500, 500, 500, 500, 500, 500, 500, 500, 500, 500, 500] slice_raw=[500, 500, 500, 500, 500, 500, 500, 500, 500, 500, 500, 500] cpp_raw=[500, 500, 500, 500, 500, 500, 500, 500, 500, 500, 500, 500] public_ns=500 pointer_ns=500 slice_ns=500 cpp_ns=500 result=4074dfc7beb80000 hash=552d99476c28af5f
case w=31 h=17 layout=repeated-row corpus=cancellation public_raw=[500, 500, 500, 500, 500, 500, 500, 500, 500, 500, 500, 500] pointer_raw=[500, 500, 500, 500, 500, 500, 500, 500, 500, 500, 500, 500] slice_raw=[500, 500, 500, 500, 500, 500, 500, 500, 500, 500, 500, 500] cpp_raw=[500, 500, 500, 500, 500, 500, 500, 500, 500, 500, 500, 500] public_ns=500 pointer_ns=500 slice_ns=500 cpp_ns=500 result=0 hash=a7fc3bd9d42fa9cf
case w=31 h=17 layout=zero-both corpus=positive public_raw=[500, 500, 500, 500, 500, 500, 500, 500, 500, 500, 500, 500] pointer_raw=[500, 500, 500, 500, 500, 500, 500, 500, 500, 500, 500, 500] slice_raw=[500, 500, 500, 500, 500, 500, 500, 500, 500, 500, 500, 500] cpp_raw=[500, 500, 500, 500, 500, 500, 500, 500, 500, 500, 500, 500] public_ns=500 pointer_ns=500 slice_ns=500 cpp_ns=500 result=407971b867000000 hash=8dfb19b47f723b97
case w=31 h=17 layout=zero-both corpus=cancellation public_raw=[500, 500, 500, 500, 500, 500, 500, 500, 500, 500, 500, 500] pointer_raw=[500, 500, 500, 500, 500, 500, 500, 500, 500, 500, 500, 500] slice_raw=[500, 500, 500, 500, 500, 500, 500, 500, 500, 500, 500, 500] cpp_raw=[500, 500, 500, 500, 500, 500, 500, 500, 500, 500, 500, 500] public_ns=500 pointer_ns=500 slice_ns=500 cpp_ns=500 result=c4a651bedd400000 hash=93bae8e06d7f38b
case w=256 h=128 layout=contiguous corpus=positive public_raw=[31300, 31400, 31300, 31300, 31300, 31300, 31300, 31300, 31300, 54600, 31300, 31300] pointer_raw=[31300, 31300, 31300, 31300, 31300, 31300, 31300, 31300, 31300, 31300, 31300, 31300] slice_raw=[31300, 31900, 31300, 31300, 31300, 31300, 31300, 31300, 31300, 31300, 31300, 31300] cpp_raw=[31300, 31300, 31300, 31300, 31300, 31300, 31300, 31300, 31300, 31300, 31300, 31300] public_ns=31300 pointer_ns=31300 slice_ns=31300 cpp_ns=31300 result=40d05bc706e36e40 hash=3f262f3c25d3932c
case w=256 h=128 layout=contiguous corpus=cancellation public_raw=[31300, 31300, 31300, 36000, 31300, 31300, 31300, 35500, 31300, 31300, 31300, 31300] pointer_raw=[31300, 31300, 31300, 31300, 31300, 31300, 31300, 76500, 31300, 31300, 31300, 31300] slice_raw=[31300, 31300, 31300, 31300, 31300, 31300, 31300, 31300, 31300, 31300, 31300, 31300] cpp_raw=[31300, 31300, 31300, 33200, 31300, 31300, 31300, 31300, 31300, 31300, 31300, 46900] public_ns=31300 pointer_ns=31300 slice_ns=31300 cpp_ns=31300 result=3ff0000000000000 hash=92b36eaed3f34fbd
case w=256 h=128 layout=padded corpus=positive public_raw=[31300, 31300, 31300, 31300, 31300, 31300, 31300, 31300, 34800, 31300, 31300, 31300] pointer_raw=[31300, 31300, 31300, 31300, 33600, 31300, 31300, 31300, 31300, 31300, 31300, 31300] slice_raw=[34400, 31300, 31300, 31300, 31300, 31300, 31300, 31300, 31300, 31300, 31300, 33700] cpp_raw=[31300, 31300, 31300, 31300, 31300, 31300, 31300, 31300, 31300, 31300, 31300, 31300] public_ns=31300 pointer_ns=31300 slice_ns=31300 cpp_ns=31300 result=40d05bc706e36e40 hash=dbe5f10c75e5df2c
case w=256 h=128 layout=padded corpus=cancellation public_raw=[31300, 31300, 31300, 31300, 31300, 31300, 31300, 31300, 31300, 31300, 31300, 31300] pointer_raw=[31300, 31300, 31300, 31300, 31300, 68300, 31300, 31300, 31300, 31300, 31300, 31300] slice_raw=[31300, 34000, 31300, 31300, 31300, 31300, 31300, 31300, 31300, 31300, 31300, 31300] cpp_raw=[31300, 31300, 31300, 31300, 31300, 31300, 31300, 31300, 74100, 31300, 31300, 31300] public_ns=31300 pointer_ns=31300 slice_ns=31300 cpp_ns=31300 result=3ff0000000000000 hash=27aaca5e7e61b13d
case w=256 h=128 layout=negative-row corpus=positive public_raw=[31400, 75400, 31300, 31300, 31600, 31400, 31300, 31300, 31300, 31300, 31300, 31300] pointer_raw=[31400, 33100, 31300, 31300, 31400, 31700, 31300, 31300, 31300, 31300, 31300, 31300] slice_raw=[31300, 62400, 31300, 31400, 31300, 32000, 31300, 31300, 31300, 31300, 31300, 31300] cpp_raw=[339800, 31500, 31400, 31300, 31300, 37100, 31300, 31300, 31300, 31300, 31300, 31300] public_ns=31300 pointer_ns=31300 slice_ns=31300 cpp_ns=31300 result=40d05bc706e36e40 hash=f79ed8293f6bcb5c
case w=256 h=128 layout=negative-row corpus=cancellation public_raw=[31300, 31300, 31300, 31300, 31300, 31300, 31300, 31300, 31300, 31300, 31300, 31300] pointer_raw=[31300, 31300, 31300, 31300, 31300, 31300, 31300, 31300, 31300, 31300, 31300, 31300] slice_raw=[31300, 31300, 31300, 31300, 31300, 31300, 31300, 31300, 31300, 31300, 31300, 31300] cpp_raw=[31300, 31300, 31300, 31300, 31300, 31300, 31300, 31300, 31300, 31300, 31300, 31300] public_ns=31300 pointer_ns=31300 slice_ns=31300 cpp_ns=31300 result=3ff0000000000000 hash=27aaca5e7e61b13d
case w=256 h=128 layout=universal corpus=positive public_raw=[31300, 31300, 31300, 31400, 31300, 31400, 32500, 31300, 60400, 31300, 31400, 31300] pointer_raw=[31400, 31300, 31300, 31300, 31300, 32200, 31400, 31300, 31300, 31300, 31300, 31300] slice_raw=[31400, 31300, 31300, 31300, 31300, 31500, 33100, 31300, 31300, 31300, 31300, 31300] cpp_raw=[31300, 31300, 31300, 34000, 31300, 37800, 31800, 31300, 31300, 31300, 31300, 31300] public_ns=31300 pointer_ns=31300 slice_ns=31300 cpp_ns=31300 result=40d05bc706e36e40 hash=f51edac924f49e8a
case w=256 h=128 layout=universal corpus=cancellation public_raw=[31300, 31400, 31300, 31300, 31300, 31700, 51100, 31300, 31300, 31300, 31300, 31300] pointer_raw=[31300, 72900, 31300, 31300, 31300, 31300, 31300, 31300, 31300, 31300, 31300, 34200] slice_raw=[31300, 31300, 31300, 31300, 31300, 31300, 31300, 31300, 31300, 66700, 31300, 31300] cpp_raw=[31300, 31300, 31300, 31300, 31300, 31300, 31500, 31300, 31300, 31300, 31300, 31300] public_ns=31300 pointer_ns=31300 slice_ns=31300 cpp_ns=31300 result=3ff0000000000000 hash=11c9366db9c9a94f
case w=256 h=128 layout=universal-negative corpus=positive public_raw=[31300, 31300, 31300, 31300, 31300, 31300, 31300, 31300, 31300, 31300, 31300, 31300] pointer_raw=[31300, 31300, 31300, 31300, 31300, 31500, 31300, 31300, 31300, 31300, 31300, 31300] slice_raw=[34100, 31300, 31300, 31300, 31400, 31300, 31300, 31300, 31300, 31300, 31300, 31300] cpp_raw=[31300, 31300, 31300, 31300, 31300, 31300, 31300, 31300, 31300, 31300, 31300, 31300] public_ns=31300 pointer_ns=31300 slice_ns=31300 cpp_ns=31300 result=40d05bc706e36e40 hash=80a7df72833edfd2
case w=256 h=128 layout=universal-negative corpus=cancellation public_raw=[31300, 31300, 31300, 31300, 31300, 31300, 31300, 31400, 31300, 31300, 31300, 31300] pointer_raw=[31300, 71700, 31300, 31300, 31300, 31300, 31300, 31300, 31300, 31300, 31300, 31300] slice_raw=[31300, 31300, 31300, 31300, 33800, 31300, 31300, 31300, 31300, 31300, 31300, 31300] cpp_raw=[31300, 31300, 31300, 31300, 31300, 31300, 31300, 31300, 31300, 31300, 31300, 31300] public_ns=31300 pointer_ns=31300 slice_ns=31300 cpp_ns=31300 result=3ff0000000000000 hash=69b8d69cb89ba94f
case w=256 h=128 layout=repeated-row corpus=positive public_raw=[31300, 31300, 31300, 31300, 31300, 31300, 31300, 31300, 31300, 31300, 31300, 31300] pointer_raw=[31300, 31300, 31300, 31300, 34300, 31300, 31300, 31300, 31300, 31300, 31300, 31300] slice_raw=[31300, 31300, 31300, 31300, 31300, 31300, 31300, 31300, 31300, 31300, 31300, 31300] cpp_raw=[31300, 31300, 31300, 31300, 31300, 31300, 31300, 31300, 31300, 31300, 31300, 31300] public_ns=31300 pointer_ns=31300 slice_ns=31300 cpp_ns=31300 result=40cf81efb5c54000 hash=49714b53d54ac7b
case w=256 h=128 layout=repeated-row corpus=cancellation public_raw=[31300, 43900, 30600, 30600, 30600, 30600, 30700, 49700, 30600, 30600, 30700, 30600] pointer_raw=[31300, 31300, 30500, 32700, 30500, 30500, 30900, 43500, 30500, 30500, 30500, 71500] slice_raw=[31300, 31300, 30500, 30500, 30500, 30500, 30500, 30500, 30500, 30500, 30500, 59300] cpp_raw=[31300, 31300, 30500, 30500, 30500, 30500, 30500, 30500, 30500, 30500, 30500, 30500] public_ns=30600 pointer_ns=30700 slice_ns=30500 cpp_ns=30500 result=3ff0000000000000 hash=e593d3b04b0d07bd
case w=256 h=128 layout=zero-both corpus=positive public_raw=[30600, 30600, 33600, 30600, 30600, 30600, 30500, 30500, 30500, 30600, 30600, 30600] pointer_raw=[30600, 30600, 54800, 30500, 30500, 30500, 30500, 30500, 30500, 30500, 30500, 30500] slice_raw=[30600, 30500, 30500, 30500, 30500, 30500, 30500, 30500, 30500, 30500, 30500, 30500] cpp_raw=[30500, 30500, 30500, 43800, 30500, 30500, 30500, 30500, 30500, 30500, 30500, 30500] public_ns=30600 pointer_ns=30500 slice_ns=30500 cpp_ns=30500 result=40bb3b6460000000 hash=dca1f6e90fc4a294
case w=256 h=128 layout=zero-both corpus=cancellation public_raw=[30600, 30600, 30600, 30500, 30500, 66500, 66700, 31600, 32100, 30600, 30600, 30600] pointer_raw=[30500, 30500, 30500, 30500, 30700, 30500, 44200, 51500, 32100, 30600, 30500, 30500] slice_raw=[30600, 30600, 30700, 30700, 30500, 57900, 48000, 51500, 32000, 30600, 30500, 30500] cpp_raw=[30600, 30600, 33100, 30500, 30500, 57600, 31300, 36600, 67600, 30500, 30500, 30500] public_ns=30600 pointer_ns=30500 slice_ns=30650 cpp_ns=30600 result=40e0000000000000 hash=5e6a49abe85e7e27
case w=2048 h=512 layout=contiguous corpus=positive public_raw=[991600, 981000, 985700, 1095600, 1030800, 981200, 982200, 1205800, 980700, 1004400, 1004400, 1013500] pointer_raw=[1029600, 1019900, 1061200, 1044800, 980800, 979400, 980200, 988200, 982700, 980600, 1004000, 1017700] slice_raw=[1091400, 1000600, 980500, 1066300, 986200, 1299100, 984300, 980500, 981300, 1074100, 1004400, 1004300] cpp_raw=[1036900, 981200, 980400, 1082500, 979600, 984900, 985000, 980800, 980800, 1011000, 1005500, 1005700] public_ns=998000 pointer_ns=996100 slice_ns=1002450 cpp_ns=984950 result=41205e2e4a399ead hash=c6dac67e2265fef0
case w=2048 h=512 layout=contiguous corpus=cancellation public_raw=[1005800, 1008200, 1004300, 1019200, 1005200, 1004900, 1004600, 986900, 988200, 983200, 981500, 1018600] pointer_raw=[1008500, 1009400, 1004600, 1005700, 1004300, 1005200, 1004500, 982500, 984100, 981000, 981200, 1093300] slice_raw=[1004800, 1016500, 1006400, 1007600, 1004500, 1062600, 1004500, 981600, 981600, 1015800, 981600, 1047600] cpp_raw=[1004600, 1009900, 1023300, 1005200, 1004400, 1009100, 1004600, 1004800, 980900, 1017200, 981200, 986300] public_ns=1004750 pointer_ns=1004550 slice_ns=1005600 cpp_ns=1004700 result=3ff0000000000000 hash=a69aed56f8a74fbd
case w=2048 h=512 layout=padded corpus=positive public_raw=[980700, 980400, 980300, 981400, 980600, 980500, 980500, 980500, 980500, 980900, 980400, 980400] pointer_raw=[981000, 981800, 980100, 977800, 980400, 982100, 980700, 980700, 980300, 980300, 980300, 980500] slice_raw=[980500, 982000, 980300, 980300, 980400, 980600, 980400, 980600, 980300, 980600, 980500, 981000] cpp_raw=[981700, 980900, 977800, 1055500, 980400, 980700, 980400, 980300, 981500, 980400, 980100, 980300] public_ns=980500 pointer_ns=980450 slice_ns=980500 cpp_ns=980400 result=41205e2e4a399ead hash=2c08ab9cb604d170
case w=2048 h=512 layout=padded corpus=cancellation public_raw=[980900, 982100, 982800, 983700, 1016700, 977400, 939300, 937100, 938400, 937700, 937300, 935100] pointer_raw=[981000, 981200, 981000, 1026900, 1026000, 937400, 937000, 937000, 935200, 937600, 937400, 937500] slice_raw=[981200, 978400, 981000, 1412500, 1005700, 937400, 937600, 1085200, 971900, 937500, 1064000, 937700] cpp_raw=[980700, 983500, 980600, 980700, 1005700, 1074500, 937300, 936900, 937400, 937500, 973400, 971700] public_ns=958350 pointer_ns=937550 slice_ns=979700 cpp_ns=977000 result=3ff0000000000000 hash=d0a747135a70713d
case w=2048 h=512 layout=negative-row corpus=positive public_raw=[969200, 936800, 958200, 958100, 1021200, 958300, 958900, 958200, 958600, 958200, 1023700, 958200] pointer_raw=[936900, 936700, 958400, 991600, 1003700, 958200, 1129700, 958100, 976800, 958300, 959200, 958100] slice_raw=[936800, 936800, 1029400, 958100, 958200, 958100, 958100, 958000, 1226200, 958200, 958000, 957900] cpp_raw=[936500, 936800, 958200, 958100, 958200, 958000, 958100, 959300, 997200, 958100, 958100, 958300] public_ns=958250 pointer_ns=958350 slice_ns=958100 cpp_ns=958100 result=41205e2e4a399ead hash=79d855f7de969fd4
case w=2048 h=512 layout=negative-row corpus=cancellation public_raw=[958800, 958400, 1168000, 998400, 958200, 958500, 1061100, 1230600, 958000, 958600, 1043000, 997300] pointer_raw=[958700, 958100, 1004600, 964400, 958000, 958800, 1019300, 995800, 1132600, 1026500, 1079000, 958400] slice_raw=[1093000, 958400, 958100, 958800, 1192300, 1079000, 958200, 958300, 1135500, 1049300, 958000, 958400] cpp_raw=[958700, 1032700, 958300, 1012200, 969200, 962400, 1058900, 956200, 1057000, 958400, 1027600, 960300] public_ns=978050 pointer_ns=980100 slice_ns=958600 cpp_ns=965800 result=3ff0000000000000 hash=d0a747135a70713d
case w=2048 h=512 layout=universal corpus=positive public_raw=[1229600, 1039300, 1023900, 1005600, 1330900, 1048400, 1001700, 1008500, 1155300, 1013600, 993900, 991100] pointer_raw=[1074300, 1069800, 1077800, 990000, 1116200, 995400, 1081200, 1025600, 1071000, 1001300, 1009500, 994800] slice_raw=[1008600, 1101800, 1004700, 1063100, 1067300, 1204800, 1011800, 1023900, 1010900, 997900, 990700, 993700] cpp_raw=[990700, 1116600, 1021800, 1060900, 1051500, 1112000, 998100, 1062100, 993200, 1017300, 999200, 1008600] public_ns=1018750 pointer_ns=1047700 slice_ns=1011350 cpp_ns=1019550 result=41205e2e4a399ead hash=6e14901679ca267a
case w=2048 h=512 layout=universal corpus=cancellation public_raw=[1003000, 966200, 1041800, 971500, 1028000, 994600, 966600, 980500, 970000, 1211600, 945200, 976300] pointer_raw=[993100, 1002600, 987500, 982800, 997500, 968100, 1049900, 966200, 990100, 968200, 944400, 944300] slice_raw=[999000, 987200, 967500, 987100, 984600, 967400, 982800, 965600, 992200, 968000, 1059400, 944700] cpp_raw=[989100, 985400, 969700, 984700, 966200, 1055400, 965900, 992600, 982500, 1032000, 962700, 1026500] public_ns=978400 pointer_ns=985150 slice_ns=983700 cpp_ns=985050 result=3ff0000000000000 hash=f76b74e1e473e94f
case w=2048 h=512 layout=universal-negative corpus=positive public_raw=[963600, 950900, 945700, 947900, 946800, 975300, 967600, 982900, 966600, 968900, 969000, 1080800] pointer_raw=[948300, 987100, 1063100, 946000, 1049200, 970800, 966200, 968400, 969900, 1231800, 980800, 976300] slice_raw=[946400, 1015100, 947400, 944200, 969600, 969900, 972000, 966500, 1046900, 981800, 1114800, 968100] cpp_raw=[944000, 994700, 944700, 951700, 967200, 969100, 967300, 975400, 969800, 970200, 996700, 967500] public_ns=967100 pointer_ns=973550 slice_ns=969750 cpp_ns=968300 result=41205e2e4a399ead hash=36f1d619b4475f82
case w=2048 h=512 layout=universal-negative corpus=cancellation public_raw=[971500, 981900, 966000, 1043600, 966000, 982600, 964700, 966300, 948400, 1085800, 950700, 1193000] pointer_raw=[1046900, 965900, 965000, 979400, 964500, 968100, 965900, 956900, 944000, 987000, 1159400, 977800] slice_raw=[974200, 966400, 968400, 966800, 1042500, 968100, 978000, 946100, 1042700, 1135200, 1275800, 952200] cpp_raw=[966500, 965200, 965300, 968600, 974100, 965100, 970000, 969500, 1068900, 1090000, 981800, 1133900] public_ns=968900 pointer_ns=967000 slice_ns=971300 cpp_ns=969750 result=3ff0000000000000 hash=ab9670d8fefbe94f
case w=2048 h=512 layout=repeated-row corpus=positive public_raw=[979200, 1090600, 1028600, 1179000, 1000400, 1022300, 984300, 1020700, 992300, 1026100, 980400, 979800] pointer_raw=[1002500, 971300, 998100, 1139100, 1057000, 983000, 981200, 985800, 1028800, 995600, 979800, 1018900] slice_raw=[984500, 1001200, 992700, 1063300, 1232600, 991300, 981500, 997200, 1032000, 982700, 985700, 991300] cpp_raw=[979900, 1061900, 991900, 996900, 997000, 1057300, 984400, 981100, 986200, 986900, 981800, 979700] public_ns=1010550 pointer_ns=996850 slice_ns=992000 cpp_ns=986550 result=41208946735a2800 hash=9b7642ffa76b8e74
case w=2048 h=512 layout=repeated-row corpus=cancellation public_raw=[986500, 984100, 982800, 981100, 984000, 987500, 983800, 979900, 1020900, 985100, 1081400, 981800] pointer_raw=[985700, 994700, 981700, 979900, 989200, 990600, 981800, 979800, 991500, 1067100, 982800, 979900] slice_raw=[1032000, 985400, 989200, 1038000, 1071600, 991300, 984100, 979700, 989200, 990600, 980900, 980200] cpp_raw=[991300, 992000, 1060300, 981100, 1106600, 982500, 1022200, 979900, 984900, 983800, 981300, 981600] public_ns=984050 pointer_ns=984250 slice_ns=989200 cpp_ns=984350 result=3ff0000000000000 hash=7db41a694ebd0fbd
case w=2048 h=512 layout=zero-both corpus=positive public_raw=[979800, 989900, 983000, 983200, 979800, 1032400, 990200, 981400, 979700, 986100, 979700, 982100] pointer_raw=[1058400, 1070400, 1029700, 980100, 980900, 979600, 983100, 979900, 979700, 980400, 990200, 983300] slice_raw=[984900, 1113000, 983500, 979800, 982200, 1168500, 980500, 979800, 1014400, 1020600, 980900, 981100] cpp_raw=[982000, 1002000, 987600, 983700, 979900, 1023600, 1028500, 982000, 1020500, 980800, 983400, 1030600] public_ns=982550 pointer_ns=982000 slice_ns=982850 cpp_ns=985650 result=412e916880000000 hash=adc4660192ca3fa3
case w=2048 h=512 layout=zero-both corpus=cancellation public_raw=[979900, 979800, 979800, 979800, 979700, 979700, 979700, 982500, 957500, 960900, 957800, 957500] pointer_raw=[979700, 980100, 979700, 980000, 980900, 980000, 979700, 984600, 957500, 957400, 957500, 957500] slice_raw=[979700, 980000, 979700, 979700, 979800, 979800, 1018400, 989800, 955500, 1024000, 1028000, 957400] cpp_raw=[979900, 979800, 980000, 980200, 979900, 979700, 980000, 979700, 957400, 1000600, 957800, 957300] public_ns=979700 pointer_ns=979700 slice_ns=979800 cpp_ns=979850 result=4130000000000000 hash=5e6a49abe85e7e27
m3_strict_reduction PASS cases=42 sink=0
