contracts PASS invalid/empty/out-zero/cancellation
semantic PASS cases=56 finite-bitwise NaN-class source-preserved
case w=31 h=17 layout=contiguous corpus=positive public_raw=[500, 500, 500, 500, 500, 500, 500, 500, 500, 500, 500, 500] pointer_raw=[500, 500, 500, 500, 500, 500, 500, 500, 500, 500, 500, 500] slice_raw=[500, 500, 500, 500, 500, 500, 500, 500, 500, 500, 500, 500] cpp_raw=[500, 500, 500, 500, 500, 500, 500, 500, 500, 500, 500, 500] public_ns=500 pointer_ns=500 slice_ns=500 cpp_ns=500 result=40702cf2bd10f800 hash=8596af9913445ebd
case w=31 h=17 layout=contiguous corpus=cancellation public_raw=[500, 500, 500, 500, 500, 500, 500, 500, 500, 500, 500, 500] pointer_raw=[500, 500, 500, 500, 500, 500, 500, 500, 500, 500, 500, 500] slice_raw=[500, 500, 500, 500, 500, 500, 500, 500, 500, 500, 500, 500] cpp_raw=[500, 500, 500, 500, 500, 500, 500, 500, 500, 500, 500, 500] public_ns=500 pointer_ns=500 slice_ns=500 cpp_ns=500 result=0 hash=789619667ec2b54f
case w=31 h=17 layout=padded corpus=positive public_raw=[500, 500, 500, 500, 500, 500, 500, 500, 500, 500, 500, 500] pointer_raw=[500, 500, 500, 500, 500, 500, 500, 500, 500, 500, 500, 500] slice_raw=[500, 500, 500, 500, 500, 500, 500, 500, 500, 500, 500, 500] cpp_raw=[500, 500, 500, 500, 500, 500, 500, 500, 500, 500, 500, 500] public_ns=500 pointer_ns=500 slice_ns=500 cpp_ns=500 result=40702cf2bd10f800 hash=d2884b9a0909f1bd
case w=31 h=17 layout=padded corpus=cancellation public_raw=[500, 500, 500, 500, 500, 500, 500, 500, 500, 500, 500, 500] pointer_raw=[500, 500, 500, 500, 500, 500, 500, 500, 500, 500, 500, 500] slice_raw=[500, 500, 500, 500, 500, 500, 500, 500, 500, 500, 500, 500] cpp_raw=[500, 500, 500, 500, 500, 500, 500, 500, 500, 500, 500, 500] public_ns=500 pointer_ns=500 slice_ns=500 cpp_ns=500 result=0 hash=1dab101df9a52d4f
case w=31 h=17 layout=negative-row corpus=positive public_raw=[500, 600, 500, 500, 500, 500, 500, 500, 500, 500, 500, 500] pointer_raw=[77300, 500, 500, 500, 500, 500, 500, 500, 500, 500, 500, 500] slice_raw=[500, 500, 500, 500, 500, 500, 500, 500, 500, 500, 500, 500] cpp_raw=[500, 500, 500, 500, 500, 500, 500, 500, 500, 500, 500, 500] public_ns=500 pointer_ns=500 slice_ns=500 cpp_ns=500 result=40702cf2bd10f800 hash=8ff8755106ec0ed1
case w=31 h=17 layout=negative-row corpus=cancellation public_raw=[500, 500, 500, 500, 500, 500, 500, 500, 500, 500, 500, 500] pointer_raw=[500, 500, 500, 500, 500, 500, 500, 500, 500, 500, 500, 500] slice_raw=[500, 500, 500, 500, 500, 500, 500, 500, 500, 500, 500, 500] cpp_raw=[500, 500, 500, 500, 500, 500, 500, 500, 500, 500, 500, 500] public_ns=500 pointer_ns=500 slice_ns=500 cpp_ns=500 result=0 hash=6d1fa80ff9a52d4f
case w=31 h=17 layout=universal corpus=positive public_raw=[500, 500, 500, 500, 500, 500, 500, 500, 500, 500, 500, 500] pointer_raw=[500, 500, 500, 500, 500, 500, 500, 500, 500, 500, 500, 500] slice_raw=[500, 500, 500, 500, 500, 500, 500, 500, 500, 500, 500, 500] cpp_raw=[500, 500, 500, 500, 500, 500, 500, 500, 500, 500, 500, 500] public_ns=500 pointer_ns=500 slice_ns=500 cpp_ns=500 result=40702cf2bd10f800 hash=45edc35f09d36ded
case w=31 h=17 layout=universal corpus=cancellation public_raw=[500, 500, 500, 500, 500, 500, 500, 500, 500, 500, 500, 500] pointer_raw=[500, 500, 500, 500, 500, 500, 500, 500, 500, 500, 500, 500] slice_raw=[500, 500, 500, 500, 500, 500, 500, 500, 500, 500, 500, 500] cpp_raw=[500, 500, 500, 500, 500, 500, 500, 500, 500, 500, 500, 500] public_ns=500 pointer_ns=500 slice_ns=500 cpp_ns=500 result=0 hash=a4ba9168a61697b7
case w=31 h=17 layout=universal-negative corpus=positive public_raw=[500, 500, 500, 500, 500, 500, 500, 500, 500, 500, 500, 500] pointer_raw=[500, 500, 500, 500, 500, 500, 500, 500, 500, 500, 500, 500] slice_raw=[500, 500, 500, 500, 500, 500, 500, 500, 500, 500, 500, 500] cpp_raw=[500, 500, 500, 500, 500, 500, 500, 500, 500, 500, 500, 500] public_ns=500 pointer_ns=500 slice_ns=500 cpp_ns=500 result=40702cf2bd10f800 hash=314c0201084e056d
case w=31 h=17 layout=universal-negative corpus=cancellation public_raw=[500, 500, 500, 500, 500, 500, 500, 500, 500, 500, 500, 500] pointer_raw=[500, 500, 500, 500, 500, 500, 500, 500, 500, 500, 500, 500] slice_raw=[500, 500, 500, 500, 500, 500, 500, 500, 500, 500, 500, 500] cpp_raw=[500, 500, 500, 500, 500, 500, 500, 500, 500, 500, 500, 500] public_ns=500 pointer_ns=500 slice_ns=500 cpp_ns=500 result=0 hash=e5517cc7a61697b7
case w=31 h=17 layout=repeated-row corpus=positive public_raw=[500, 500, 500, 500, 500, 500, 500, 500, 500, 500, 500, 500] pointer_raw=[500, 500, 500, 500, 500, 500, 500, 500, 500, 500, 500, 500] slice_raw=[500, 500, 500, 500, 500, 500, 500, 500, 500, 500, 500, 500] cpp_raw=[500, 500, 500, 500, 500, 500, 500, 500, 500, 500, 500, 500] public_ns=500 pointer_ns=500 slice_ns=500 cpp_ns=500 result=4074dfc7beb80000 hash=552d99476c28af5f
case w=31 h=17 layout=repeated-row corpus=cancellation public_raw=[500, 500, 500, 500, 500, 500, 500, 500, 500, 500, 500, 500] pointer_raw=[500, 500, 500, 500, 500, 500, 500, 500, 500, 500, 500, 500] slice_raw=[500, 500, 500, 500, 500, 500, 500, 500, 500, 500, 500, 500] cpp_raw=[500, 500, 500, 500, 500, 500, 500, 500, 500, 500, 500, 500] public_ns=500 pointer_ns=500 slice_ns=500 cpp_ns=500 result=0 hash=a7fc3bd9d42fa9cf
case w=31 h=17 layout=zero-both corpus=positive public_raw=[500, 500, 500, 500, 500, 500, 500, 500, 500, 500, 500, 500] pointer_raw=[500, 500, 500, 500, 500, 500, 500, 500, 500, 500, 500, 500] slice_raw=[500, 500, 500, 500, 500, 500, 500, 500, 500, 500, 500, 500] cpp_raw=[500, 500, 500, 500, 500, 500, 500, 500, 500, 500, 500, 500] public_ns=500 pointer_ns=500 slice_ns=500 cpp_ns=500 result=407971b867000000 hash=8dfb19b47f723b97
case w=31 h=17 layout=zero-both corpus=cancellation public_raw=[500, 500, 500, 500, 500, 500, 500, 500, 500, 500, 500, 500] pointer_raw=[500, 500, 500, 500, 500, 500, 500, 500, 500, 500, 500, 500] slice_raw=[500, 500, 500, 500, 500, 500, 500, 500, 500, 500, 500, 500] cpp_raw=[500, 500, 500, 500, 500, 500, 500, 500, 500, 500, 500, 500] public_ns=500 pointer_ns=500 slice_ns=500 cpp_ns=500 result=c4a651bedd400000 hash=93bae8e06d7f38b
case w=256 h=128 layout=contiguous corpus=positive public_raw=[30600, 30600, 30600, 30600, 30600, 60700, 30600, 30600, 30600, 30600, 30600, 30500] pointer_raw=[30500, 30500, 30600, 30500, 30500, 30500, 44400, 30500, 30500, 30600, 30600, 30600] slice_raw=[30500, 30500, 80700, 30500, 30500, 30500, 30600, 30600, 30500, 30500, 30500, 30500] cpp_raw=[30500, 30500, 30500, 30500, 30500, 30500, 30500, 43300, 30500, 55000, 30500, 30500] public_ns=30600 pointer_ns=30500 slice_ns=30500 cpp_ns=30500 result=40d05bc706e36e40 hash=3f262f3c25d3932c
case w=256 h=128 layout=contiguous corpus=cancellation public_raw=[30600, 30600, 30600, 30600, 30600, 30600, 30600, 30600, 30600, 30600, 30600, 30600] pointer_raw=[30600, 30600, 30600, 30600, 30500, 30500, 33400, 30500, 30500, 30500, 33200, 30600] slice_raw=[30500, 30600, 30600, 30500, 30500, 30500, 30600, 30500, 30500, 30500, 30500, 30500] cpp_raw=[30500, 30500, 30500, 30600, 30500, 30500, 30500, 44000, 30500, 30500, 30500, 30500] public_ns=30600 pointer_ns=30600 slice_ns=30500 cpp_ns=30500 result=3ff0000000000000 hash=92b36eaed3f34fbd
case w=256 h=128 layout=padded corpus=positive public_raw=[30600, 30600, 30600, 30600, 30600, 30600, 30600, 30600, 33200, 30600, 30600, 30600] pointer_raw=[30600, 30600, 30600, 30600, 33100, 30600, 30600, 30600, 30600, 30600, 30600, 30600] slice_raw=[30600, 30600, 30600, 30600, 30600, 30600, 30600, 30600, 30600, 30600, 30600, 30600] cpp_raw=[30600, 30600, 30600, 30600, 30600, 30600, 30600, 30500, 30600, 30600, 30600, 30600] public_ns=30600 pointer_ns=30600 slice_ns=30600 cpp_ns=30600 result=40d05bc706e36e40 hash=dbe5f10c75e5df2c
case w=256 h=128 layout=padded corpus=cancellation public_raw=[30600, 30600, 30600, 30600, 30600, 30600, 30600, 30600, 30600, 30600, 30600, 30600] pointer_raw=[30600, 30500, 30500, 30500, 30500, 30500, 30600, 30600, 30500, 34400, 30500, 30500] slice_raw=[30600, 33400, 30500, 30500, 30500, 30600, 30500, 30500, 30500, 30600, 30500, 30500] cpp_raw=[30500, 30500, 30500, 30500, 30500, 30500, 30500, 30500, 30500, 30500, 30500, 30500] public_ns=30600 pointer_ns=30500 slice_ns=30500 cpp_ns=30500 result=3ff0000000000000 hash=27aaca5e7e61b13d
case w=256 h=128 layout=negative-row corpus=positive public_raw=[30600, 30800, 30600, 30600, 30600, 30600, 30600, 30600, 30600, 30600, 30600, 30600] pointer_raw=[30600, 30500, 30600, 30500, 30500, 33600, 30500, 30500, 30500, 30600, 30500, 30500] slice_raw=[30600, 30500, 30600, 30500, 30500, 30600, 30500, 30500, 30500, 30600, 30500, 30500] cpp_raw=[30500, 30500, 30500, 30500, 30500, 30500, 30500, 30500, 33700, 30500, 30500, 30500] public_ns=30600 pointer_ns=30500 slice_ns=30500 cpp_ns=30500 result=40d05bc706e36e40 hash=f79ed8293f6bcb5c
case w=256 h=128 layout=negative-row corpus=cancellation public_raw=[30600, 30600, 30600, 30600, 30600, 30600, 30600, 30600, 30600, 30600, 30600, 30600] pointer_raw=[30600, 30500, 30600, 30500, 30500, 30500, 30600, 30600, 30600, 30600, 30600, 30500] slice_raw=[30600, 30600, 30600, 30600, 30600, 30600, 30600, 30600, 30600, 30600, 34300, 30600] cpp_raw=[30500, 30600, 33300, 30500, 30500, 30500, 30600, 30500, 30600, 30500, 30500, 30500] public_ns=30600 pointer_ns=30600 slice_ns=30600 cpp_ns=30500 result=3ff0000000000000 hash=27aaca5e7e61b13d
case w=256 h=128 layout=universal corpus=positive public_raw=[30600, 30600, 30600, 30600, 30600, 30600, 30600, 30600, 30600, 30600, 30600, 30600] pointer_raw=[30600, 30600, 30600, 30600, 30600, 30600, 30600, 34000, 30600, 30600, 30600, 30600] slice_raw=[30600, 30600, 30600, 30600, 30600, 30600, 30600, 30600, 30600, 30600, 30600, 30600] cpp_raw=[30600, 30600, 30600, 30600, 30600, 30600, 30600, 30600, 30600, 30600, 30600, 30600] public_ns=30600 pointer_ns=30600 slice_ns=30600 cpp_ns=30600 result=40d05bc706e36e40 hash=f51edac924f49e8a
case w=256 h=128 layout=universal corpus=cancellation public_raw=[30600, 30600, 30600, 30600, 30600, 30600, 30600, 30600, 30600, 30600, 30600, 30600] pointer_raw=[30600, 30600, 30600, 30600, 30600, 30600, 30600, 30600, 30600, 30600, 30600, 30600] slice_raw=[30600, 30600, 30600, 30600, 30600, 30600, 30600, 30600, 30600, 33800, 30600, 30600] cpp_raw=[30600, 33200, 30800, 30600, 30600, 30600, 30600, 30600, 30600, 30600, 30600, 30600] public_ns=30600 pointer_ns=30600 slice_ns=30600 cpp_ns=30600 result=3ff0000000000000 hash=11c9366db9c9a94f
case w=256 h=128 layout=universal-negative corpus=positive public_raw=[30600, 30600, 30600, 30600, 30600, 30600, 30600, 30600, 30600, 30600, 30600, 30600] pointer_raw=[30600, 33400, 30600, 30600, 30600, 30600, 30600, 30600, 30600, 30600, 30600, 30600] slice_raw=[30600, 30600, 30600, 30600, 30600, 30600, 30600, 30600, 30600, 30600, 30600, 30600] cpp_raw=[30600, 30600, 30600, 30600, 30600, 30600, 33200, 30600, 30600, 30600, 30600, 30600] public_ns=30600 pointer_ns=30600 slice_ns=30600 cpp_ns=30600 result=40d05bc706e36e40 hash=80a7df72833edfd2
case w=256 h=128 layout=universal-negative corpus=cancellation public_raw=[30600, 30600, 30600, 30600, 30600, 30600, 30600, 30600, 33100, 30600, 30600, 30600] pointer_raw=[30600, 30600, 30600, 30600, 30600, 30600, 30600, 30600, 30600, 30600, 30600, 30600] slice_raw=[30600, 30600, 30600, 30600, 30600, 30600, 30600, 30600, 30600, 30600, 30600, 30600] cpp_raw=[30600, 30600, 30600, 30600, 30600, 30600, 30600, 30600, 30600, 30600, 30600, 30600] public_ns=30600 pointer_ns=30600 slice_ns=30600 cpp_ns=30600 result=3ff0000000000000 hash=69b8d69cb89ba94f
case w=256 h=128 layout=repeated-row corpus=positive public_raw=[30600, 30600, 30600, 30600, 30600, 30600, 30600, 30600, 30600, 30600, 30600, 30600] pointer_raw=[30600, 30500, 30500, 30500, 30500, 30500, 30500, 30500, 30500, 30500, 30500, 30500] slice_raw=[30600, 30500, 30500, 30500, 30500, 30500, 30500, 32700, 30500, 30500, 30500, 30500] cpp_raw=[30500, 30500, 30500, 30500, 30500, 30500, 30500, 30500, 30500, 30500, 30500, 30500] public_ns=30600 pointer_ns=30500 slice_ns=30500 cpp_ns=30500 result=40cf81efb5c54000 hash=49714b53d54ac7b
case w=256 h=128 layout=repeated-row corpus=cancellation public_raw=[30500, 30600, 30600, 30600, 30600, 30600, 30600, 30600, 30600, 30600, 30600, 30600] pointer_raw=[30500, 30500, 30500, 30500, 30500, 30500, 30500, 30500, 30500, 30500, 30500, 30500] slice_raw=[30500, 30500, 30500, 30500, 30500, 30500, 30500, 32900, 30500, 30500, 30500, 30500] cpp_raw=[30500, 30500, 30500, 30500, 30500, 30500, 30500, 30500, 30500, 30500, 30500, 30500] public_ns=30600 pointer_ns=30500 slice_ns=30500 cpp_ns=30500 result=3ff0000000000000 hash=e593d3b04b0d07bd
case w=256 h=128 layout=zero-both corpus=positive public_raw=[30600, 30600, 30600, 30600, 30600, 30600, 30500, 30600, 30600, 30600, 30600, 30600] pointer_raw=[30600, 30500, 30500, 30500, 30500, 30500, 30500, 30500, 30500, 30600, 30500, 30500] slice_raw=[30600, 30500, 30600, 30500, 30500, 30500, 30500, 33000, 30500, 30500, 30500, 30500] cpp_raw=[30500, 30500, 30500, 30500, 30500, 30500, 30500, 30500, 30500, 30500, 30500, 30500] public_ns=30600 pointer_ns=30500 slice_ns=30500 cpp_ns=30500 result=40bb3b6460000000 hash=dca1f6e90fc4a294
case w=256 h=128 layout=zero-both corpus=cancellation public_raw=[30600, 30600, 30500, 30600, 30600, 30600, 30600, 30500, 30600, 30600, 30600, 30600] pointer_raw=[30500, 30500, 30500, 30500, 30500, 30500, 30500, 30500, 30500, 30500, 30500, 30500] slice_raw=[30500, 30500, 30500, 30500, 30500, 30500, 30500, 32700, 30500, 30500, 30500, 30500] cpp_raw=[30500, 30500, 30500, 30500, 30500, 30500, 30500, 30500, 30500, 30500, 30500, 30500] public_ns=30600 pointer_ns=30500 slice_ns=30500 cpp_ns=30500 result=40e0000000000000 hash=5e6a49abe85e7e27
case w=2048 h=512 layout=contiguous corpus=positive public_raw=[960500, 958200, 958200, 1084200, 958000, 960200, 958200, 958300, 958100, 958600, 958300, 992800] pointer_raw=[959800, 1103000, 958200, 955800, 958100, 958100, 958300, 1058300, 958200, 958500, 958100, 958200] slice_raw=[960300, 961800, 958400, 958100, 958100, 1161100, 968900, 958300, 958300, 958100, 958100, 1056100] cpp_raw=[959700, 958300, 958200, 958000, 958400, 1004300, 958200, 958200, 958100, 958300, 958100, 958100] public_ns=958300 pointer_ns=958200 slice_ns=958350 cpp_ns=958200 result=41205e2e4a399ead hash=c6dac67e2265fef0
case w=2048 h=512 layout=contiguous corpus=cancellation public_raw=[958700, 1087100, 958400, 958200, 959400, 958200, 958200, 958200, 955600, 958200, 937200, 936800] pointer_raw=[958100, 960100, 958300, 958200, 955600, 1011600, 958100, 958400, 958500, 958100, 937100, 936900] slice_raw=[959500, 958600, 958200, 958200, 958100, 958100, 1055600, 958300, 958100, 958100, 958100, 937000] cpp_raw=[958500, 958200, 958400, 1018400, 958200, 958200, 958100, 958100, 958300, 958100, 992800, 936800] public_ns=958200 pointer_ns=958150 slice_ns=958150 cpp_ns=958200 result=3ff0000000000000 hash=a69aed56f8a74fbd
case w=2048 h=512 layout=padded corpus=positive public_raw=[936900, 936900, 1104000, 936900, 937000, 1031800, 968200, 936900, 936900, 958200, 959500, 958200] pointer_raw=[971000, 970800, 1008400, 968500, 1078800, 974200, 937400, 936900, 936800, 958300, 958100, 958000] slice_raw=[971600, 970900, 936800, 936800, 992400, 1020100, 970800, 936800, 936900, 958100, 958100, 958000] cpp_raw=[971300, 937000, 936800, 936600, 1062800, 1084900, 955100, 936900, 957800, 957900, 958200, 1021300] public_ns=947600 pointer_ns=963400 slice_ns=958100 cpp_ns=957850 result=41205e2e4a399ead hash=2c08ab9cb604d170
case w=2048 h=512 layout=padded corpus=cancellation public_raw=[958200, 958100, 958400, 958200, 955600, 958200, 958100, 993900, 936700, 971400, 936800, 936900] pointer_raw=[958200, 958600, 958000, 958000, 969100, 958000, 958000, 971500, 936600, 936700, 936800, 936700] slice_raw=[958300, 958100, 958000, 958200, 958100, 1021800, 958000, 936800, 971000, 936800, 936800, 1053400] cpp_raw=[958100, 958100, 958100, 989800, 958200, 958000, 958100, 958000, 936700, 1038500, 936700, 934300] public_ns=958150 pointer_ns=958000 slice_ns=958100 cpp_ns=958100 result=3ff0000000000000 hash=d0a747135a70713d
case w=2048 h=512 layout=negative-row corpus=positive public_raw=[968300, 1021100, 936800, 936800, 971200, 968800, 942600, 936900, 936800, 936800, 937000, 936700] pointer_raw=[971500, 936700, 934300, 936700, 1011600, 936600, 936800, 936800, 1019000, 936900, 937000, 936800] slice_raw=[936700, 936700, 971000, 971100, 936800, 936700, 1030400, 936600, 936800, 936700, 937100, 936700] cpp_raw=[936900, 970900, 1003800, 936600, 936700, 936800, 938000, 936800, 936600, 936700, 936700, 936700] public_ns=936950 pointer_ns=936800 slice_ns=936750 cpp_ns=936750 result=41205e2e4a399ead hash=79d855f7de969fd4
case w=2048 h=512 layout=negative-row corpus=cancellation public_raw=[965600, 936900, 1039900, 936700, 1005400, 937200, 936900, 936900, 1004300, 936900, 936800, 938500] pointer_raw=[934400, 936700, 936800, 936800, 971100, 1002700, 1080300, 936900, 971000, 959800, 934300, 936800] slice_raw=[934900, 936700, 936700, 936700, 1004000, 941200, 936900, 936800, 971000, 968600, 971200, 936800] cpp_raw=[936700, 936800, 936800, 937100, 1182400, 937900, 936800, 937500, 1145900, 937200, 936900, 1038200] public_ns=937050 pointer_ns=936850 slice_ns=936850 cpp_ns=937150 result=3ff0000000000000 hash=d0a747135a70713d
case w=2048 h=512 layout=universal corpus=positive public_raw=[1012100, 1144600, 1026600, 1064800, 1025600, 1121600, 991000, 1073300, 999700, 1181200, 995100, 1069400] pointer_raw=[1049300, 953000, 1022400, 1005200, 1054500, 1026400, 993200, 1009400, 1156600, 1023400, 989900, 1011000] slice_raw=[1081800, 1035000, 1193300, 1031100, 1071000, 1031600, 1048600, 990200, 1073900, 1018100, 1056400, 990700] cpp_raw=[1041400, 1015200, 1015800, 1258900, 1023900, 1006500, 992800, 1331800, 1023700, 989100, 1007000, 1137000] public_ns=1045700 pointer_ns=1016700 slice_ns=1041800 cpp_ns=1019750 result=41205e2e4a399ead hash=6e14901679ca267a
case w=2048 h=512 layout=universal corpus=cancellation public_raw=[1016900, 1010800, 990500, 999700, 994300, 1024600, 1136600, 1018000, 973200, 1052000, 1010400, 1031800] pointer_raw=[1012600, 1010900, 1007600, 994700, 991200, 1031400, 1036100, 965900, 1061200, 1068300, 996100, 969100] slice_raw=[988900, 990300, 990300, 993200, 986000, 979600, 989400, 968200, 1019400, 1003000, 1008400, 968600] cpp_raw=[1013200, 1014200, 991600, 1004400, 971300, 1045100, 987200, 1044100, 1001300, 1033800, 965300, 1102500] public_ns=1013850 pointer_ns=1009250 slice_ns=989850 cpp_ns=1008800 result=3ff0000000000000 hash=f76b74e1e473e94f
case w=2048 h=512 layout=universal-negative corpus=positive public_raw=[1067500, 991200, 994800, 993000, 1015400, 993000, 995000, 973200, 1011800, 1034400, 1153700, 1007600] pointer_raw=[1002100, 989000, 1035200, 991700, 991100, 989800, 1043500, 970900, 1026200, 970200, 1028800, 979100] slice_raw=[994800, 1029200, 991800, 991200, 990600, 994800, 991800, 979500, 972600, 1132600, 1042400, 1145400] cpp_raw=[994900, 995800, 988100, 1003000, 991800, 1000600, 989800, 974200, 970300, 1187000, 1057100, 1078400] public_ns=1001300 pointer_ns=991400 slice_ns=993300 cpp_ns=995350 result=41205e2e4a399ead hash=36f1d619b4475f82
case w=2048 h=512 layout=universal-negative corpus=cancellation public_raw=[1012100, 1031100, 1047500, 998700, 1020000, 991800, 1049800, 998000, 1013600, 986100, 1002200, 988900] pointer_raw=[974600, 1311400, 1003800, 996100, 991800, 1317600, 1006200, 990600, 988400, 1003000, 993700, 987100] slice_raw=[1134900, 1077400, 996400, 1129900, 989800, 1018300, 987900, 1061900, 986700, 998100, 1001200, 992500] cpp_raw=[979700, 1026600, 1260500, 1056200, 987600, 992800, 1035400, 1017500, 988600, 990300, 990100, 989700] public_ns=1007150 pointer_ns=994900 slice_ns=999650 cpp_ns=991550 result=3ff0000000000000 hash=ab9670d8fefbe94f
case w=2048 h=512 layout=repeated-row corpus=positive public_raw=[980600, 979800, 979700, 979800, 980100, 979800, 979700, 979900, 1012800, 979700, 979700, 979700] pointer_raw=[980100, 979500, 980100, 979700, 979900, 979700, 1011700, 979600, 1190300, 979700, 979700, 979700] slice_raw=[979700, 979700, 979700, 979700, 979700, 1043800, 979700, 979900, 979800, 979700, 977700, 979700] cpp_raw=[979700, 979700, 979700, 980100, 979700, 980000, 977700, 980200, 979700, 979700, 979600, 980100] public_ns=979800 pointer_ns=979700 slice_ns=979700 cpp_ns=979700 result=41208946735a2800 hash=9b7642ffa76b8e74
case w=2048 h=512 layout=repeated-row corpus=cancellation public_raw=[957500, 957500, 957700, 957500, 957400, 957500, 957500, 957500, 957500, 957500, 1000200, 955500] pointer_raw=[957600, 957500, 957400, 957400, 957400, 1003400, 957400, 957400, 958200, 957500, 973400, 957300] slice_raw=[1021700, 957400, 957400, 955500, 957500, 957900, 957400, 957400, 957600, 1020900, 957500, 957400] cpp_raw=[957900, 957300, 957400, 957400, 976300, 957400, 957400, 957300, 957400, 958400, 957600, 957400] public_ns=957500 pointer_ns=957450 slice_ns=957450 cpp_ns=957400 result=3ff0000000000000 hash=7db41a694ebd0fbd
case w=2048 h=512 layout=zero-both corpus=positive public_raw=[957500, 1355900, 957500, 957500, 1004900, 989800, 991800, 957700, 1052100, 989100, 992300, 992500] pointer_raw=[957500, 957400, 957400, 957400, 957400, 957400, 957500, 988800, 958500, 957400, 957500, 957900] slice_raw=[957400, 957400, 989700, 1022200, 957400, 957400, 1357100, 1014000, 957500, 957400, 1062500, 957400] cpp_raw=[957400, 989800, 957200, 957400, 957400, 957400, 992500, 957500, 957400, 957400, 1237300, 991600] public_ns=990800 pointer_ns=957450 slice_ns=957450 cpp_ns=957400 result=412e916880000000 hash=adc4660192ca3fa3
case w=2048 h=512 layout=zero-both corpus=cancellation public_raw=[957500, 957500, 1021000, 957500, 957500, 957400, 992700, 957500, 957400, 957400, 998600, 1021600] pointer_raw=[957400, 957400, 957900, 957400, 957700, 957400, 955500, 957400, 957200, 957400, 957700, 957400] slice_raw=[955500, 957400, 957400, 957800, 957400, 957400, 957400, 955500, 958300, 957400, 957400, 957400] cpp_raw=[957400, 957400, 957400, 958600, 957400, 957400, 957400, 1095500, 957500, 957400, 957400, 957400] public_ns=957500 pointer_ns=957400 slice_ns=957400 cpp_ns=957400 result=4130000000000000 hash=5e6a49abe85e7e27
m3_strict_reduction PASS cases=42 sink=0
