contracts PASS four-public-paths four-operations invalid/shape/noninjective/overlap/empty/no-write shared-disjoint
semantic PASS cases=32 bitwise-copy all256-conversion source-padding
case op=copy-ubyte w=31 h=17 layout=contiguous public_raw=[100, 100, 0, 100, 0, 0, 0, 0, 0, 0, 0, 100, 100, 100, 0] bounds_raw=[100, 100, 0, 0, 0, 100, 0, 0, 0, 0, 100, 100, 0, 0, 0] execute_raw=[200, 100, 0, 0, 0, 0, 0, 0, 0, 0, 0, 100, 100, 0, 0] combined_raw=[41600, 100, 0, 0, 0, 0, 0, 0, 0, 0, 200, 100, 100, 0, 0] cpp_raw=[100, 0, 0, 0, 0, 0, 0, 0, 0, 0, 100, 0, 0, 0, 0] public_ns=0 bounds_ns=0 execute_ns=0 combined_ns=0 cpp_ns=0 source=e1cb0bb018788cd9 result=6b280f993832c319
case op=copy-float w=31 h=17 layout=contiguous public_raw=[100, 100, 200, 100, 100, 100, 100, 100, 100, 100, 100, 100, 100, 100, 100] bounds_raw=[100, 100, 100, 100, 100, 100, 100, 100, 100, 100, 100, 100, 100, 100, 100] execute_raw=[100, 100, 100, 100, 100, 0, 100, 100, 100, 100, 100, 100, 100, 100, 100] combined_raw=[100, 100, 200, 100, 100, 100, 100, 100, 100, 100, 100, 100, 100, 100, 100] cpp_raw=[100, 0, 0, 0, 0, 0, 0, 0, 0, 0, 0, 0, 0, 0, 0] public_ns=100 bounds_ns=100 execute_ns=100 combined_ns=100 cpp_ns=0 source=6128204049c0da83 result=264b3169180ebd4b
case op=copy-Pod w=31 h=17 layout=contiguous public_raw=[200, 100, 100, 100, 100, 100, 100, 100, 100, 200, 100, 100, 100, 100, 100] bounds_raw=[300, 100, 100, 100, 100, 100, 100, 100, 100, 300, 100, 100, 200, 100, 100] execute_raw=[200, 100, 100, 100, 100, 100, 100, 100, 100, 100, 100, 100, 200, 100, 100] combined_raw=[200, 100, 100, 100, 100, 100, 100, 100, 100, 100, 100, 100, 200, 100, 100] cpp_raw=[100, 100, 100, 100, 100, 100, 100, 100, 100, 100, 100, 100, 100, 100, 100] public_ns=100 bounds_ns=100 execute_ns=100 combined_ns=100 cpp_ns=100 source=db360484f487691a result=968b62c61598975a
case op=convert-ubyte-float w=31 h=17 layout=contiguous public_raw=[3100, 3100, 3100, 3100, 3000, 3000, 3100, 3100, 3100, 3000, 3000, 3100, 3000, 3100, 3000] bounds_raw=[3100, 3100, 3100, 3100, 3100, 3100, 3100, 3100, 3100, 3100, 3000, 3100, 3100, 3100, 3000] execute_raw=[400, 300, 300, 300, 300, 300, 400, 300, 400, 300, 300, 300, 300, 300, 300] combined_raw=[300, 300, 300, 300, 400, 300, 300, 300, 400, 300, 300, 300, 300, 300, 300] cpp_raw=[100, 100, 100, 100, 100, 100, 100, 100, 100, 100, 100, 100, 100, 100, 100] public_ns=3100 bounds_ns=3100 execute_ns=300 combined_ns=300 cpp_ns=100 source=e1cb0bb018788cd9 result=1bb7b2c2179a648f
case op=copy-ubyte w=31 h=17 layout=padded public_raw=[95500, 94400, 94100, 93600, 94100, 106400, 93100, 93900, 93000, 142000, 98900, 94400, 94200, 93700, 94800] bounds_raw=[16800, 4200, 4200, 4200, 4200, 4500, 4400, 4300, 4200, 4600, 5900, 4400, 4300, 4200, 4400] execute_raw=[91100, 91200, 91200, 91200, 91600, 92400, 92700, 92000, 90200, 107200, 247400, 92300, 92100, 119900, 90400] combined_raw=[300, 200, 200, 200, 200, 300, 200, 200, 200, 200, 700, 200, 200, 200, 300] cpp_raw=[100, 0, 0, 0, 0, 100, 0, 0, 0, 0, 200, 0, 0, 0, 0] public_ns=94200 bounds_ns=4300 execute_ns=92000 combined_ns=200 cpp_ns=0 source=4d0b0939d89e40d9 result=5f21f5ea6035ff19
case op=copy-float w=31 h=17 layout=padded public_raw=[94500, 92900, 92900, 94200, 93600, 95100, 177500, 93300, 92900, 122000, 123400, 101900, 93900, 93900, 93500] bounds_raw=[4700, 4500, 4700, 4400, 4500, 4500, 4300, 4600, 4500, 4500, 4900, 4400, 4500, 4400, 4600] execute_raw=[91300, 106200, 89200, 90900, 91100, 91800, 91700, 99300, 88500, 91400, 91500, 91400, 89300, 89000, 262300] combined_raw=[200, 400, 200, 200, 200, 300, 300, 800, 300, 400, 400, 300, 500, 200, 500] cpp_raw=[100, 0, 0, 0, 0, 0, 0, 100, 0, 0, 0, 100, 0, 0, 0] public_ns=93900 bounds_ns=4500 execute_ns=91400 combined_ns=300 cpp_ns=0 source=ebb5b7eaf5f43283 result=3851810ac565964b
case op=copy-Pod w=31 h=17 layout=padded public_raw=[93800, 98400, 93500, 93300, 95100, 154400, 94100, 120600, 95400, 94300, 93600, 94300, 94100, 94200, 118800] bounds_raw=[4500, 4400, 4400, 4400, 4400, 4600, 4300, 4400, 4400, 4300, 4300, 4800, 4400, 8300, 4700] execute_raw=[113400, 89500, 89100, 89200, 92000, 89300, 89000, 114000, 91700, 91200, 89700, 92000, 91900, 89700, 91400] combined_raw=[600, 400, 400, 400, 500, 500, 400, 700, 500, 400, 400, 600, 400, 300, 500] cpp_raw=[100, 100, 100, 0, 0, 100, 100, 100, 100, 100, 200, 100, 0, 0, 100] public_ns=94300 bounds_ns=4400 execute_ns=91200 combined_ns=400 cpp_ns=100 source=b28d4f242a91b51a result=7438cdf3ee88135a
case op=convert-ubyte-float w=31 h=17 layout=padded public_raw=[468300, 480700, 476000, 496900, 472300, 470800, 539100, 488800, 463500, 524400, 467100, 529200, 513700, 487100, 477600] bounds_raw=[4600, 4500, 4700, 4700, 4400, 4600, 4500, 4700, 4600, 4800, 4500, 4600, 4900, 4700, 4700] execute_raw=[491900, 463300, 530000, 462200, 472100, 477600, 463300, 482500, 475200, 483600, 619400, 729200, 488200, 461800, 476600] combined_raw=[600, 500, 800, 500, 800, 600, 400, 700, 500, 600, 800, 800, 700, 600, 500] cpp_raw=[100, 100, 100, 100, 100, 100, 100, 100, 100, 100, 200, 100, 100, 100, 100] public_ns=480700 bounds_ns=4600 execute_ns=477600 combined_ns=600 cpp_ns=100 source=4d0b0939d89e40d9 result=5a1bf5670dd4dc8f
case op=copy-ubyte w=31 h=17 layout=negative-source public_raw=[95800, 95800, 95600, 125300, 96900, 96100, 96600, 107900, 92800, 92500, 92700, 91700, 105600, 94500, 94900] bounds_raw=[4300, 4300, 4300, 4700, 4300, 4300, 4300, 4600, 4300, 4400, 4300, 4200, 4600, 4300, 4300] execute_raw=[89700, 88500, 89200, 93400, 91900, 91700, 93400, 93500, 90200, 89800, 89900, 89800, 90300, 90000, 89700] combined_raw=[300, 200, 200, 200, 300, 200, 200, 200, 300, 300, 200, 200, 200, 300, 200] cpp_raw=[0, 0, 0, 0, 100, 0, 0, 0, 100, 0, 0, 0, 0, 100, 0] public_ns=95800 bounds_ns=4300 execute_ns=90000 combined_ns=200 cpp_ns=0 source=1218578f96e3de39 result=5f21f5ea6035ff19
case op=copy-float w=31 h=17 layout=negative-source public_raw=[108100, 92700, 92200, 92900, 93400, 92700, 92700, 173800, 98700, 92600, 92600, 93100, 93000, 105300, 92300] bounds_raw=[4600, 4500, 4500, 4400, 4500, 4500, 4400, 4600, 4500, 4700, 4600, 4400, 4400, 4500, 4500] execute_raw=[88500, 91700, 91400, 88500, 101900, 90300, 92600, 152200, 125900, 89500, 89600, 89900, 89600, 88900, 88600] combined_raw=[300, 200, 200, 200, 400, 200, 200, 500, 400, 500, 300, 200, 300, 200, 300] cpp_raw=[100, 0, 0, 0, 0, 0, 0, 200, 100, 100, 0, 0, 0, 0, 100] public_ns=92900 bounds_ns=4500 execute_ns=89900 combined_ns=300 cpp_ns=0 source=d55c0938ea65990b result=3851810ac565964b
case op=copy-Pod w=31 h=17 layout=negative-source public_raw=[108900, 354500, 93600, 95300, 94800, 141500, 92200, 91900, 92100, 93800, 92300, 112800, 93700, 93400, 93000] bounds_raw=[4500, 4300, 4800, 4800, 4400, 4700, 4300, 4500, 4400, 4600, 4300, 4300, 4400, 4300, 4300] execute_raw=[89300, 96100, 91300, 93300, 127100, 91600, 91000, 89900, 104300, 90000, 90900, 90600, 90900, 95000, 91100] combined_raw=[500, 1200, 900, 500, 800, 500, 400, 400, 400, 500, 400, 400, 400, 400, 400] cpp_raw=[100, 200, 100, 300, 100, 100, 0, 0, 100, 100, 100, 100, 100, 100, 0] public_ns=93700 bounds_ns=4400 execute_ns=91100 combined_ns=400 cpp_ns=100 source=4cb52a65f8334f3a result=7438cdf3ee88135a
case op=convert-ubyte-float w=31 h=17 layout=negative-source public_raw=[472900, 626600, 526800, 523400, 487600, 476800, 549800, 487800, 491700, 615800, 572500, 470500, 471200, 551300, 558700] bounds_raw=[4700, 4500, 4900, 4700, 4700, 4700, 4500, 5000, 4700, 4800, 4800, 4600, 4900, 5100, 4900] execute_raw=[494400, 463700, 520700, 486000, 478700, 482000, 462500, 470600, 480900, 515600, 468300, 486300, 599800, 463800, 464000] combined_raw=[900, 500, 800, 500, 700, 600, 500, 800, 600, 800, 700, 600, 800, 500, 700] cpp_raw=[100, 100, 100, 100, 100, 100, 100, 100, 100, 100, 100, 100, 200, 100, 300] public_ns=523400 bounds_ns=4700 execute_ns=480900 combined_ns=700 cpp_ns=100 source=1218578f96e3de39 result=5a1bf5670dd4dc8f
case op=copy-ubyte w=31 h=17 layout=negative-both public_raw=[92700, 92400, 110700, 105800, 93300, 93300, 93200, 93100, 104600, 92500, 92300, 92400, 167900, 95400, 93000] bounds_raw=[4200, 4200, 4600, 4400, 4400, 4400, 4400, 4400, 4600, 4400, 4400, 4400, 4900, 4300, 4400] execute_raw=[96100, 94600, 96000, 94400, 93400, 93300, 93300, 92500, 93000, 92400, 92700, 92300, 92500, 93200, 93100] combined_raw=[300, 300, 200, 200, 400, 300, 300, 200, 200, 300, 300, 200, 200, 400, 300] cpp_raw=[100, 0, 0, 0, 0, 0, 0, 0, 0, 100, 0, 0, 0, 100, 0] public_ns=93200 bounds_ns=4400 execute_ns=93200 combined_ns=300 cpp_ns=0 source=1218578f96e3de39 result=14b2232dcdfde519
case op=copy-float w=31 h=17 layout=negative-both public_raw=[108300, 95800, 92700, 92400, 94200, 146100, 95300, 117400, 93200, 96300, 92700, 92800, 93300, 93200, 93100] bounds_raw=[4600, 4500, 4400, 4300, 4900, 4900, 4600, 4500, 4400, 4400, 4500, 4300, 4600, 4500, 4500] execute_raw=[93700, 93200, 93000, 357000, 95000, 93500, 92800, 93400, 93000, 92800, 92500, 92400, 166000, 94300, 94000] combined_raw=[400, 200, 300, 200, 500, 400, 300, 300, 300, 300, 200, 200, 500, 200, 300] cpp_raw=[100, 0, 0, 0, 200, 100, 100, 0, 100, 0, 0, 0, 100, 0, 0] public_ns=93300 bounds_ns=4500 execute_ns=93400 combined_ns=300 cpp_ns=0 source=d55c0938ea65990b result=88af284ef50a9e03
case op=copy-Pod w=31 h=17 layout=negative-both public_raw=[93500, 109300, 129500, 94500, 93900, 96200, 93700, 93900, 95600, 142600, 93400, 93100, 94000, 93900, 93100] bounds_raw=[4700, 4400, 4600, 4400, 4600, 4400, 4300, 4500, 4400, 4700, 4500, 4300, 25400, 4500, 4400] execute_raw=[94000, 91500, 90400, 94500, 89900, 89700, 92200, 93600, 93800, 152500, 92700, 92500, 94900, 93700, 92500] combined_raw=[500, 400, 600, 500, 500, 400, 600, 400, 400, 700, 400, 400, 400, 600, 400] cpp_raw=[100, 0, 100, 100, 200, 0, 100, 100, 100, 100, 100, 0, 100, 100, 100] public_ns=93900 bounds_ns=4500 execute_ns=92700 combined_ns=400 cpp_ns=100 source=4cb52a65f8334f3a result=ba5b3439bff1663a
case op=convert-ubyte-float w=31 h=17 layout=negative-both public_raw=[658300, 512000, 486000, 471300, 824800, 486100, 470800, 533900, 507400, 497700, 485300, 531800, 469700, 520900, 481400] bounds_raw=[5100, 8600, 4800, 4800, 5200, 4800, 4500, 4900, 4800, 4700, 4600, 4500, 4800, 4800, 4900] execute_raw=[666200, 514600, 472100, 582600, 490200, 559400, 491800, 544600, 473400, 467700, 463700, 594100, 493000, 473800, 465200] combined_raw=[1000, 700, 700, 500, 800, 1100, 600, 700, 500, 600, 600, 700, 800, 1200, 600] cpp_raw=[300, 100, 100, 100, 100, 100, 100, 100, 100, 100, 100, 100, 100, 100, 100] public_ns=497700 bounds_ns=4800 execute_ns=491800 combined_ns=700 cpp_ns=100 source=1218578f96e3de39 result=a84d7158b568dc8f
case op=copy-ubyte w=31 h=17 layout=universal public_raw=[92900, 93700, 93700, 95500, 95300, 95100, 95000, 94600, 94200, 94300, 94200, 106400, 94900, 97100, 95100] bounds_raw=[4400, 4200, 4300, 4400, 4400, 4400, 4400, 4400, 4300, 4300, 4200, 4300, 4300, 4300, 4300] execute_raw=[95800, 95400, 96100, 96300, 96000, 96000, 95700, 107600, 92900, 93000, 93500, 93000, 97900, 95800, 95700] combined_raw=[4400, 4400, 4300, 4400, 4400, 4300, 4300, 4300, 4300, 4200, 4400, 4400, 4300, 4300, 4300] cpp_raw=[1600, 1600, 1600, 1600, 1600, 1600, 1600, 1600, 1600, 1600, 1600, 1600, 1600, 1600, 1600] public_ns=94900 bounds_ns=4300 execute_ns=95800 combined_ns=4300 cpp_ns=1600 source=104e8d8f8fae3401 result=94a85d26ce182761
case op=copy-float w=31 h=17 layout=universal public_raw=[96800, 94600, 94900, 95700, 94200, 94600, 95100, 158300, 94800, 92400, 95000, 95700, 92700, 92900, 132300] bounds_raw=[4500, 4500, 17100, 4900, 4800, 4500, 4300, 4600, 4300, 4400, 4800, 4400, 4600, 218300, 4900] execute_raw=[93400, 94400, 96500, 96100, 95100, 94600, 110900, 107700, 95200, 95700, 95300, 147000, 94800, 147300, 95100] combined_raw=[4400, 4500, 4400, 4400, 4900, 4300, 4400, 4700, 4600, 4400, 4200, 4700, 4400, 4300, 4900] cpp_raw=[1700, 1700, 1700, 1800, 1700, 1700, 1800, 1700, 1900, 1700, 1700, 1800, 1700, 1700, 1800] public_ns=94900 bounds_ns=4600 execute_ns=95300 combined_ns=4400 cpp_ns=1700 source=48f4c2fdc1746a4f result=d2f02840ab86d547
case op=copy-Pod w=31 h=17 layout=universal public_raw=[108400, 95500, 95300, 96000, 95100, 94200, 96200, 168400, 95000, 196100, 94900, 94900, 96100, 94500, 93200] bounds_raw=[4800, 5000, 4700, 4700, 4400, 4500, 4500, 4800, 4500, 4900, 4400, 4400, 4600, 4400, 4500] execute_raw=[96100, 95600, 98500, 95500, 94700, 96400, 109000, 96400, 95200, 96400, 96000, 97100, 96600, 95000, 95000] combined_raw=[8300, 4700, 4800, 4600, 4900, 4500, 4700, 4700, 4700, 4700, 4500, 4400, 4800, 4400, 4600] cpp_raw=[1800, 1800, 1800, 2100, 1700, 1700, 1800, 1700, 1800, 1700, 1800, 1700, 1800, 1700, 1700] public_ns=95300 bounds_ns=4500 execute_ns=96100 combined_ns=4700 cpp_ns=1800 source=a443bfcbbed0823e result=e7d6d6f5c5dc3c8e
case op=convert-ubyte-float w=31 h=17 layout=universal public_raw=[268600, 271400, 370200, 271100, 292300, 270100, 302500, 279400, 288300, 268300, 279600, 297000, 271800, 299600, 268400] bounds_raw=[4600, 4500, 4900, 4600, 4800, 4600, 9100, 4700, 4600, 4600, 4600, 4900, 4900, 4600, 4600] execute_raw=[266800, 506700, 269400, 287900, 318400, 382000, 271700, 268200, 268100, 286500, 324700, 268800, 271500, 267400, 321800] combined_raw=[4400, 4900, 4400, 4600, 4600, 4700, 6700, 4600, 4400, 4500, 4600, 4400, 4700, 4500, 24400] cpp_raw=[300, 400, 300, 300, 300, 400, 300, 300, 300, 300, 300, 300, 300, 300, 400] public_ns=279400 bounds_ns=4600 execute_ns=271700 combined_ns=4600 cpp_ns=300 source=104e8d8f8fae3401 result=91affb8b2dfc4eb7
case op=copy-ubyte w=31 h=17 layout=universal-negative public_raw=[98400, 126600, 98200, 99300, 99300, 98300, 97200, 96800, 97700, 97200, 111800, 96900, 97400, 97700, 96800] bounds_raw=[4600, 4200, 4600, 4300, 4300, 4400, 4300, 4300, 4300, 4300, 4600, 4300, 4300, 4300, 4400] execute_raw=[117200, 94800, 96700, 97100, 96500, 110700, 100000, 100500, 100300, 100400, 98200, 98600, 97200, 97300, 107900] combined_raw=[4300, 4300, 4600, 4400, 4400, 4300, 4400, 4300, 4300, 4300, 4500, 4400, 4400, 4300, 4500] cpp_raw=[1600, 1600, 1600, 1600, 1600, 1600, 1600, 1600, 1600, 1600, 1600, 1600, 1600, 1600, 1600] public_ns=97700 bounds_ns=4300 execute_ns=98600 combined_ns=4400 cpp_ns=1600 source=705335b9cf6847c1 result=2bfddff94a971f61
case op=copy-float w=31 h=17 layout=universal-negative public_raw=[97700, 96300, 96600, 96100, 96000, 95800, 100300, 97500, 95400, 96500, 97400, 97000, 98200, 99300, 97500] bounds_raw=[4500, 4800, 4600, 4400, 4400, 4400, 4600, 4500, 4400, 4400, 4700, 4500, 4400, 4300, 4700] execute_raw=[115300, 115000, 96800, 96800, 96900, 110800, 98100, 97800, 98700, 108500, 100000, 101400, 99200, 97300, 99200] combined_raw=[4700, 4700, 4700, 4600, 4600, 4500, 4400, 4300, 4500, 4600, 4500, 4300, 4400, 4300, 4700] cpp_raw=[1800, 1900, 1900, 1900, 1900, 1900, 1900, 1800, 1900, 1900, 1700, 1700, 1700, 1700, 1700] public_ns=97000 bounds_ns=4500 execute_ns=99200 combined_ns=4500 cpp_ns=1900 source=eada538057fb86ef result=faa4d5eeeda68847
case op=copy-Pod w=31 h=17 layout=universal-negative public_raw=[109000, 100100, 97800, 98300, 95500, 127800, 95500, 105100, 96400, 96800, 96100, 166300, 100500, 125000, 98600] bounds_raw=[4700, 4500, 8700, 4400, 5000, 4700, 4500, 4900, 4500, 4500, 4500, 4400, 4600, 4700, 4500] execute_raw=[97300, 105600, 97800, 356700, 94500, 96900, 99700, 333800, 99700, 100700, 99400, 95600, 96800, 99000, 96200] combined_raw=[4900, 4900, 4600, 4600, 5000, 4700, 4500, 4900, 4800, 4600, 4600, 4500, 4800, 4600, 4800] cpp_raw=[1900, 1900, 1700, 1700, 1800, 1800, 1700, 2200, 1800, 1800, 1800, 1700, 1800, 1700, 1700] public_ns=98600 bounds_ns=4500 execute_ns=99000 combined_ns=4700 cpp_ns=1800 source=7483a89971f477de result=c1c9f074f82c752e
case op=convert-ubyte-float w=31 h=17 layout=universal-negative public_raw=[350000, 303200, 372300, 304800, 300900, 302400, 302700, 300700, 301500, 303300, 328700, 315200, 318900, 316800, 300900] bounds_raw=[4900, 4800, 8800, 4600, 4600, 4600, 38800, 4800, 8200, 5000, 5000, 4900, 5000, 4800, 4700] execute_raw=[300100, 319400, 302600, 299500, 302200, 308000, 309100, 331600, 539100, 352400, 302800, 303200, 304900, 300700, 320700] combined_raw=[4700, 4600, 4800, 5400, 4700, 4700, 4800, 4600, 4600, 5000, 4700, 4700, 4800, 4600, 4800] cpp_raw=[400, 300, 300, 300, 300, 300, 300, 300, 300, 300, 400, 300, 600, 300, 300] public_ns=303300 bounds_ns=4900 execute_ns=304900 combined_ns=4700 cpp_ns=300 source=705335b9cf6847c1 result=6cdfcfcdfb5c4eb7
case op=copy-ubyte w=31 h=17 layout=repeated-source public_raw=[92800, 107300, 93700, 93100, 93400, 93200, 105600, 93100, 95900, 92400, 92400, 107700, 95300, 95000, 94700] bounds_raw=[4300, 4300, 4500, 4300, 4300, 4300, 4300, 4300, 4300, 4300, 4200, 4200, 4400, 4200, 4200] execute_raw=[89900, 90200, 91900, 91800, 91500, 92000, 91700, 91500, 90600, 90600, 105700, 89400, 88900, 88700, 88500] combined_raw=[300, 200, 500, 200, 200, 200, 200, 400, 300, 300, 400, 200, 400, 300, 200] cpp_raw=[100, 0, 100, 0, 0, 0, 0, 100, 0, 100, 100, 0, 100, 0, 0] public_ns=93700 bounds_ns=4300 execute_ns=90600 combined_ns=300 cpp_ns=0 source=e456631d381264c9 result=79abf60b12593ba9
case op=copy-float w=31 h=17 layout=repeated-source public_raw=[96000, 95100, 95200, 95900, 96600, 95100, 96700, 96200, 96500, 95500, 96000, 95800, 96000, 108800, 96300] bounds_raw=[4300, 4400, 4300, 4500, 4500, 4300, 4500, 4500, 4300, 4600, 4400, 4300, 4500, 4500, 4300] execute_raw=[92800, 94600, 94900, 105000, 95100, 95000, 95800, 95800, 108700, 98100, 97700, 98100, 113300, 89900, 90800] combined_raw=[300, 200, 200, 200, 400, 200, 200, 200, 200, 400, 200, 200, 400, 200, 500] cpp_raw=[100, 0, 0, 0, 100, 0, 0, 0, 0, 0, 0, 0, 0, 0, 100] public_ns=96000 bounds_ns=4400 execute_ns=95800 combined_ns=200 cpp_ns=0 source=187f646e4a13563f result=adddf47c9b74a697
case op=copy-Pod w=31 h=17 layout=repeated-source public_raw=[110300, 97300, 97300, 97400, 108100, 99700, 99900, 99700, 108900, 96700, 95700, 98600, 96800, 96600, 96500] bounds_raw=[4500, 4300, 4300, 4400, 4500, 4400, 4300, 4400, 4500, 4300, 4300, 4300, 4400, 4300, 4400] execute_raw=[96900, 95600, 95800, 96200, 89100, 88600, 88600, 88600, 99100, 99300, 98000, 111500, 106100, 96000, 96100] combined_raw=[500, 400, 400, 300, 500, 400, 400, 1000, 400, 500, 300, 600, 600, 400, 300] cpp_raw=[100, 100, 100, 100, 0, 100, 100, 0, 0, 100, 0, 100, 100, 100, 0] public_ns=97400 bounds_ns=4400 execute_ns=96100 combined_ns=400 cpp_ns=100 source=af5c371632147dfa result=b77ad4f97670f65a
case op=convert-ubyte-float w=31 h=17 layout=repeated-source public_raw=[581400, 701200, 510100, 470700, 474200, 483600, 464700, 654000, 475800, 465800, 470600, 548000, 514000, 462700, 461200] bounds_raw=[5000, 4600, 4900, 5100, 4900, 4800, 4700, 5100, 4600, 5000, 4500, 4400, 4900, 4700, 4700] execute_raw=[457900, 487500, 498700, 470000, 481400, 516700, 488200, 483200, 492800, 470500, 457000, 469800, 612600, 471700, 470700] combined_raw=[700, 600, 800, 500, 600, 700, 600, 600, 600, 600, 500, 600, 900, 500, 700] cpp_raw=[100, 100, 100, 100, 100, 100, 100, 100, 100, 100, 100, 100, 100, 100, 100] public_ns=475800 bounds_ns=4800 execute_ns=481400 combined_ns=600 cpp_ns=100 source=e456631d381264c9 result=9364c6c0b904dc8f
case op=copy-ubyte w=31 h=17 layout=zero-source public_raw=[25600, 25300, 25500, 25400, 25500, 25400, 25500, 25400, 25400, 25400, 38000, 25200, 25400, 25400, 25500] bounds_raw=[4300, 4300, 4300, 4300, 4300, 4300, 4300, 4200, 4400, 4300, 4300, 4300, 4300, 4400, 4300] execute_raw=[25700, 25600, 25500, 25500, 25500, 25600, 25500, 25500, 25700, 25500, 25900, 25600, 25500, 25500, 25400] combined_raw=[4300, 4400, 4300, 4300, 4300, 4400, 4300, 4400, 4300, 4300, 4400, 4400, 4300, 4300, 4300] cpp_raw=[1600, 1600, 1600, 1600, 1600, 1600, 1600, 1600, 1600, 1600, 1600, 1600, 1600, 1600, 1600] public_ns=25400 bounds_ns=4300 execute_ns=25500 combined_ns=4300 cpp_ns=1600 source=53e35892b0900a36 result=c64ce8b5472789e4
case op=copy-float w=31 h=17 layout=zero-source public_raw=[28900, 28600, 28700, 29000, 28900, 41100, 28900, 28600, 28700, 28800, 28700, 28700, 28700, 28600, 28800] bounds_raw=[4500, 4500, 4400, 4400, 4400, 5100, 4400, 4300, 4400, 4500, 4300, 4500, 4600, 4700, 4500] execute_raw=[29100, 29000, 28700, 28600, 28800, 29200, 28900, 28900, 28700, 28600, 28800, 28800, 28700, 28700, 28900] combined_raw=[4300, 4300, 4300, 22400, 4400, 4400, 4300, 4400, 4300, 4400, 4300, 4800, 4400, 4400, 4400] cpp_raw=[1700, 1700, 1700, 1700, 1700, 1700, 1700, 1700, 1700, 1700, 1700, 1700, 1700, 1700, 1700] public_ns=28700 bounds_ns=4500 execute_ns=28800 combined_ns=4400 cpp_ns=1700 source=48a265c435185a17 result=a412cbd3d3c5dc8f
case op=copy-Pod w=31 h=17 layout=zero-source public_raw=[28800, 31400, 28800, 28500, 29100, 28600, 28700, 28800, 28900, 28700, 28700, 28600, 28800, 28600, 28700] bounds_raw=[4500, 4400, 4400, 4400, 4300, 4500, 4400, 4400, 4300, 4300, 4400, 4300, 4300, 4300, 4300] execute_raw=[29100, 29000, 29100, 29100, 28900, 28800, 28800, 43700, 28600, 28700, 28700, 28600, 28600, 28600, 28700] combined_raw=[4600, 4600, 4500, 4400, 4500, 5000, 4500, 4700, 4500, 4500, 4500, 4500, 4400, 4500, 4400] cpp_raw=[1900, 1900, 1700, 1700, 1700, 1700, 1700, 1800, 1700, 1700, 1700, 1700, 1700, 1700, 1700] public_ns=28700 bounds_ns=4400 execute_ns=28800 combined_ns=4500 cpp_ns=1700 source=6b0827ecdc4a539a result=3ed4b3ed28cdbf2
case op=convert-ubyte-float w=31 h=17 layout=zero-source public_raw=[76100, 75900, 97500, 75300, 75100, 75100, 75300, 75400, 75200, 95400, 75600, 74900, 74800, 74400, 74700] bounds_raw=[4500, 4600, 4600, 4500, 4700, 4600, 4600, 4700, 4600, 4700, 4600, 4600, 4500, 4600, 4500] execute_raw=[76400, 76100, 75600, 89600, 74900, 74700, 74800, 75400, 74700, 75400, 75500, 75300, 75000, 75100, 86300] combined_raw=[4400, 4500, 4500, 4300, 4500, 4400, 4400, 4400, 4700, 4500, 4400, 4400, 4400, 4500, 4400] cpp_raw=[300, 300, 300, 300, 400, 300, 300, 300, 300, 300, 300, 300, 300, 300, 300] public_ns=75300 bounds_ns=4600 execute_ns=75400 combined_ns=4400 cpp_ns=300 source=53e35892b0900a36 result=7db46195730ddc8f
case op=copy-ubyte w=256 h=128 layout=contiguous public_raw=[700, 700, 600, 700, 600, 800, 700, 700, 600, 800, 600, 700, 600, 700, 700] bounds_raw=[600, 900, 900, 700, 600, 1300, 700, 700, 700, 700, 600, 600, 700, 900, 700] execute_raw=[800, 700, 600, 700, 600, 700, 600, 900, 700, 700, 600, 700, 600, 1000, 600] combined_raw=[700, 700, 900, 800, 600, 700, 600, 800, 700, 700, 700, 700, 600, 600, 700] cpp_raw=[800, 700, 700, 700, 700, 700, 700, 700, 700, 700, 700, 700, 700, 700, 700] public_ns=700 bounds_ns=700 execute_ns=700 combined_ns=700 cpp_ns=700 source=e61b28efac3482a5 result=19f1026d069dd2bd
case op=copy-float w=256 h=128 layout=contiguous public_raw=[2500, 2500, 2400, 2300, 2500, 2400, 2400, 2700, 2500, 4000, 2700, 2600, 2400, 2500, 2500] bounds_raw=[2400, 2600, 2600, 2300, 2400, 2400, 2600, 2500, 2500, 2700, 2500, 2400, 2400, 3200, 2500] execute_raw=[2400, 2500, 3700, 2400, 2400, 2300, 2700, 2300, 2600, 2400, 2400, 2400, 2400, 2400, 2500] combined_raw=[2400, 2400, 2700, 2300, 2400, 2500, 2400, 2500, 2400, 2500, 2400, 2400, 2400, 2300, 2800] cpp_raw=[2300, 2300, 2300, 2700, 2300, 2600, 2300, 3000, 2300, 2300, 2300, 2500, 2300, 13900, 2300] public_ns=2500 bounds_ns=2500 execute_ns=2400 combined_ns=2400 cpp_ns=2300 source=94c035f8504217ab result=e20bab30ff99efbd
case op=copy-Pod w=256 h=128 layout=contiguous public_raw=[6400, 5400, 6400, 5800, 5600, 6300, 5200, 5300, 5400, 8000, 5000, 5100, 5200, 5800, 5400] bounds_raw=[5000, 5800, 5000, 53500, 5000, 4900, 5100, 5300, 5000, 6200, 4900, 5500, 5400, 6500, 6000] execute_raw=[5200, 5000, 4900, 7700, 5600, 5600, 5300, 5600, 6700, 6200, 5700, 5500, 5700, 5600, 6200] combined_raw=[5600, 6200, 5500, 5500, 5000, 5000, 4900, 7200, 5400, 6100, 5700, 4900, 5100, 7300, 6000] cpp_raw=[5200, 4700, 4700, 6700, 5700, 5400, 5300, 5500, 5100, 5300, 4900, 4900, 6500, 5400, 4900] public_ns=5400 bounds_ns=5300 execute_ns=5600 combined_ns=5500 cpp_ns=5300 source=780acdd2b0446151 result=3e08e0fcd50e93b1
case op=convert-ubyte-float w=256 h=128 layout=contiguous public_raw=[186700, 186500, 259800, 186700, 186600, 198400, 186500, 186600, 186500, 263400, 186600, 199600, 186500, 186800, 186600] bounds_raw=[186600, 259400, 187000, 186500, 186500, 186600, 197600, 186500, 186400, 186700, 186500, 186800, 197700, 209600, 186500] execute_raw=[18000, 18100, 18000, 18200, 18200, 18100, 18100, 37300, 18000, 18200, 18000, 18200, 18000, 18100, 17900] combined_raw=[18000, 18000, 18100, 18000, 18000, 18000, 18000, 18100, 26700, 41200, 18000, 18000, 17900, 18000, 18100] cpp_raw=[3100, 3000, 3200, 2800, 2700, 2800, 2800, 2800, 2700, 2800, 3000, 3000, 3000, 3100, 3200] public_ns=186600 bounds_ns=186600 execute_ns=18100 combined_ns=18000 cpp_ns=3000 source=e61b28efac3482a5 result=8edc22d932e14fbd
case op=copy-ubyte w=256 h=128 layout=padded public_raw=[5359400, 5399100, 5725200, 6147700, 5749300, 5849400, 5658900, 6164200, 6004700, 5745600, 5845900, 5553700, 5601000, 5717300, 5438500] bounds_raw=[283300, 260900, 259900, 260900, 255700, 257000, 254300, 336200, 312200, 256500, 600400, 359500, 342700, 270200, 261200] execute_raw=[5566000, 5242700, 5866500, 5561200, 5416900, 5314200, 5535000, 5175800, 5543500, 6419100, 7351000, 5442400, 5350800, 5234100, 5590600] combined_raw=[2700, 2400, 2900, 2200, 2700, 2500, 2800, 2800, 2600, 3600, 3700, 2600, 2800, 2600, 2900] cpp_raw=[1100, 1000, 1400, 900, 1100, 1200, 1100, 1000, 1000, 1800, 1600, 1000, 900, 900, 900] public_ns=5725200 bounds_ns=261200 execute_ns=5535000 combined_ns=2700 cpp_ns=1000 source=e5a18b0018a9faa5 result=d702cf3fb5e29e3d
case op=copy-float w=256 h=128 layout=padded public_raw=[5851000, 5891200, 5414800, 5450200, 5490100, 5477900, 5854800, 5964400, 6362900, 5804100, 5977600, 5979600, 5650900, 5541000, 5667900] bounds_raw=[270000, 301300, 280600, 266900, 282200, 267600, 300100, 269500, 268200, 260200, 267600, 268500, 302400, 267900, 284300] execute_raw=[5354300, 5813200, 5403300, 5340000, 5333600, 8286300, 7358700, 5223100, 5296200, 5378100, 5293100, 5852800, 5386000, 5306200, 5698100] combined_raw=[3500, 5800, 3400, 2900, 3400, 3900, 4100, 3800, 3500, 3700, 3600, 4400, 3800, 3100, 3900] cpp_raw=[3000, 3000, 2800, 2700, 3100, 3400, 3300, 2900, 2700, 2900, 3300, 3500, 3400, 3200, 2700] public_ns=5804100 bounds_ns=269500 execute_ns=5378100 combined_ns=3700 cpp_ns=3000 source=36662a215b68a60b result=bf1783c6025d513d
case op=copy-Pod w=256 h=128 layout=padded public_raw=[5791100, 5692100, 5670900, 5706400, 5977800, 5530600, 5777300, 5787900, 5414500, 5680200, 5431500, 6034200, 5885000, 5883200, 5880900] bounds_raw=[262600, 273500, 311400, 263000, 267100, 261700, 510800, 323200, 276200, 262300, 274000, 261000, 341300, 261900, 291800] execute_raw=[5429900, 5265900, 5428800, 5851200, 5675300, 5375800, 5990300, 5561600, 5572900, 5401600, 5188600, 5582400, 5653700, 5946000, 5819700] combined_raw=[6900, 6300, 7100, 6100, 7500, 7400, 6800, 8300, 6800, 7200, 6600, 6600, 8100, 6600, 7400] cpp_raw=[6300, 5300, 6700, 5400, 6300, 6800, 6100, 7600, 5600, 5100, 5700, 5700, 6600, 7000, 6500] public_ns=5777300 bounds_ns=273500 execute_ns=5572900 combined_ns=6900 cpp_ns=6300 source=49f9223bca7c6711 result=6d7da255f160ecf1
case op=convert-ubyte-float w=256 h=128 layout=padded public_raw=[30241100, 27608700, 28027300, 28604700, 28899900, 28198900, 60665900, 56264900, 58093100, 57570800, 57719300, 61289500, 65602900, 63695900, 63859800] bounds_raw=[331600, 302500, 281800, 269700, 299100, 1878500, 267600, 294200, 330000, 269500, 419000, 276400, 271900, 293600, 285200] execute_raw=[28758400, 27730500, 28176400, 27745100, 28644600, 55589200, 57127000, 55763000, 57280200, 56660200, 56456700, 61057500, 56152700, 62237700, 54182700] combined_raw=[21000, 20700, 21000, 19400, 21100, 21500, 21200, 21600, 19800, 21900, 21300, 21100, 33600, 19400, 21200] cpp_raw=[2900, 2900, 3200, 3400, 3600, 2900, 3000, 3000, 3000, 3300, 3400, 2900, 2900, 3300, 3300] public_ns=57570800 bounds_ns=293600 execute_ns=55763000 combined_ns=21100 cpp_ns=3000 source=e5a18b0018a9faa5 result=8d94738f899eb13d
case op=copy-ubyte w=256 h=128 layout=negative-source public_raw=[14566800, 15560200, 14090400, 9635800, 13816800, 9795900, 9598700, 9947400, 13708900, 18152900, 10523700, 13743400, 9963000, 9851500, 14023800] bounds_raw=[264000, 443800, 270400, 255500, 343400, 257400, 261400, 255900, 330700, 266500, 296500, 274800, 257800, 261700, 258100] execute_raw=[9596100, 13961100, 9391600, 13777700, 9443600, 9839200, 9342400, 14068800, 9825800, 14063400, 13279900, 9297400, 9663500, 13408800, 13463500] combined_raw=[3000, 3300, 4400, 2500, 3200, 3200, 3600, 3900, 2400, 4300, 3400, 2800, 4200, 2300, 4600] cpp_raw=[1400, 1400, 1500, 1300, 1500, 1700, 1300, 1100, 1000, 1200, 1700, 1200, 1600, 1800, 2000] public_ns=13708900 bounds_ns=264000 execute_ns=9839200 combined_ns=3300 cpp_ns=1400 source=e5a18b0018a9faa5 result=d702cf3fb5e29e3d
case op=copy-float w=256 h=128 layout=negative-source public_raw=[9597000, 9496600, 10604900, 14579400, 10324300, 14090900, 14090100, 10219500, 13396400, 9953800, 16265600, 13713700, 13887200, 10135700, 14211600] bounds_raw=[333200, 267900, 268900, 270300, 328800, 729200, 278200, 269000, 401400, 283100, 339800, 296600, 537900, 266400, 275300] execute_raw=[13784700, 13282600, 9348900, 13918600, 11283100, 11940800, 15480300, 9948400, 15563200, 15049300, 9545700, 14935200, 10186700, 9640600, 9663200] combined_raw=[5000, 14200, 3800, 3800, 5000, 4400, 11400, 4500, 3300, 4700, 5800, 5200, 4500, 3600, 4700] cpp_raw=[3900, 4000, 3000, 3300, 3800, 3500, 6000, 7300, 2700, 3500, 3200, 3600, 3400, 3300, 3300] public_ns=13396400 bounds_ns=283100 execute_ns=11940800 combined_ns=4700 cpp_ns=3500 source=36662a215b68a60b result=bf1783c6025d513d
case op=copy-Pod w=256 h=128 layout=negative-source public_raw=[14445700, 14745000, 14316800, 14038500, 10738000, 14357600, 9958800, 14907400, 9811400, 15969000, 10189500, 14915300, 14946600, 16001400, 15547300] bounds_raw=[263200, 263200, 263200, 263800, 265000, 295000, 295800, 264500, 263800, 288200, 4358100, 266400, 4357900, 263500, 351400] execute_raw=[15667700, 10003800, 18313000, 14848300, 13971400, 9301600, 9309300, 13488900, 15124100, 10123700, 9914700, 10588800, 9460400, 13383600, 14763400] combined_raw=[8700, 9100, 8800, 7700, 11500, 12600, 8500, 10400, 8400, 28300, 8600, 25400, 10200, 8500, 9300] cpp_raw=[7800, 6500, 8300, 7000, 18000, 21700, 19700, 7900, 6100, 6800, 9100, 7000, 6000, 8200, 6500] public_ns=14445700 bounds_ns=265000 execute_ns=13383600 combined_ns=9100 cpp_ns=7800 source=7247388808cf2711 result=6d7da255f160ecf1
case op=convert-ubyte-float w=256 h=128 layout=negative-source public_raw=[60367700, 61394600, 55837900, 59193700, 54303600, 54909800, 50285400, 50762500, 68160400, 62075500, 58690600, 59076600, 57024000, 60905000, 55851400] bounds_raw=[281400, 282800, 271300, 297800, 273100, 270300, 408400, 321100, 422700, 304900, 284800, 283600, 544100, 268400, 270100] execute_raw=[57247600, 55528100, 56267100, 56100500, 62500600, 56016800, 60184500, 51532400, 62899300, 62062600, 56719700, 55515600, 56567000, 61301100, 54073200] combined_raw=[21000, 21700, 21500, 19800, 21100, 23600, 21400, 21200, 19800, 21300, 21200, 21500, 21400, 27600, 748900] cpp_raw=[3300, 3500, 2900, 3100, 3000, 3300, 3400, 3600, 3500, 3100, 3100, 3600, 3000, 3300, 3000] public_ns=58690600 bounds_ns=283600 execute_ns=56567000 combined_ns=21400 cpp_ns=3300 source=e5a18b0018a9faa5 result=8d94738f899eb13d
case op=copy-ubyte w=256 h=128 layout=negative-both public_raw=[9501300, 15552400, 9730600, 14862600, 13746700, 9435500, 9804200, 18451100, 14006500, 9532600, 13396700, 10743300, 9738300, 15636800, 9489700] bounds_raw=[256800, 255600, 290500, 257600, 314100, 283400, 413800, 283900, 256000, 255800, 4291700, 273700, 266800, 256600, 266900] execute_raw=[9458700, 9445800, 9309400, 11259000, 9540500, 9766700, 12686800, 9221700, 9546400, 9293400, 9464700, 13695400, 13760600, 13770900, 13766400] combined_raw=[3500, 3200, 4000, 2600, 3400, 3500, 3400, 3600, 2900, 3200, 3700, 4100, 4400, 2400, 4400] cpp_raw=[1500, 800, 1100, 1200, 1300, 2400, 22900, 1500, 1600, 1600, 1400, 1500, 1500, 1100, 1500] public_ns=10743300 bounds_ns=266900 execute_ns=9546400 combined_ns=3500 cpp_ns=1500 source=e5a18b0018a9faa5 result=d702cf3fb5e29e3d
case op=copy-float w=256 h=128 layout=negative-both public_raw=[13504800, 8939700, 10164200, 9658700, 8870600, 9334000, 13557600, 13408700, 9461200, 9736000, 9829200, 10071700, 14274400, 9491900, 9544200] bounds_raw=[268300, 264000, 4378200, 268200, 269600, 269800, 287400, 288800, 268800, 270100, 312200, 282300, 269300, 271100, 268600] execute_raw=[9382100, 14081600, 13626600, 13215600, 10089800, 13478800, 10561900, 10390400, 13705500, 13943400, 9294300, 14445100, 13918300, 13751300, 13432600] combined_raw=[4600, 4800, 4800, 3900, 11000, 5000, 4400, 6500, 3600, 5000, 4000, 4200, 4900, 3200, 4600] cpp_raw=[3400, 3900, 3600, 3000, 3400, 3200, 3400, 45900, 3200, 3400, 3200, 3000, 3100, 3100, 3100] public_ns=9736000 bounds_ns=269800 execute_ns=13478800 combined_ns=4600 cpp_ns=3200 source=36662a215b68a60b result=bf1783c6025d513d
case op=copy-Pod w=256 h=128 layout=negative-both public_raw=[9437800, 13515000, 13480100, 13576900, 9542300, 13948700, 9448200, 13538700, 13821800, 9467600, 9538500, 13830100, 9774700, 9425600, 13669000] bounds_raw=[263500, 275700, 263200, 263600, 293700, 268600, 264200, 265700, 277200, 264200, 263400, 262200, 262800, 261800, 264900] execute_raw=[9379300, 13321000, 9448500, 9325900, 13484900, 9402700, 9557600, 14431700, 9415200, 13532700, 9544300, 9364500, 9812700, 9314400, 9374700] combined_raw=[7600, 6900, 9800, 6800, 9500, 7200, 10300, 13900, 7500, 9400, 11900, 19800, 66700, 20700, 10000] cpp_raw=[6300, 6100, 8000, 5600, 25100, 12400, 15400, 12400, 10600, 7900, 7400, 9200, 9900, 6900, 5900] public_ns=13480100 bounds_ns=264200 execute_ns=9448500 combined_ns=9800 cpp_ns=8000 source=7247388808cf2711 result=9cc58c133fed2cf1
case op=convert-ubyte-float w=256 h=128 layout=negative-both public_raw=[56333000, 56010500, 56523000, 56517200, 55470600, 55832500, 62234400, 56050900, 55653400, 55348700, 54656700, 58556300, 56960800, 55795000, 55487400] bounds_raw=[270000, 269300, 271700, 327000, 269700, 269800, 282600, 270800, 276700, 282500, 285200, 271400, 283200, 269600, 292700] execute_raw=[55696800, 55288500, 55494400, 56235000, 56685900, 56246200, 55390500, 55643100, 59497800, 56584300, 55842400, 54757500, 54286900, 56593600, 56583300] combined_raw=[21500, 20600, 21000, 19900, 21400, 21100, 21400, 21400, 28000, 21200, 21400, 21400, 21400, 19700, 21400] cpp_raw=[3000, 3000, 3000, 3200, 3000, 3100, 3400, 3100, 3600, 3300, 3200, 3300, 3000, 3100, 3400] public_ns=56010500 bounds_ns=271700 execute_ns=55842400 combined_ns=21400 cpp_ns=3100 source=e5a18b0018a9faa5 result=8d94738f899eb13d
case op=copy-ubyte w=256 h=128 layout=universal public_raw=[10620600, 6187700, 9841700, 13505100, 13324000, 9616300, 13551900, 9894500, 13880800, 8578200, 19639800, 12624600, 11644800, 18068500, 13588000] bounds_raw=[271400, 261200, 261200, 289700, 262600, 262800, 260600, 262200, 257600, 289000, 256700, 273300, 260600, 290400, 262800] execute_raw=[13855400, 9037900, 5678500, 9708500, 9627900, 9540500, 9527500, 9818800, 15584000, 11745400, 8564900, 11289200, 13862800, 9797800, 9552000] combined_raw=[261400, 333100, 7888800, 262900, 258400, 276300, 327400, 257900, 271000, 262300, 261400, 265700, 263200, 435800, 4335000] cpp_raw=[99000, 98400, 99000, 109800, 98700, 98500, 98600, 4128900, 98300, 98900, 98600, 99000, 98700, 98600, 98500] public_ns=12624600 bounds_ns=262600 execute_ns=9708500 combined_ns=265700 cpp_ns=98700 source=2ca74caf843b767b result=186aee41ab7388cf
case op=copy-float w=256 h=128 layout=universal public_raw=[9926200, 8749100, 9491600, 13585400, 9706000, 9835000, 9610000, 9401000, 9713500, 13469200, 13761900, 9513000, 9456300, 16021800, 13539900] bounds_raw=[271500, 268300, 265400, 275600, 270400, 267900, 270300, 302200, 267400, 273700, 270700, 266600, 267600, 283600, 269000] execute_raw=[13438800, 9551400, 9650300, 9494900, 13756100, 13503100, 13340200, 13724700, 9818600, 9482600, 9666800, 9775700, 9612300, 13625700, 9747800] combined_raw=[280500, 284700, 3949600, 265200, 267800, 266300, 268100, 272600, 360400, 272200, 278700, 279800, 267300, 266400, 284800] cpp_raw=[107400, 107800, 122000, 107300, 107500, 107500, 107600, 108400, 107600, 123200, 107800, 107500, 107600, 107300, 107600] public_ns=9713500 bounds_ns=270300 execute_ns=9775700 combined_ns=272600 cpp_ns=107600 source=2602f36fdf024e48 result=a35a34c9a114294f
case op=copy-Pod w=256 h=128 layout=universal public_raw=[13550200, 9419300, 12439800, 13833000, 13947900, 14088200, 9837000, 14227600, 9509000, 14010100, 13703400, 13767400, 13492900, 13710500, 11320100] bounds_raw=[280400, 278700, 266300, 264300, 264800, 279800, 266100, 264100, 264900, 779700, 265400, 307700, 297300, 264600, 264200] execute_raw=[13562500, 8775800, 13755700, 16624200, 12870200, 13710900, 9942700, 9749100, 9966200, 13667800, 13896400, 9711500, 9865400, 9601800, 13984900] combined_raw=[269100, 328700, 269500, 272600, 268900, 286400, 4294600, 4302000, 274600, 269800, 305200, 270700, 276700, 267600, 271700] cpp_raw=[121000, 108400, 3378900, 134200, 108600, 111000, 108300, 107600, 108500, 130300, 108900, 107900, 107900, 107700, 108600] public_ns=13703400 bounds_ns=266100 execute_ns=12870200 combined_ns=272600 cpp_ns=108600 source=e9e6a4e830f5d812 result=65aae9126466d5ba
case op=convert-ubyte-float w=256 h=128 layout=universal public_raw=[31917100, 32356500, 28609700, 37663700, 41542300, 36367400, 29830600, 33246000, 32115400, 32141600, 28441600, 30031900, 33377400, 33882100, 26939000] bounds_raw=[273900, 270000, 338100, 269000, 271600, 278100, 320900, 276800, 271800, 272600, 282200, 271000, 270000, 269500, 286600] execute_raw=[35179400, 36373800, 33608100, 32230300, 27157600, 31449200, 33141200, 37478900, 34863700, 32492500, 37152500, 28496200, 32404200, 33131900, 28497200] combined_raw=[268200, 269200, 4319300, 266800, 267800, 413200, 4293100, 270500, 267300, 279900, 489000, 267400, 268300, 267500, 270000] cpp_raw=[18200, 18300, 18200, 18200, 18300, 18200, 18200, 18200, 18300, 18900, 18400, 18500, 18500, 18400, 18400] public_ns=32141600 bounds_ns=272600 execute_ns=33131900 combined_ns=269200 cpp_ns=18300 source=2ca74caf843b767b result=9981b35893e1a94f
case op=copy-ubyte w=256 h=128 layout=universal-negative public_raw=[11756900, 9859000, 9647500, 9741500, 9616800, 9970700, 9773000, 13305000, 14617500, 8548700, 6959800, 9544100, 9576600, 9584100, 13785600] bounds_raw=[267300, 261100, 255700, 256100, 256800, 320700, 266400, 267300, 257000, 6769400, 262100, 264800, 4289900, 5045000, 264200] execute_raw=[11898100, 13335700, 13620800, 13863900, 15793500, 13802500, 9915400, 11048200, 9868500, 13813600, 12756200, 13788200, 13648200, 9760400, 9699800] combined_raw=[5907500, 259900, 274300, 274000, 3875000, 260800, 4276500, 300300, 258800, 262300, 268100, 278600, 267900, 575700, 275500] cpp_raw=[98800, 98400, 98600, 98400, 98200, 98600, 100800, 99300, 110900, 98600, 129000, 98500, 99000, 98600, 98600] public_ns=9741500 bounds_ns=264800 execute_ns=13335700 combined_ns=274300 cpp_ns=98600 source=aee6fc6fec93767b result=e78d431e19cc88cf
case op=copy-float w=256 h=128 layout=universal-negative public_raw=[13650500, 15529300, 19865400, 11194600, 10050100, 13720200, 11364800, 12695900, 10860400, 15126600, 8308800, 14928800, 14002400, 14277700, 17905800] bounds_raw=[4600100, 372600, 313300, 350700, 4309500, 484000, 269600, 268700, 285400, 268500, 347600, 307200, 274700, 269100, 267800] execute_raw=[24207300, 13246500, 9818200, 13994900, 9964200, 9691000, 9659000, 11439000, 22641000, 13862600, 16323000, 14978100, 14882700, 8668400, 8149700] combined_raw=[467800, 299800, 4322100, 270000, 268200, 4284800, 299300, 268700, 301600, 339200, 351200, 283700, 265600, 278700, 414500] cpp_raw=[146800, 107600, 107700, 333300, 108000, 107700, 107300, 107400, 107500, 107600, 142100, 138300, 108100, 107500, 107500] public_ns=13720200 bounds_ns=307200 execute_ns=13246500 combined_ns=299800 cpp_ns=107700 source=a257b6291ff8ce48 result=6438f003893e294f
case op=copy-Pod w=256 h=128 layout=universal-negative public_raw=[13749000, 15090300, 9597300, 17074100, 10208000, 10238600, 17981200, 12858600, 13920600, 10206700, 8254300, 5653700, 9549700, 9644100, 16572400] bounds_raw=[281700, 278400, 266400, 266400, 265900, 4306000, 266400, 268000, 304600, 472400, 268500, 267300, 265300, 268400, 266000] execute_raw=[15224500, 12790300, 13785900, 14338000, 8839500, 13981600, 14362000, 10702900, 9707400, 9516600, 9703200, 13820900, 13754600, 7289400, 13791600] combined_raw=[271500, 717000, 270100, 353000, 317500, 397400, 273400, 409800, 269200, 270200, 272500, 285700, 276300, 4284300, 286500] cpp_raw=[4163000, 204200, 108000, 107600, 108100, 108000, 107700, 2602000, 107700, 4473700, 109300, 109100, 107900, 121400, 150700] public_ns=10238600 bounds_ns=268000 execute_ns=13754600 combined_ns=285700 cpp_ns=109100 source=9d3846764beed812 result=da53e1b7f4d855ba
case op=convert-ubyte-float w=256 h=128 layout=universal-negative public_raw=[33235100, 34566800, 41354100, 32626600, 35218600, 37321300, 45243600, 37667800, 39267300, 37867500, 40352200, 39528300, 36879200, 35917500, 38212400] bounds_raw=[284600, 269300, 276300, 287700, 316300, 273100, 268900, 271600, 379200, 314800, 4292100, 554100, 283400, 4316700, 300400] execute_raw=[37052900, 38245300, 37283100, 40459200, 33612100, 33382000, 34604000, 37242600, 41187800, 38735300, 35440600, 35279700, 42826900, 34461500, 39159600] combined_raw=[287600, 268200, 478600, 317500, 271700, 280800, 282700, 267800, 265400, 269600, 283300, 268700, 281900, 270700, 283600] cpp_raw=[18200, 18200, 18200, 18300, 18300, 18300, 18100, 18400, 18400, 18400, 18600, 18400, 18400, 18800, 18900] public_ns=37667800 bounds_ns=287700 execute_ns=37242600 combined_ns=280800 cpp_ns=18400 source=aee6fc6fec93767b result=b595bddcda97a94f
case op=copy-ubyte w=256 h=128 layout=repeated-source public_raw=[14674800, 10250200, 10900300, 17552000, 14778300, 17046200, 10036100, 10045800, 14280200, 13798100, 11030400, 17641200, 8640800, 13260900, 13374300] bounds_raw=[256600, 3284500, 257200, 256600, 258800, 328000, 261400, 256400, 318800, 257800, 257300, 5875600, 257800, 260500, 304600] execute_raw=[10214600, 12890300, 13700200, 9848900, 8092300, 9613400, 13599500, 13687800, 10051400, 17082400, 8684800, 5427600, 10869600, 12557700, 9521500] combined_raw=[3500, 4000, 3800, 2300, 3200, 2900, 3300, 3100, 2300, 4000, 2900, 3100, 4000, 2400, 3400] cpp_raw=[1300, 1300, 1500, 1200, 1600, 1700, 1100, 1000, 1200, 1300, 1200, 1200, 1600, 1200, 1800] public_ns=13374300 bounds_ns=258800 execute_ns=10214600 combined_ns=3200 cpp_ns=1300 source=b801a0f8ceb910a5 result=d702cf3fb5e29e3d
case op=copy-float w=256 h=128 layout=repeated-source public_raw=[9817900, 9376900, 9024300, 17878800, 12298500, 10846200, 15500500, 14198700, 12046400, 11933200, 13757400, 8564700, 13650300, 9823800, 10235500] bounds_raw=[4339300, 321300, 265800, 266300, 351300, 278500, 265400, 274500, 412300, 302200, 268500, 267000, 268700, 3204300, 268100] execute_raw=[10562000, 13402200, 14604400, 8601500, 12441500, 14176700, 8836700, 11957300, 16159300, 24917100, 11517900, 13701000, 13831500, 9740300, 13814500] combined_raw=[5100, 4600, 5000, 3200, 4100, 5100, 4600, 4300, 3200, 5200, 3900, 4500, 5800, 3200, 4500] cpp_raw=[3100, 2800, 2600, 2200, 2600, 2800, 2600, 2600, 2600, 3000, 2800, 2700, 2900, 2500, 2800] public_ns=11933200 bounds_ns=274500 execute_ns=13402200 combined_ns=4500 cpp_ns=2700 source=2ab4dac9ab1576eb result=bf1783c6025d513d
case op=copy-Pod w=256 h=128 layout=repeated-source public_raw=[14002800, 13869500, 11869800, 9483000, 13547000, 13093000, 14208800, 10233500, 8599400, 13289400, 9919100, 9511600, 5482200, 9353100, 13609300] bounds_raw=[263500, 272400, 294700, 264200, 264500, 262300, 4279000, 267400, 262100, 264200, 289800, 260700, 598300, 264300, 263000] execute_raw=[9812100, 9455600, 15638200, 13610100, 10476700, 9568200, 9845800, 9342200, 11095500, 9540700, 9388400, 13274000, 13211400, 9719000, 9188700] combined_raw=[6300, 5400, 5900, 4400, 13000, 5000, 5400, 6900, 5700, 6100, 5300, 6000, 5300, 4900, 5800] cpp_raw=[4045100, 4400, 4300, 3600, 3900, 4000, 3800, 4100, 3500, 3800, 3800, 3700, 3800, 3500, 3700] public_ns=11869800 bounds_ns=264300 execute_ns=9812100 combined_ns=5700 cpp_ns=3800 source=eeeb850fb0e39951 result=fb16e77c4b15ecf1
case op=convert-ubyte-float w=256 h=128 layout=repeated-source public_raw=[64614200, 60387800, 58471200, 65996000, 63295400, 57018700, 62512600, 57955000, 65945600, 55954600, 59004000, 58074300, 67878000, 61778600, 65285700] bounds_raw=[294700, 338000, 3578300, 266900, 484600, 270500, 570800, 338000, 270200, 269900, 287500, 283600, 271500, 271400, 326800] execute_raw=[54359800, 63735400, 64588100, 66903500, 58760000, 62951600, 57152600, 64972900, 67899100, 59593500, 57260000, 62005700, 55304700, 57093800, 56669600] combined_raw=[20900, 21000, 21400, 20200, 240000, 20900, 21400, 21300, 19700, 21400, 21200, 21500, 21500, 20100, 21200] cpp_raw=[2900, 3500, 6600, 3000, 3400, 3000, 3300, 3000, 3500, 3000, 3300, 3300, 2900, 3300, 3400] public_ns=61778600 bounds_ns=287500 execute_ns=59593500 combined_ns=21200 cpp_ns=3300 source=b801a0f8ceb910a5 result=8d94738f899eb13d
case op=copy-ubyte w=256 h=128 layout=zero-source public_raw=[5197100, 5308700, 5949000, 1694200, 1626900, 1652900, 5869800, 5813900, 6155700, 7471600, 1954100, 1706700, 1735200, 9643100, 6232500] bounds_raw=[273900, 381500, 262300, 304700, 405400, 390200, 286100, 256900, 264600, 263900, 269700, 261700, 257500, 275300, 254300] execute_raw=[1641400, 6403500, 1644400, 5912200, 5653600, 6870500, 1721100, 1982700, 1941100, 1921100, 7188500, 2037300, 8058300, 1740500, 1908400] combined_raw=[270300, 259200, 279600, 267200, 258200, 366500, 260500, 288100, 257300, 261500, 261900, 260400, 345700, 256500, 2256900] cpp_raw=[98500, 98400, 98300, 114300, 98300, 115400, 98300, 99300, 126000, 98600, 113800, 98300, 98400, 112700, 119700] public_ns=5308700 bounds_ns=269700 execute_ns=1982700 combined_ns=261900 cpp_ns=98600 source=ea3b47c803d61b61 result=805f2b0ca3e19e3d
case op=copy-float w=256 h=128 layout=zero-source public_raw=[1654600, 8686700, 5981700, 1919600, 5668700, 5746700, 1721800, 5696400, 1760300, 1775600, 1762500, 1799700, 1717100, 1682900, 1766800] bounds_raw=[344300, 265000, 272600, 4463000, 296500, 266200, 274400, 270900, 318400, 267200, 4328700, 266000, 266500, 267300, 275600] execute_raw=[4597300, 1723600, 1706600, 1650900, 1744800, 1654000, 5677400, 5771700, 5708500, 5716800, 1680600, 5392600, 9820100, 5977700, 5886100] combined_raw=[320000, 278000, 269600, 343300, 271800, 266600, 267400, 265800, 268700, 267900, 276900, 267500, 270900, 279100, 265500] cpp_raw=[107400, 107200, 107300, 107800, 117500, 118000, 107200, 118800, 107400, 107400, 107400, 107300, 131100, 830200, 127000] public_ns=1775600 bounds_ns=272600 execute_ns=5392600 combined_ns=269600 cpp_ns=107400 source=3ee659a586185a17 result=d3a2f65955b6b13d
case op=copy-Pod w=256 h=128 layout=zero-source public_raw=[5949300, 2099600, 1659900, 1652600, 1640900, 6004000, 1887300, 3729900, 1875300, 5925100, 1745700, 1648300, 6080500, 5661600, 1669700] bounds_raw=[286700, 263600, 261700, 271700, 265200, 303800, 284400, 265600, 262000, 294000, 261200, 261100, 264100, 315100, 406700] execute_raw=[1751100, 1730900, 1681000, 5775900, 1792600, 6009800, 4433500, 9711800, 11786400, 3649600, 1655400, 1660500, 5864200, 1690400, 4122000] combined_raw=[266300, 266400, 297200, 295800, 317000, 295900, 266200, 345900, 280700, 295700, 267500, 293700, 265300, 265300, 312100] cpp_raw=[107400, 123000, 107100, 107100, 107300, 107400, 107200, 267100, 107500, 107500, 107700, 107400, 107200, 108100, 119700] public_ns=1887300 bounds_ns=265600 execute_ns=3649600 combined_ns=293700 cpp_ns=107400 source=52489578602bbe06 result=ef186d4d74d56cf1
case op=convert-ubyte-float w=256 h=128 layout=zero-source public_raw=[12438100, 8346400, 9306400, 12488600, 8919300, 8412300, 13314300, 8628600, 8920500, 8721400, 15031600, 16565000, 9101200, 13050600, 8664800] bounds_raw=[268600, 277800, 268200, 279400, 277600, 269500, 270700, 378400, 297100, 434400, 270100, 268300, 269500, 279300, 272200] execute_raw=[9037100, 8934400, 15864200, 8469200, 8790400, 7847900, 11136200, 8715800, 12693500, 8623500, 10540000, 8928600, 4614300, 10525900, 8643200] combined_raw=[268200, 5662900, 296200, 266500, 4305200, 303000, 268300, 305500, 503200, 271900, 267000, 268000, 358000, 273400, 375700] cpp_raw=[47900, 18400, 18100, 18000, 18300, 18500, 18000, 18200, 18200, 18200, 18100, 18100, 18100, 18200, 18100] public_ns=9101200 bounds_ns=272200 execute_ns=8928600 combined_ns=296200 cpp_ns=18200 source=ea3b47c803d61b61 result=fb8549580c3ab13d
case op=copy-ubyte w=2048 h=512 layout=contiguous public_raw=[32400, 36600, 41100, 30600, 29100, 25700, 61900, 79400, 111200, 30900, 29000, 29400, 23700, 24400, 23300] bounds_raw=[37500, 39700, 231100, 30800, 25100, 28100, 33000, 52900, 27800, 24900, 25800, 27800, 24000, 25700, 28000] execute_raw=[42100, 28200, 28200, 24400, 34300, 26200, 24500, 34400, 44600, 26600, 23700, 31000, 24200, 38500, 30100] combined_raw=[39300, 42900, 30500, 29600, 4049400, 23900, 29800, 37800, 37200, 30300, 29500, 40500, 31800, 35300, 24200] cpp_raw=[49900, 49600, 42300, 53800, 41600, 62500, 43800, 47500, 162300, 46900, 34500, 42700, 32500, 61000, 75700] public_ns=30600 bounds_ns=28000 execute_ns=28200 combined_ns=31800 cpp_ns=47500 source=2330a0f18d4d82a5 result=80d2fb93a399d2bd
case op=copy-float w=2048 h=512 layout=contiguous public_raw=[171500, 137100, 142700, 433600, 208100, 181300, 119600, 142100, 157000, 133800, 229800, 137500, 183400, 150900, 199800] bounds_raw=[144200, 161400, 194700, 143600, 147000, 194500, 178800, 113000, 138200, 141000, 158800, 146900, 176200, 161700, 208500] execute_raw=[128700, 163700, 149300, 106300, 209500, 127400, 194200, 145700, 168400, 199000, 144600, 142800, 133100, 130400, 209100] combined_raw=[156600, 186000, 194500, 140900, 216500, 189600, 172100, 196300, 141400, 187100, 187900, 138100, 128600, 166500, 144900] cpp_raw=[153100, 145700, 159800, 163000, 141800, 277700, 137500, 157600, 189500, 158700, 191500, 151200, 123500, 213800, 144900] public_ns=157000 bounds_ns=158800 execute_ns=145700 combined_ns=172100 cpp_ns=157600 source=13b5de7322d2f7ab result=d89816c09b0f4fbd
case op=copy-Pod w=2048 h=512 layout=contiguous public_raw=[449100, 419300, 434800, 476400, 392200, 399900, 784100, 431600, 8517300, 406400, 449600, 408800, 420400, 413800, 448700] bounds_raw=[494100, 4446500, 441900, 4488200, 386800, 402200, 590100, 389000, 425700, 425900, 432000, 692200, 397200, 531300, 411300] execute_raw=[428500, 470700, 484900, 420500, 453600, 4200000, 8499800, 567700, 433900, 470700, 415000, 444900, 734300, 402300, 413100] combined_raw=[470900, 437800, 395200, 410700, 405300, 532100, 4414800, 501600, 398000, 435500, 432400, 549400, 446200, 425400, 446000] cpp_raw=[478700, 415400, 3356400, 403900, 380400, 391400, 576000, 377900, 460900, 386800, 408200, 395500, 403600, 380500, 423900] public_ns=431600 bounds_ns=432000 execute_ns=453600 combined_ns=437800 cpp_ns=403900 source=d8cd6555f4166151 result=59e0883c487093b1
case op=convert-ubyte-float w=2048 h=512 layout=contiguous public_raw=[14739400, 14666100, 14452600, 14598500, 14468800, 10562200, 12179800, 16345300, 10523400, 14467000, 14304300, 10263200, 14425300, 18429400, 14107600] bounds_raw=[14134200, 13787200, 14463200, 10338100, 14537100, 15585000, 11025600, 14637600, 6768000, 14657700, 14354300, 12877300, 13416200, 14165900, 10064500] execute_raw=[872300, 8888800, 991500, 853900, 1741500, 3177000, 6047600, 875200, 4637800, 878800, 857300, 853800, 797200, 729500, 874200] combined_raw=[8785100, 937400, 4856600, 662300, 4935300, 934300, 884200, 4794800, 870900, 4743700, 659400, 674000, 904000, 901100, 5444700] cpp_raw=[86100, 91800, 86600, 87100, 97800, 86200, 86100, 3382500, 86100, 102000, 100000, 98100, 97900, 125700, 97700] public_ns=14452600 bounds_ns=14134200 execute_ns=875200 combined_ns=934300 cpp_ns=97700 source=2330a0f18d4d82a5 result=8830660fbe034fbd
case op=copy-ubyte w=2048 h=512 layout=padded public_raw=[196389300, 187121600, 195999500, 187842300, 198374000, 196481800, 191495900, 155847400, 97884800, 99471500, 101387600, 95575300, 96542500, 96847400, 96180700] bounds_raw=[18403600, 14362700, 18816100, 26468000, 17735200, 16622400, 16387900, 9186500, 8780800, 12224900, 8758200, 9026100, 8753200, 10000600, 8716500] execute_raw=[175998400, 172626800, 182903000, 171104300, 186647700, 172854300, 171858100, 179888400, 89845100, 88782300, 90881500, 90281300, 87041500, 86316000, 90150600] combined_raw=[37400, 40100, 34700, 50300, 46800, 29700, 46500, 30900, 39900, 41100, 29600, 37800, 39900, 28800, 35800] cpp_raw=[31100, 98200, 44700, 30700, 33300, 46600, 32500, 4068300, 31400, 34100, 32400, 36300, 36000, 33000, 48700] public_ns=155847400 bounds_ns=12224900 execute_ns=171104300 combined_ns=37800 cpp_ns=34100 source=ae83cf5b1e4efaa5 result=824b457e72415e3d
case op=copy-float w=2048 h=512 layout=padded public_raw=[112761100, 101880600, 105983700, 104784800, 98495500, 98019000, 100313500, 101443700, 98617500, 100452500, 98302500, 100769000, 97927800, 97791500, 97524000] bounds_raw=[9081800, 9404300, 9544200, 9109600, 9222800, 9361100, 9262000, 9194400, 10786600, 9630500, 9165200, 9382800, 8737600, 9289700, 9088200] execute_raw=[96714700, 95936600, 103953200, 94325700, 97863100, 92660600, 96975300, 96539100, 93353300, 92550400, 95802500, 92938900, 95575300, 94135000, 98511000] combined_raw=[164700, 190700, 206500, 200200, 209600, 156300, 191700, 174300, 150400, 166900, 185500, 176000, 187700, 195700, 216300] cpp_raw=[141000, 154000, 136200, 124600, 165000, 123200, 123000, 116200, 118600, 143100, 241300, 130800, 179400, 169900, 163800] public_ns=100313500 bounds_ns=9262000 execute_ns=95802500 combined_ns=187700 cpp_ns=141000 source=f707132824e3b60b result=7e1f3007cb46713d
case op=copy-Pod w=2048 h=512 layout=padded public_raw=[94042700, 95348600, 94001300, 92492100, 94230400, 97265700, 94712300, 95157400, 94793700, 95050500, 93299500, 104764200, 104903000, 93845900, 93858200] bounds_raw=[8566900, 9050500, 8659000, 8707200, 9006900, 8767100, 9167200, 8758400, 10400500, 9047500, 8580700, 9134600, 10178300, 8677500, 8863000] execute_raw=[90869100, 87505900, 89282500, 88617700, 88210500, 91431500, 89025700, 87592200, 89317400, 87908600, 88210200, 93114500, 102239700, 88734100, 89956500] combined_raw=[426500, 434900, 534700, 448600, 458300, 473500, 492400, 500200, 456600, 566000, 460100, 557300, 437100, 502100, 455100] cpp_raw=[479900, 444400, 451500, 503600, 470300, 418300, 465500, 444000, 413400, 443500, 431000, 436700, 433400, 477100, 517300] public_ns=94712300 bounds_ns=8863000 execute_ns=89025700 combined_ns=460100 cpp_ns=444400 source=e31314711d294711 result=cd84131d95f48cf1
case op=convert-ubyte-float w=2048 h=512 layout=padded public_raw=[459674900, 459291400, 480799800, 472134700, 453729300, 458743000, 451258400, 459726900, 902370800, 925075400, 987761900, 993518900, 983274000, 1026311500, 958675100] bounds_raw=[9021700, 8706100, 12344600, 9620300, 8847700, 9063400, 8852000, 8801000, 21400700, 17392400, 21092300, 22605500, 17326800, 21737800, 17562200] execute_raw=[443500900, 452768500, 459330400, 458713100, 449197600, 455446200, 435950600, 438781000, 935556600, 931691600, 933056200, 907005700, 952285200, 955883500, 982491500] combined_raw=[859300, 1076000, 1739300, 1216400, 575700, 868400, 605000, 877600, 814300, 809200, 715900, 870800, 4768300, 4635400, 5384800] cpp_raw=[84900, 163200, 99300, 112300, 95800, 103900, 113600, 133800, 145700, 151800, 89200, 140900, 95800, 98100, 97000] public_ns=480799800 bounds_ns=12344600 execute_ns=459330400 combined_ns=870800 cpp_ns=103900 source=ae83cf5b1e4efaa5 result=a6f0b1d68eba713d
case op=copy-ubyte w=2048 h=512 layout=negative-source public_raw=[191225600, 216695700, 192629400, 199001000, 193445400, 193060000, 197042200, 207678900, 209648900, 188243700, 193408600, 190149500, 189767500, 197630800, 193785600] bounds_raw=[16980100, 20789700, 17478000, 21531200, 16470300, 16885100, 21341100, 16756900, 16728600, 16620900, 12952600, 16670000, 16090700, 25257700, 21631300] execute_raw=[177056200, 184323400, 178210300, 181011500, 175631900, 185797900, 182020500, 187836600, 177195600, 180207800, 183031900, 180255500, 176547900, 181211600, 176531600] combined_raw=[126700, 85200, 63300, 108200, 74500, 82100, 97400, 78400, 51700, 41900, 106700, 57500, 61700, 78200, 77100] cpp_raw=[57200, 63700, 44500, 72900, 63100, 35300, 56100, 55500, 48700, 73600, 4136400, 31900, 48400, 43100, 50200] public_ns=193445400 bounds_ns=16885100 execute_ns=180255500 combined_ns=78200 cpp_ns=55500 source=ae83cf5b1e4efaa5 result=824b457e72415e3d
case op=copy-float w=2048 h=512 layout=negative-source public_raw=[218782400, 205185500, 223175900, 207896600, 216552200, 197485100, 201957500, 197356500, 192736600, 204266800, 201240300, 199026900, 204467100, 201040600, 207996200] bounds_raw=[17596600, 21309300, 23546100, 20174000, 17700900, 25269500, 16671100, 15751200, 18992400, 22715900, 24150100, 21143700, 16996500, 24622300, 21210100] execute_raw=[196754200, 178818500, 195471500, 198463900, 193470100, 180293800, 177989300, 180275700, 179237500, 188637900, 188086700, 189030000, 189068900, 195031200, 199975300] combined_raw=[217500, 302800, 228100, 441700, 342500, 291200, 294000, 3943700, 382300, 309200, 6184800, 295100, 261000, 340600, 377900] cpp_raw=[225600, 173700, 176400, 295600, 217900, 236700, 261100, 187300, 231500, 266500, 207000, 219700, 234600, 339000, 397500] public_ns=204266800 bounds_ns=21143700 execute_ns=189030000 combined_ns=309200 cpp_ns=231500 source=f707132824e3b60b result=7e1f3007cb46713d
case op=copy-Pod w=2048 h=512 layout=negative-source public_raw=[189507200, 188843800, 195075400, 191404200, 196114200, 194469600, 189146200, 194364800, 194688100, 193862100, 192722500, 196267600, 96909200, 98468800, 101915000] bounds_raw=[16828500, 20773400, 16748400, 19358600, 13035900, 18267400, 20839700, 25554900, 16118600, 16793300, 19582000, 22799900, 9648600, 9094100, 9706700] execute_raw=[185501300, 180790300, 178523200, 185391900, 175385300, 183115600, 182180700, 183510700, 181971600, 181396700, 185359300, 181719300, 180862500, 87693000, 90843600] combined_raw=[1039800, 754200, 795600, 805600, 776800, 820900, 3230300, 803700, 898000, 848800, 818100, 861600, 909500, 941000, 742800] cpp_raw=[856800, 904600, 777300, 796400, 781600, 789000, 727800, 800500, 766800, 863600, 4803900, 4821300, 4941100, 903600, 868100] public_ns=192722500 bounds_ns=16828500 execute_ns=181719300 combined_ns=820900 cpp_ns=856800 source=a98d88b93a2d4711 result=cd84131d95f48cf1
case op=convert-ubyte-float w=2048 h=512 layout=negative-source public_raw=[458721500, 474954900, 460024600, 454292400, 466549400, 457488100, 454736200, 483893000, 481490600, 485894000, 466264300, 483494900, 454247000, 457717800, 453869200] bounds_raw=[9373300, 10478700, 9474900, 9011800, 8879000, 9226700, 8764600, 9257100, 9465900, 15322400, 9926800, 9909700, 9119100, 9198500, 10362800] execute_raw=[451197900, 493586100, 458076400, 449966400, 449577600, 439936800, 443631800, 479438700, 457057100, 467628700, 456568400, 487453200, 455465700, 448355900, 448231800] combined_raw=[924400, 879400, 873300, 902100, 840900, 683700, 773300, 1163600, 1879000, 2363700, 1329600, 904700, 866400, 894600, 895000] cpp_raw=[129500, 194000, 181000, 141700, 176300, 113700, 122500, 178100, 180100, 168600, 134600, 126600, 127500, 309800, 174900] public_ns=460024600 bounds_ns=9373300 execute_ns=455465700 combined_ns=895000 cpp_ns=168600 source=ae83cf5b1e4efaa5 result=a6f0b1d68eba713d
case op=copy-ubyte w=2048 h=512 layout=negative-both public_raw=[99727200, 100023700, 98402300, 98938400, 102882000, 105622300, 101520000, 97319200, 101351800, 102141200, 103084500, 99427700, 97523600, 100394200, 100601600] bounds_raw=[11951000, 8685400, 9407600, 10056200, 8942600, 8602300, 10217900, 8447400, 8697000, 8662200, 9818900, 8593100, 8497300, 8801600, 9691300] execute_raw=[89773900, 92929300, 92149400, 92372400, 91841200, 100176400, 91325700, 87095000, 89446400, 106333100, 89455000, 88072400, 89188100, 89644300, 95338500] combined_raw=[58900, 106100, 55600, 78700, 96500, 115300, 84000, 61500, 45600, 103700, 42200, 45700, 54300, 38300, 45400] cpp_raw=[51200, 43200, 39300, 40200, 52500, 63800, 40700, 31200, 39200, 36600, 29600, 31500, 39000, 27600, 38400] public_ns=100394200 bounds_ns=8801600 execute_ns=91325700 combined_ns=58900 cpp_ns=39200 source=ae83cf5b1e4efaa5 result=824b457e72415e3d
case op=copy-float w=2048 h=512 layout=negative-both public_raw=[105750700, 103754600, 102444000, 98910500, 98003000, 99794700, 102506100, 103587800, 103450800, 102252600, 100431900, 103565300, 100452600, 99960600, 110660900] bounds_raw=[8936300, 11078500, 8912800, 10106600, 8872900, 9031400, 8836500, 11432500, 9107800, 9375600, 9039800, 9018200, 10234700, 9203500, 9619400] execute_raw=[106537700, 98654800, 138873800, 97072200, 90909200, 93724700, 92052400, 97961400, 92280900, 95138400, 91992800, 94385700, 92383100, 94578800, 93171200] combined_raw=[472400, 371800, 302200, 242500, 325900, 193800, 203900, 396800, 262300, 245900, 284000, 306900, 235100, 496600, 468800] cpp_raw=[235600, 183000, 265300, 156400, 266400, 147100, 154100, 462700, 711900, 270100, 168000, 191000, 280600, 285600, 265800] public_ns=102444000 bounds_ns=9107800 execute_ns=94385700 combined_ns=302200 cpp_ns=265300 source=f707132824e3b60b result=7e1f3007cb46713d
case op=copy-Pod w=2048 h=512 layout=negative-both public_raw=[93969200, 98334700, 93410800, 97505500, 98852800, 95301500, 94315400, 95162200, 94655500, 94303200, 93940000, 94952300, 104659800, 104270100, 99880300] bounds_raw=[8614300, 8762400, 8811300, 9174200, 8833100, 9406400, 9914200, 9187100, 8644500, 9121900, 9048900, 9153000, 10107200, 9350600, 8647400] execute_raw=[88360200, 90010700, 86351500, 89552500, 90998000, 89030400, 88637500, 89249600, 87219500, 91906400, 90269300, 85801400, 87607800, 90645800, 86227900] combined_raw=[836500, 972400, 739000, 818800, 878600, 893400, 631700, 656200, 730600, 869200, 711700, 998200, 734800, 749100, 712100] cpp_raw=[809500, 709100, 707800, 791800, 928100, 786300, 616500, 629300, 680700, 695600, 776500, 696000, 670200, 661800, 672600] public_ns=95162200 bounds_ns=9121900 execute_ns=89030400 combined_ns=749100 cpp_ns=696000 source=a98d88b93a2d4711 result=35d2d67477ff8cf1
case op=convert-ubyte-float w=2048 h=512 layout=negative-both public_raw=[463119200, 448621600, 474557600, 562472900, 459026000, 460797000, 461394500, 463666300, 461505400, 460714000, 487740000, 458799600, 466775400, 489512800, 466417300] bounds_raw=[9120000, 10503700, 9733600, 9549600, 9064700, 9319600, 8913900, 9031800, 9453200, 9179000, 9706000, 8893100, 9327600, 9137400, 9309400] execute_raw=[441889100, 443226600, 442451600, 451194900, 444945000, 452543300, 448149600, 448466700, 452797400, 474438900, 466841500, 482731600, 488981300, 457511600, 465184100] combined_raw=[735700, 616300, 890000, 907100, 902000, 854200, 1227000, 878100, 836500, 982200, 880500, 935500, 974900, 1017300, 883900] cpp_raw=[116600, 130400, 156600, 152800, 356400, 136800, 132900, 141300, 133000, 176200, 193400, 142400, 196800, 246700, 325200] public_ns=463119200 bounds_ns=9309400 execute_ns=452543300 combined_ns=890000 cpp_ns=152800 source=ae83cf5b1e4efaa5 result=a6f0b1d68eba713d
case op=copy-ubyte w=2048 h=512 layout=universal public_raw=[107267400, 104919200, 112390800, 96439900, 104407200, 97529900, 104191000, 104539400, 109364400, 101562100, 111555700, 94063800, 98163500, 94822600, 111086400] bounds_raw=[10195400, 10407800, 11696900, 8613400, 9136100, 8696800, 9158600, 8493300, 9409700, 9553200, 8540100, 8735400, 9070000, 8516300, 13744700] execute_raw=[113069100, 105129100, 112017600, 97453000, 105676400, 99167100, 106359200, 116663300, 103852800, 114012700, 106890900, 96838600, 97159500, 113557000, 112590500] combined_raw=[9326600, 9507100, 9148600, 8931700, 8603900, 8914400, 8974300, 9538200, 8503500, 11098500, 9123900, 10795700, 8654100, 9038600, 8878000] cpp_raw=[3536200, 3212100, 3491000, 3281100, 3488400, 3336800, 3259100, 4863400, 3271900, 3261100, 3191000, 3416600, 3195100, 4253400, 3189200] public_ns=104407200 bounds_ns=9136100 execute_ns=106359200 combined_ns=9038600 cpp_ns=3281100 source=546dc88cf162767b result=b53972f2ee1fc8cf
case op=copy-float w=2048 h=512 layout=universal public_raw=[101675400, 130961000, 175828000, 141053500, 120376300, 214376100, 200175000, 212486000, 201076800, 215097900, 213347000, 207519800, 210897600, 197114500, 219295600] bounds_raw=[9583800, 9371900, 13814700, 10929300, 11144200, 17476800, 16738400, 21153600, 17750200, 16863500, 24732900, 19135700, 22904700, 16558300, 24372800] execute_raw=[106491900, 111702500, 147901400, 121301300, 214085800, 212262200, 206051600, 203064000, 216588100, 230199100, 235377900, 260067200, 203713100, 210729100, 220189500] combined_raw=[9709200, 10403700, 13381300, 13522500, 22056200, 22268600, 21476600, 17354900, 23012500, 21541600, 21904600, 32563200, 21734600, 20944600, 22483900] cpp_raw=[3942100, 4702100, 4720000, 4891000, 4160700, 7869700, 7728400, 8091800, 7663200, 3462800, 8603900, 15627800, 8339400, 7848900, 8082900] public_ns=201076800 bounds_ns=16863500 execute_ns=210729100 combined_ns=21541600 cpp_ns=7728400 source=4f1036148aacde48 result=1d8ea0b52256e94f
case op=copy-Pod w=2048 h=512 layout=universal public_raw=[227290200, 196767600, 193333500, 194930800, 188662700, 219681600, 216083600, 210600800, 197843900, 192334500, 192850400, 216557800, 213798900, 204914600, 214166900] bounds_raw=[16944800, 23289900, 16624700, 16697300, 20643200, 18592200, 22177800, 17534400, 21751900, 20870900, 20962900, 16672900, 18529500, 18364100, 15554700] execute_raw=[212307800, 224799400, 200710200, 196976800, 196792500, 237179400, 216784900, 213411500, 210689700, 203386900, 199253000, 195659400, 221612400, 210429900, 201972700] combined_raw=[21891700, 16863700, 19922400, 16880400, 15791800, 17528000, 18602800, 21983800, 23128200, 21230700, 22028600, 17182300, 17205100, 23821800, 17351500] cpp_raw=[6928600, 10708400, 6585000, 8047900, 7495800, 8075700, 7799900, 8168300, 7808500, 7512500, 7014900, 10178300, 7684800, 7607000, 11908200] public_ns=204914600 bounds_ns=18529500 execute_ns=210429900 combined_ns=18602800 cpp_ns=7799900 source=196bf4d6cf5eb812 result=fc9731c7256835ba
case op=convert-ubyte-float w=2048 h=512 layout=universal public_raw=[545855800, 533830100, 537756200, 537652400, 544042500, 535756300, 276866000, 267065000, 275372800, 278365500, 277903200, 310249500, 272035400, 273743200, 277434700] bounds_raw=[19551000, 23932300, 19867600, 17426200, 20650700, 20080600, 9572400, 9311300, 9017900, 8922500, 9979800, 9134500, 9164600, 10305900, 9284600] execute_raw=[529543700, 544013200, 536402100, 552753000, 555732700, 362664700, 269442200, 271389000, 277066300, 267816900, 287679800, 309696300, 280198600, 291993500, 272728700] combined_raw=[18148500, 16940900, 16263000, 17014800, 17028300, 8944400, 8959300, 9751800, 9346400, 9345900, 10156700, 9619300, 9003400, 8945900, 9194500] cpp_raw=[663900, 758600, 8580000, 660900, 661000, 660000, 660200, 879700, 747400, 697600, 675600, 1241600, 679000, 732800, 781100] public_ns=278365500 bounds_ns=9979800 execute_ns=291993500 combined_ns=9619300 cpp_ns=697600 source=546dc88cf162767b result=24fea8e2dff2e94f
case op=copy-ubyte w=2048 h=512 layout=universal-negative public_raw=[110072200, 96320100, 98760200, 105026600, 100183100, 113562100, 108601700, 106035600, 101694800, 106554900, 98167700, 93993500, 97559100, 102486000, 96290000] bounds_raw=[12033800, 9721200, 9253500, 8321900, 8912400, 8953600, 9844200, 9692100, 9538600, 9469700, 8368700, 8456200, 8921200, 8338400, 9058400] execute_raw=[169732700, 113127600, 102713300, 98820600, 114607300, 104791400, 106412000, 104761400, 105681000, 106948400, 99336200, 98487300, 96889400, 97990300, 99699800] combined_raw=[16471900, 9031200, 8950000, 8802700, 8657300, 10089500, 10113600, 8889500, 9882900, 10235600, 8633300, 8430300, 8556300, 11661300, 8824100] cpp_raw=[3495000, 3344700, 3413000, 3508900, 3304900, 3299600, 3679200, 3353300, 3455200, 3521800, 3455300, 3167600, 3188000, 3765900, 3363400] public_ns=101694800 bounds_ns=9058400 execute_ns=104761400 combined_ns=8950000 cpp_ns=3413000 source=46067b9fc62767b result=6220d181b93fc8cf
case op=copy-float w=2048 h=512 layout=universal-negative public_raw=[107263000, 97742400, 95536500, 95328500, 93816400, 95843600, 122408300, 103743600, 100627000, 101389100, 95615800, 92351400, 93728900, 94709800, 95076500] bounds_raw=[8760500, 9758200, 8921500, 10374300, 8827700, 9009800, 8823500, 8829300, 9283700, 8938400, 8771900, 9400000, 8704700, 8757700, 9448700] execute_raw=[99966800, 103499400, 97805500, 97976100, 98277600, 99127000, 97717800, 101922200, 100208800, 97665200, 104478000, 101018200, 94924000, 96838000, 104426800] combined_raw=[8825900, 8847500, 8843800, 8974400, 8745600, 8819000, 8998600, 9302100, 9150000, 8919100, 9269400, 8635900, 8647400, 8700700, 8866300] cpp_raw=[3650900, 3688500, 3916900, 3759200, 3492500, 3506400, 3566100, 3722400, 3617900, 3534100, 3743800, 3477500, 3488900, 3488300, 3694000] public_ns=95615800 bounds_ns=8921500 execute_ns=99127000 combined_ns=8847500 cpp_ns=3617900 source=51109e231b84de48 result=d2e235024092e94f
case op=copy-Pod w=2048 h=512 layout=universal-negative public_raw=[94510600, 98605300, 96803000, 97096300, 97310300, 96881100, 99971800, 100767200, 96210800, 100554200, 98174300, 100123500, 156439100, 97022300, 114521700] bounds_raw=[8591700, 8846300, 9102100, 9322800, 8969600, 9203900, 9152200, 9493600, 8693200, 9111500, 8979700, 9106900, 14447400, 9240900, 9709100] execute_raw=[100468500, 101510400, 98773800, 101138600, 101854700, 100694400, 98749400, 100936700, 100744300, 103290500, 100340700, 127409100, 149198500, 111432100, 100508600] combined_raw=[9054900, 9002100, 8766500, 9058700, 13099100, 9045600, 9258900, 11902900, 8862100, 12920100, 9406100, 8804600, 11659500, 9109800, 11038400] cpp_raw=[3699900, 3654700, 3493100, 3615700, 3526000, 3944100, 3923100, 3917100, 3756800, 3575800, 3965300, 3936600, 3742900, 3629300, 3810800] public_ns=98174300 bounds_ns=9111500 execute_ns=100936700 combined_ns=9109800 cpp_ns=3742900 source=e1be015f3a91b812 result=17fc2f38b61735ba
case op=convert-ubyte-float w=2048 h=512 layout=universal-negative public_raw=[313384900, 386251000, 319277500, 310706500, 337608500, 442297100, 392363300, 428888600, 322565500, 329604900, 346197700, 354510600, 290967400, 399405500, 334712400] bounds_raw=[11445000, 8992700, 8951000, 9440900, 10652000, 16551400, 10370100, 8940300, 16486500, 9739700, 9170000, 10101000, 9074000, 10197900, 10377300] execute_raw=[286746900, 360072400, 375528800, 309219600, 353859200, 356345600, 310976400, 364464800, 425648300, 322656900, 338039100, 353694800, 329329100, 346073900, 323762000] combined_raw=[8909400, 16553400, 10218200, 8886500, 16652300, 9408000, 16529200, 9040700, 9039700, 9310000, 16572900, 9363600, 9106600, 8747100, 8862500] cpp_raw=[674700, 1151900, 684300, 674000, 701500, 659900, 1151200, 676700, 703100, 1197300, 807200, 677000, 737100, 757400, 736500] public_ns=337608500 bounds_ns=10101000 execute_ns=346073900 combined_ns=9310000 cpp_ns=703100 source=46067b9fc62767b result=940c5552cb46e94f
case op=copy-ubyte w=2048 h=512 layout=repeated-source public_raw=[99400700, 94346900, 99264800, 96236200, 96574300, 99237900, 154924600, 149285500, 155414700, 151031800, 153775200, 122462500, 140505400, 127405900, 102475200] bounds_raw=[9117800, 16114900, 11007300, 9263600, 8348400, 14347200, 12689800, 16066400, 16127600, 16101000, 9607700, 16175800, 10629700, 8441200, 8767900] execute_raw=[110010300, 99507200, 92140000, 97926500, 92484500, 97277800, 136797600, 137378600, 137868200, 135325300, 129228000, 129382400, 138248900, 97428300, 139017400] combined_raw=[25600, 17600, 17700, 18800, 17600, 20800, 26100, 25800, 25600, 25300, 28600, 24800, 26500, 25600, 26200] cpp_raw=[20000, 14800, 15500, 23500, 14400, 15200, 43300, 20100, 19800, 23000, 21200, 40000, 19900, 14400, 17900] public_ns=122462500 bounds_ns=11007300 execute_ns=129228000 combined_ns=25600 cpp_ns=19900 source=6e453727bce9f2a5 result=824b457e72415e3d
case op=copy-float w=2048 h=512 layout=repeated-source public_raw=[136775200, 93663300, 92887100, 152473300, 99604400, 104061800, 96082700, 98930300, 95189300, 100228400, 93807400, 97575600, 97054500, 122670500, 148956500] bounds_raw=[16052000, 13616600, 9009500, 16050500, 16126100, 16114000, 9482700, 10659700, 8817900, 8956600, 8903000, 8767300, 9525400, 9584200, 16129100] execute_raw=[141008800, 90658200, 114245500, 98187800, 131922800, 115784800, 88484700, 89555200, 109634200, 88079900, 87167200, 97950700, 124059400, 108526100, 108540200] combined_raw=[80500, 62100, 62600, 63400, 63400, 66800, 62700, 63200, 61200, 61100, 63300, 62500, 62400, 74500, 62400] cpp_raw=[74500, 59800, 72200, 59500, 59500, 61600, 74600, 59500, 58500, 73700, 91700, 59000, 64300, 59000, 59300] public_ns=98930300 bounds_ns=9584200 execute_ns=108526100 combined_ns=62700 cpp_ns=59800 source=1890cde25c8499ab result=7e1f3007cb46713d
case op=copy-Pod w=2048 h=512 layout=repeated-source public_raw=[125998300, 123734300, 96959100, 97267500, 95778300, 99063800, 97518200, 97294700, 101996500, 103142900, 94781000, 102540000, 100845400, 100065200, 100001300] bounds_raw=[14934000, 16621600, 9966800, 9014700, 9900900, 9284000, 8916900, 9079500, 9023800, 8724000, 8752000, 9112700, 9441300, 9191000, 9091800] execute_raw=[105954200, 139270300, 129022100, 86449700, 99758600, 96824000, 93622500, 95992200, 96972000, 88533600, 86501600, 90216900, 94845100, 94133200, 90855100] combined_raw=[314400, 413400, 183500, 134600, 143600, 179900, 132500, 212900, 150200, 147700, 386500, 167900, 135200, 137800, 147800] cpp_raw=[313700, 315000, 167600, 145900, 142200, 137900, 153300, 161600, 207100, 138200, 147200, 319100, 140000, 135900, 160700] public_ns=100001300 bounds_ns=9112700 execute_ns=94845100 combined_ns=150200 cpp_ns=153300 source=20f0ed2a5964e151 result=29ff1e71f7668cf1
case op=convert-ubyte-float w=2048 h=512 layout=repeated-source public_raw=[460843000, 461332800, 479061500, 464218200, 457782400, 455767100, 454879600, 454258400, 492090500, 518186100, 484675000, 519412700, 541036300, 510270900, 482782300] bounds_raw=[9239400, 8804700, 9054000, 8864100, 9450600, 8885500, 8787000, 9147800, 9181300, 11174800, 8833600, 8874600, 9218900, 10130000, 9232500] execute_raw=[443765500, 441837900, 481191800, 445237500, 452451500, 441831100, 449964400, 479403200, 584688200, 457151400, 480427900, 465769200, 506014900, 454396400, 448435900] combined_raw=[1104600, 933900, 875200, 833600, 642000, 874500, 608900, 1046200, 661000, 920000, 766500, 733200, 918700, 741100, 904300] cpp_raw=[97400, 117900, 132600, 113300, 97900, 85700, 140100, 113200, 85800, 86500, 98000, 146500, 152200, 87000, 114500] public_ns=479061500 bounds_ns=9147800 execute_ns=454396400 combined_ns=874500 cpp_ns=113200 source=6e453727bce9f2a5 result=a6f0b1d68eba713d
case op=copy-ubyte w=2048 h=512 layout=zero-source public_raw=[39525600, 31311200, 31772400, 31955000, 32003700, 32665100, 31795500, 33674600, 33223400, 33069100, 38460000, 34935700, 37999600, 35010800, 34916500] bounds_raw=[8885800, 9517700, 9096900, 8423300, 8847900, 8875600, 8843700, 8935100, 8742400, 9483700, 8960600, 10355700, 9410600, 9324400, 8589800] execute_raw=[33778800, 37863100, 38983200, 32144100, 34000600, 31536100, 32565200, 34662900, 33361700, 40662800, 34539200, 39133000, 38663400, 33463800, 35858500] combined_raw=[8722700, 9121500, 12193100, 8719500, 9168700, 8726200, 8591700, 10221800, 8752800, 12589700, 9781800, 9115600, 11695300, 10823800, 10033500] cpp_raw=[4097800, 3785800, 3518900, 3976100, 3313300, 3455700, 3174700, 3391600, 3359100, 3249900, 3687900, 3441200, 5226300, 3890500, 3287400] public_ns=33223400 bounds_ns=8935100 execute_ns=34539200 combined_ns=9168700 cpp_ns=3455700 source=ea3b47c803d61b61 result=f48fba1f72215e3d
case op=copy-float w=2048 h=512 layout=zero-source public_raw=[33018600, 32809700, 34190000, 34354100, 33316900, 32817000, 32433200, 33073800, 33691000, 32059200, 32364700, 33831400, 31764800, 32389600, 33368900] bounds_raw=[9068900, 9397900, 8942700, 8879600, 8857900, 9590800, 9395000, 8780300, 9344400, 8688600, 8943400, 9231300, 8634200, 8828200, 9088200] execute_raw=[32506900, 33638400, 37899800, 51879400, 37751700, 32130600, 33207800, 36529400, 32632100, 32905700, 33237400, 34327700, 33656600, 32579000, 32369100] combined_raw=[9290600, 8861600, 10193200, 9217600, 11685100, 9507500, 9179300, 9544800, 9177200, 9436800, 10294700, 9199400, 8978800, 9370600, 8811900] cpp_raw=[3695000, 3601600, 3943100, 3751100, 6708400, 3726900, 3673400, 3751900, 3472000, 3982300, 4972100, 3742700, 3633900, 3585900, 3714800] public_ns=33018600 bounds_ns=8943400 execute_ns=33237400 combined_ns=9290600 cpp_ns=3726900 source=3ee659a586185a17 result=3010c258495a713d
case op=copy-Pod w=2048 h=512 layout=zero-source public_raw=[34312600, 35275400, 35400600, 32714900, 36844800, 33143300, 33331900, 34161500, 33570600, 32364800, 33757800, 32641700, 32915900, 35458100, 32854300] bounds_raw=[9003000, 8902300, 9773800, 9962700, 8934700, 9282000, 8797600, 9007400, 8639300, 10157000, 8842100, 8792400, 12791100, 8905000, 8931100] execute_raw=[35895200, 35073800, 33277900, 35680600, 33501500, 32542400, 32293600, 34979800, 33944600, 35578500, 32354300, 31144000, 32574700, 33561300, 34918700] combined_raw=[10030000, 9778100, 9210900, 9458800, 11812800, 9241300, 9160900, 9529300, 9186500, 8984900, 8988500, 9325200, 9555800, 10107000, 8936200] cpp_raw=[3891600, 3967600, 3590200, 3545500, 3598200, 4119800, 3689600, 3626800, 3595200, 3673000, 3759500, 3597900, 3728600, 3599200, 3606400] public_ns=33570600 bounds_ns=8934700 execute_ns=33561300 combined_ns=9325200 cpp_ns=3626800 source=10734a11a61fbe06 result=14eb8df45bd38cf1
case op=convert-ubyte-float w=2048 h=512 layout=zero-source public_raw=[78308900, 77405400, 75865500, 76116900, 77316700, 75118100, 76784600, 77213500, 80908700, 83902500, 77235500, 75830000, 82705400, 87137900, 80898600] bounds_raw=[8883500, 8916000, 9013700, 9628700, 9367500, 8807300, 8703300, 9120700, 9752300, 10213800, 8811900, 8795200, 10175900, 9748900, 9548100] execute_raw=[75717200, 100110600, 79808300, 77019000, 75750500, 83003100, 74257300, 75743500, 88952700, 82911300, 81463000, 76769300, 78137500, 83088200, 81395000] combined_raw=[8999300, 9690200, 9405400, 9012600, 8689600, 9034600, 8856800, 9198400, 9868200, 9257600, 9359900, 8761100, 9135100, 9446700, 9229700] cpp_raw=[743200, 770600, 656800, 657200, 763600, 663600, 689500, 748700, 862300, 776100, 695100, 672700, 671600, 656400, 656500] public_ns=77316700 bounds_ns=9120700 execute_ns=79808300 combined_ns=9198400 cpp_ns=689500 source=ea3b47c803d61b61 result=1ea1c940ba66713d
m3_copy_conversion_candidates PASS cases=96 sink=3470652223959823994
