contracts PASS four-public-paths four-operations invalid/shape/noninjective/overlap/empty/no-write shared-disjoint
semantic PASS cases=32 bitwise-copy all256-conversion source-padding
case op=copy-ubyte w=31 h=17 layout=contiguous public_raw=[100, 100, 0, 0, 0, 100, 100, 0, 0, 100, 0, 0, 0, 0, 0] bounds_raw=[100, 100, 0, 0, 100, 200, 200, 0, 0, 0, 0, 100, 0, 0, 0] execute_raw=[0, 0, 100, 100, 100, 100, 100, 0, 0, 0, 0, 0, 0, 0, 0] combined_raw=[100, 0, 0, 0, 100, 100, 100, 0, 0, 0, 0, 0, 100, 0, 0] cpp_raw=[100, 0, 0, 0, 0, 100, 0, 0, 0, 0, 0, 0, 0, 0, 0] public_ns=0 bounds_ns=0 execute_ns=0 combined_ns=0 cpp_ns=0 source=e1cb0bb018788cd9 result=6b280f993832c319
case op=copy-float w=31 h=17 layout=contiguous public_raw=[100, 100, 100, 100, 100, 100, 100, 100, 100, 100, 100, 100, 100, 100, 100] bounds_raw=[100, 100, 100, 100, 100, 100, 100, 100, 100, 0, 100, 100, 100, 100, 100] execute_raw=[100, 100, 100, 100, 100, 100, 100, 100, 100, 100, 100, 100, 100, 100, 100] combined_raw=[100, 100, 100, 100, 100, 100, 100, 100, 100, 100, 100, 100, 100, 100, 100] cpp_raw=[100, 0, 0, 0, 0, 0, 0, 0, 0, 0, 0, 0, 0, 0, 0] public_ns=100 bounds_ns=100 execute_ns=100 combined_ns=100 cpp_ns=0 source=6128204049c0da83 result=264b3169180ebd4b
case op=copy-Pod w=31 h=17 layout=contiguous public_raw=[100, 100, 100, 100, 100, 100, 100, 100, 100, 100, 100, 100, 100, 100, 100] bounds_raw=[100, 100, 100, 100, 100, 100, 100, 100, 100, 100, 100, 100, 100, 100, 100] execute_raw=[100, 100, 100, 200, 100, 100, 100, 100, 100, 100, 100, 100, 100, 100, 100] combined_raw=[100, 100, 100, 100, 100, 100, 100, 100, 100, 100, 100, 100, 100, 100, 100] cpp_raw=[100, 100, 100, 100, 100, 100, 100, 100, 100, 100, 100, 100, 100, 100, 100] public_ns=100 bounds_ns=100 execute_ns=100 combined_ns=100 cpp_ns=100 source=db360484f487691a result=968b62c61598975a
case op=convert-ubyte-float w=31 h=17 layout=contiguous public_raw=[3100, 3000, 3000, 3100, 3000, 3000, 3000, 3100, 3100, 3000, 3100, 3000, 3100, 3600, 3100] bounds_raw=[3100, 3100, 3000, 3100, 3100, 3000, 3100, 3100, 3100, 3100, 3000, 3000, 3100, 3300, 3100] execute_raw=[400, 300, 300, 300, 300, 300, 300, 300, 300, 300, 300, 300, 300, 400, 300] combined_raw=[300, 300, 300, 300, 300, 300, 300, 300, 300, 300, 400, 300, 300, 900, 300] cpp_raw=[100, 100, 100, 100, 100, 100, 100, 100, 100, 100, 100, 100, 100, 200, 100] public_ns=3100 bounds_ns=3100 execute_ns=300 combined_ns=300 cpp_ns=100 source=e1cb0bb018788cd9 result=1bb7b2c2179a648f
case op=copy-ubyte w=31 h=17 layout=padded public_raw=[95700, 95400, 94700, 118100, 93900, 93900, 93800, 93500, 93800, 93400, 92900, 93500, 124700, 93100, 95100] bounds_raw=[4300, 4300, 4400, 4600, 4300, 4300, 4200, 4200, 4300, 4200, 4300, 4200, 18000, 4300, 4200] execute_raw=[89100, 89000, 100400, 92300, 92200, 92000, 92100, 92100, 90900, 91000, 90900, 92100, 91400, 88600, 88700] combined_raw=[300, 200, 200, 200, 400, 200, 200, 200, 400, 200, 200, 200, 200, 300, 200] cpp_raw=[0, 0, 0, 0, 100, 0, 0, 0, 100, 0, 0, 0, 0, 0, 0] public_ns=93900 bounds_ns=4300 execute_ns=91400 combined_ns=200 cpp_ns=0 source=4d0b0939d89e40d9 result=5f21f5ea6035ff19
case op=copy-float w=31 h=17 layout=padded public_raw=[93400, 95100, 94900, 93200, 93200, 96200, 92700, 93200, 92200, 122000, 106000, 96400, 93300, 93400, 95600] bounds_raw=[4500, 4500, 4400, 4300, 4500, 4400, 4500, 4600, 4300, 4600, 4500, 4600, 4400, 4400, 4500] execute_raw=[89000, 88800, 89000, 88800, 92500, 91900, 101900, 91700, 91900, 91400, 92000, 91300, 103200, 109600, 92200] combined_raw=[200, 200, 200, 200, 300, 200, 300, 200, 200, 400, 400, 300, 400, 300, 400] cpp_raw=[100, 0, 0, 0, 0, 100, 100, 0, 0, 0, 100, 0, 0, 0, 100] public_ns=93400 bounds_ns=4500 execute_ns=91900 combined_ns=300 cpp_ns=0 source=ebb5b7eaf5f43283 result=3851810ac565964b
case op=copy-Pod w=31 h=17 layout=padded public_raw=[107700, 94200, 98300, 96600, 93700, 94400, 353700, 147500, 92600, 107500, 121100, 94700, 96800, 94300, 97500] bounds_raw=[4600, 4600, 4400, 4400, 4500, 4300, 4300, 4800, 4400, 4600, 4500, 4400, 4400, 4500, 4500] execute_raw=[90600, 90000, 90600, 90100, 93500, 92600, 93000, 143300, 92100, 90900, 92000, 89200, 90900, 104200, 92000] combined_raw=[400, 400, 300, 400, 500, 300, 300, 800, 500, 500, 500, 400, 400, 300, 500] cpp_raw=[100, 100, 100, 100, 0, 100, 0, 200, 100, 100, 100, 0, 0, 100, 100] public_ns=96800 bounds_ns=4500 execute_ns=92000 combined_ns=400 cpp_ns=100 source=b28d4f242a91b51a result=7438cdf3ee88135a
case op=convert-ubyte-float w=31 h=17 layout=padded public_raw=[755300, 614900, 643100, 559800, 479300, 494600, 468300, 467600, 491400, 523000, 557700, 467600, 463800, 541800, 500400] bounds_raw=[5100, 4500, 5000, 5000, 4700, 45300, 4500, 5000, 4600, 4800, 4700, 23800, 4500, 4700, 4700] execute_raw=[465400, 524400, 597500, 485900, 464400, 462600, 490100, 771700, 459200, 479100, 530700, 476200, 481000, 461700, 545800] combined_raw=[600, 700, 900, 1100, 700, 700, 600, 1100, 600, 700, 700, 600, 500, 400, 600] cpp_raw=[100, 100, 100, 200, 100, 100, 100, 400, 100, 100, 100, 100, 100, 100, 100] public_ns=500400 bounds_ns=4700 execute_ns=481000 combined_ns=700 cpp_ns=100 source=4d0b0939d89e40d9 result=5a1bf5670dd4dc8f
case op=copy-ubyte w=31 h=17 layout=negative-source public_raw=[92600, 92400, 92800, 93100, 93100, 92700, 92300, 164500, 93800, 92900, 94400, 116000, 91800, 91800, 91600] bounds_raw=[4300, 4200, 4400, 4300, 4500, 4200, 4300, 4700, 4200, 4200, 4300, 4200, 4400, 4200, 4300] execute_raw=[91500, 91500, 106900, 102200, 89900, 90300, 90600, 101000, 89000, 89100, 89100, 89000, 91000, 91600, 2546300] combined_raw=[300, 200, 300, 200, 400, 200, 200, 400, 300, 200, 200, 200, 500, 200, 1800] cpp_raw=[100, 0, 0, 0, 100, 0, 0, 100, 0, 0, 0, 0, 100, 0, 0] public_ns=92800 bounds_ns=4300 execute_ns=91000 combined_ns=200 cpp_ns=0 source=1218578f96e3de39 result=5f21f5ea6035ff19
case op=copy-float w=31 h=17 layout=negative-source public_raw=[93800, 130900, 101400, 95400, 95800, 114100, 96100, 124700, 93900, 95600, 92800, 92300, 103200, 94500, 93700] bounds_raw=[4500, 4400, 4600, 4500, 4500, 4600, 4300, 5100, 4300, 4600, 4400, 4400, 4600, 4400, 4400] execute_raw=[90400, 90500, 91000, 91900, 91900, 88400, 1817100, 91100, 102800, 91100, 91300, 91400, 103200, 91400, 90800] combined_raw=[300, 200, 500, 300, 300, 300, 1300, 300, 300, 400, 200, 200, 400, 200, 200] cpp_raw=[100, 0, 0, 0, 0, 100, 300, 100, 100, 100, 0, 0, 0, 0, 0] public_ns=95600 bounds_ns=4500 execute_ns=91300 combined_ns=300 cpp_ns=0 source=d55c0938ea65990b result=3851810ac565964b
case op=copy-Pod w=31 h=17 layout=negative-source public_raw=[94500, 93000, 178100, 94800, 92700, 95200, 94300, 94100, 93500, 93200, 94200, 96600, 95100, 97800, 94000] bounds_raw=[4400, 4300, 4700, 4400, 4300, 4400, 4300, 4400, 4300, 4300, 4500, 4300, 4600, 4500, 4300] execute_raw=[90800, 91500, 92900, 90500, 90600, 90300, 94900, 91400, 92300, 165900, 91000, 91900, 91200, 90900, 90900] combined_raw=[400, 400, 400, 500, 400, 500, 700, 400, 400, 800, 400, 400, 400, 400, 600] cpp_raw=[100, 100, 0, 200, 100, 100, 100, 100, 100, 100, 100, 100, 100, 0, 100] public_ns=94300 bounds_ns=4400 execute_ns=91200 combined_ns=400 cpp_ns=100 source=4cb52a65f8334f3a result=7438cdf3ee88135a
case op=convert-ubyte-float w=31 h=17 layout=negative-source public_raw=[481100, 472000, 493500, 469700, 467700, 489000, 479000, 478500, 473300, 482300, 468800, 477800, 476600, 470400, 464800] bounds_raw=[4600, 4700, 4700, 4500, 4800, 4700, 4500, 4600, 4500, 4700, 4600, 4500, 4900, 4700, 4700] execute_raw=[463600, 496200, 461800, 528200, 473600, 486800, 462000, 470200, 475700, 479500, 477300, 465200, 467700, 492200, 478000] combined_raw=[700, 700, 600, 500, 900, 600, 500, 600, 500, 600, 600, 500, 600, 500, 600] cpp_raw=[100, 100, 100, 100, 100, 100, 100, 100, 100, 100, 100, 100, 100, 100, 100] public_ns=476600 bounds_ns=4700 execute_ns=475700 combined_ns=600 cpp_ns=100 source=1218578f96e3de39 result=5a1bf5670dd4dc8f
case op=copy-ubyte w=31 h=17 layout=negative-both public_raw=[94300, 107200, 95500, 95200, 95400, 95100, 93400, 93500, 93500, 93600, 109100, 95300, 94600, 94500, 93900] bounds_raw=[4400, 4200, 4300, 4200, 4200, 4200, 4200, 4400, 4300, 4200, 4300, 4200, 4400, 4200, 4300] execute_raw=[92200, 91900, 89100, 89000, 89600, 89500, 101800, 91300, 90500, 91700, 92000, 104700, 93100, 93600, 93900] combined_raw=[300, 300, 400, 200, 200, 200, 200, 200, 300, 200, 300, 500, 300, 200, 200] cpp_raw=[100, 0, 100, 0, 0, 0, 0, 0, 0, 0, 0, 0, 0, 0, 0] public_ns=94600 bounds_ns=4200 execute_ns=91900 combined_ns=200 cpp_ns=0 source=1218578f96e3de39 result=14b2232dcdfde519
case op=copy-float w=31 h=17 layout=negative-both public_raw=[106700, 93900, 95000, 105800, 94800, 96500, 97400, 106400, 94200, 93700, 93800, 93900, 94000, 96100, 93400] bounds_raw=[4600, 4300, 4300, 4500, 4600, 4400, 4300, 4700, 4300, 4600, 4400, 4400, 4600, 4400, 4300] execute_raw=[103200, 92800, 92700, 102500, 89500, 89200, 89300, 91600, 94400, 94200, 93600, 94000, 104100, 89000, 89000] combined_raw=[400, 300, 200, 200, 400, 300, 200, 300, 300, 300, 300, 200, 400, 200, 200] cpp_raw=[100, 0, 0, 0, 100, 0, 0, 0, 0, 0, 0, 0, 100, 0, 0] public_ns=94800 bounds_ns=4400 execute_ns=92800 combined_ns=300 cpp_ns=0 source=d55c0938ea65990b result=88af284ef50a9e03
case op=copy-Pod w=31 h=17 layout=negative-both public_raw=[94200, 93900, 93900, 107800, 95500, 95200, 105000, 94200, 93900, 93600, 93700, 92700, 96200, 93800, 106600] bounds_raw=[4400, 4400, 4300, 4600, 4300, 4300, 4300, 4400, 4400, 4400, 4500, 4400, 4300, 4300, 4500] execute_raw=[92300, 93700, 88800, 92000, 89400, 92300, 92400, 93200, 93400, 118000, 89000, 92000, 91800, 92000, 93100] combined_raw=[400, 400, 400, 400, 400, 400, 400, 600, 400, 700, 500, 400, 400, 400, 500] cpp_raw=[100, 100, 100, 0, 100, 100, 0, 100, 100, 100, 100, 100, 100, 100, 100] public_ns=94200 bounds_ns=4400 execute_ns=92300 combined_ns=400 cpp_ns=100 source=4cb52a65f8334f3a result=ba5b3439bff1663a
case op=convert-ubyte-float w=31 h=17 layout=negative-both public_raw=[467400, 487800, 480400, 546700, 465000, 477300, 605700, 494800, 470900, 473400, 467900, 475100, 482800, 466500, 472000] bounds_raw=[4600, 4600, 4600, 4700, 4700, 4900, 4500, 4900, 4500, 4700, 4600, 4500, 4600, 4500, 4700] execute_raw=[500800, 470200, 459500, 491500, 2495800, 489900, 473600, 461500, 480600, 476700, 494600, 466400, 463400, 475000, 490800] combined_raw=[700, 500, 700, 500, 1200, 700, 500, 800, 500, 600, 900, 500, 700, 1000, 900] cpp_raw=[100, 100, 100, 100, 100, 100, 100, 100, 100, 100, 100, 100, 100, 100, 100] public_ns=475100 bounds_ns=4600 execute_ns=476700 combined_ns=700 cpp_ns=100 source=1218578f96e3de39 result=a84d7158b568dc8f
case op=copy-ubyte w=31 h=17 layout=universal public_raw=[93600, 106600, 93100, 93200, 93000, 93200, 93600, 93000, 93000, 92900, 92800, 94500, 97300, 94400, 109100] bounds_raw=[4300, 4400, 4300, 4200, 4200, 4200, 4300, 4400, 4200, 4200, 4200, 4300, 4200, 4300, 4300] execute_raw=[94300, 94700, 96400, 96200, 96400, 96300, 109900, 93300, 93500, 93700, 105500, 96000, 96300, 95500, 96300] combined_raw=[4300, 4300, 4800, 4300, 4500, 4300, 4600, 4500, 4500, 4400, 4400, 4200, 4300, 4300, 4500] cpp_raw=[1600, 1600, 1600, 1600, 1600, 1600, 1600, 1600, 1600, 1600, 1600, 1600, 1600, 1600, 1600] public_ns=93200 bounds_ns=4300 execute_ns=96200 combined_ns=4400 cpp_ns=1600 source=104e8d8f8fae3401 result=94a85d26ce182761
case op=copy-float w=31 h=17 layout=universal public_raw=[95600, 95400, 94800, 94000, 93000, 93400, 96000, 93300, 93500, 94500, 93800, 94100, 93500, 93900, 119200] bounds_raw=[4400, 4400, 4400, 4300, 4400, 4400, 4400, 4500, 4400, 4300, 4400, 4600, 4400, 4200, 4600] execute_raw=[96200, 99500, 108100, 95600, 96400, 94800, 96100, 97700, 96900, 93300, 109600, 96000, 96400, 96700, 95700] combined_raw=[4400, 4600, 4600, 4300, 4300, 4400, 4400, 4400, 4400, 4500, 4800, 4600, 4500, 4400, 4600] cpp_raw=[1900, 1700, 1700, 1700, 1700, 1700, 1700, 1700, 1700, 1700, 1700, 1700, 1700, 1700, 1700] public_ns=94000 bounds_ns=4400 execute_ns=96400 combined_ns=4400 cpp_ns=1700 source=48f4c2fdc1746a4f result=d2f02840ab86d547
case op=copy-Pod w=31 h=17 layout=universal public_raw=[92200, 93000, 93100, 92200, 107200, 93000, 92900, 95600, 92400, 96800, 97000, 92600, 297300, 95100, 94700] bounds_raw=[4400, 4400, 4400, 4400, 4600, 4400, 4300, 4500, 4900, 4400, 4500, 4500, 9000, 4400, 4300] execute_raw=[93400, 96300, 93000, 92400, 95000, 92800, 92900, 95700, 93700, 96400, 182500, 92700, 92900, 96800, 95900] combined_raw=[4500, 5100, 4500, 4600, 4800, 4500, 4500, 4500, 4500, 4600, 4900, 4700, 4600, 4800, 4500] cpp_raw=[1900, 1900, 1900, 1900, 1900, 1900, 1700, 1800, 1700, 1700, 1900, 1700, 1700, 2000, 1700] public_ns=93100 bounds_ns=4400 execute_ns=93700 combined_ns=4600 cpp_ns=1900 source=a443bfcbbed0823e result=e7d6d6f5c5dc3c8e
case op=convert-ubyte-float w=31 h=17 layout=universal public_raw=[282800, 282300, 268400, 283400, 266700, 286900, 281200, 267100, 295600, 267400, 318800, 279000, 266400, 268000, 267900] bounds_raw=[4600, 4500, 4500, 4800, 4500, 4500, 4400, 4600, 4600, 4500, 4600, 4600, 4500, 17000, 4600] execute_raw=[266000, 287000, 267000, 272200, 273400, 274400, 271700, 268800, 268800, 269700, 268100, 269600, 267600, 267400, 284300] combined_raw=[4400, 4500, 4600, 4400, 4400, 4600, 4400, 4700, 4500, 4500, 5000, 4500, 4700, 4600, 4600] cpp_raw=[400, 400, 300, 300, 300, 300, 300, 400, 300, 300, 300, 300, 300, 300, 300] public_ns=279000 bounds_ns=4600 execute_ns=269600 combined_ns=4500 cpp_ns=300 source=104e8d8f8fae3401 result=91affb8b2dfc4eb7
case op=copy-ubyte w=31 h=17 layout=universal-negative public_raw=[94700, 95700, 108900, 99000, 99000, 97300, 130300, 96900, 95900, 96400, 97900, 95300, 95100, 94800, 114000] bounds_raw=[4400, 4300, 4500, 4200, 4200, 4300, 4200, 4300, 4300, 4300, 4800, 4400, 4300, 4300, 5000] execute_raw=[96000, 96600, 99000, 97600, 163200, 98900, 99100, 97500, 97600, 174600, 125600, 99900, 99500, 100500, 97900] combined_raw=[4400, 4300, 4500, 4400, 4400, 4300, 4200, 4800, 4400, 4600, 4700, 4400, 4300, 4400, 4300] cpp_raw=[1700, 1700, 1600, 1600, 1600, 1600, 1600, 1600, 1600, 1900, 1600, 1600, 1600, 1600, 1600] public_ns=96900 bounds_ns=4300 execute_ns=99000 combined_ns=4400 cpp_ns=1600 source=705335b9cf6847c1 result=2bfddff94a971f61
case op=copy-float w=31 h=17 layout=universal-negative public_raw=[96500, 99800, 97200, 149400, 95900, 95800, 94800, 95800, 95500, 96000, 96000, 96100, 96600, 94100, 96600] bounds_raw=[4600, 7000, 4600, 4600, 4600, 6600, 4400, 4400, 4200, 4500, 4500, 4300, 4300, 4700, 4500] execute_raw=[97600, 100600, 99500, 99100, 98600, 101200, 99300, 95900, 98000, 109600, 95300, 98700, 96300, 111900, 94900] combined_raw=[4500, 4900, 4700, 4600, 4900, 4700, 4400, 4400, 4400, 4600, 4400, 4400, 4400, 21500, 4400] cpp_raw=[1900, 2000, 1900, 1900, 1900, 1700, 1700, 1700, 1700, 1700, 1800, 1700, 1700, 1700, 1800] public_ns=96000 bounds_ns=4500 execute_ns=98700 combined_ns=4500 cpp_ns=1700 source=eada538057fb86ef result=faa4d5eeeda68847
case op=copy-Pod w=31 h=17 layout=universal-negative public_raw=[96400, 97000, 95400, 96500, 95900, 130600, 95000, 96900, 98700, 98300, 96600, 111800, 94800, 98100, 96000] bounds_raw=[4700, 4400, 4400, 4700, 4400, 4800, 4700, 4400, 4800, 4600, 4400, 4300, 4600, 4400, 4300] execute_raw=[97000, 96200, 98500, 96300, 95700, 97700, 97600, 95900, 96900, 98100, 98900, 100500, 97800, 100000, 111500] combined_raw=[4700, 4400, 4500, 4500, 4600, 4900, 5200, 4500, 4600, 4800, 4800, 4600, 4800, 4700, 5000] cpp_raw=[1800, 1700, 1700, 1700, 1700, 2100, 1700, 1700, 1900, 1700, 1700, 1700, 1800, 1700, 1700] public_ns=96600 bounds_ns=4400 execute_ns=97700 combined_ns=4700 cpp_ns=1700 source=7483a89971f477de result=c1c9f074f82c752e
case op=convert-ubyte-float w=31 h=17 layout=universal-negative public_raw=[356600, 317800, 299900, 340500, 302300, 301700, 374200, 327400, 351100, 332500, 318300, 302200, 382300, 302200, 303800] bounds_raw=[4800, 4500, 4600, 4600, 4700, 4800, 4500, 4600, 4700, 4800, 4700, 4400, 4800, 5000, 4800] execute_raw=[304700, 304100, 346300, 411000, 1187900, 305100, 320000, 302600, 303400, 302600, 314400, 300500, 314300, 330600, 299800] combined_raw=[4600, 4500, 4600, 4400, 5500, 4700, 4600, 4600, 4500, 4600, 4600, 4500, 4600, 4500, 4600] cpp_raw=[400, 300, 300, 300, 600, 400, 300, 400, 300, 400, 400, 300, 300, 300, 900] public_ns=318300 bounds_ns=4700 execute_ns=305100 combined_ns=4600 cpp_ns=300 source=705335b9cf6847c1 result=6cdfcfcdfb5c4eb7
case op=copy-ubyte w=31 h=17 layout=repeated-source public_raw=[92800, 112500, 107100, 93600, 92800, 93000, 93400, 105300, 94400, 95600, 94800, 94800, 95100, 94900, 94100] bounds_raw=[4700, 4200, 4600, 4400, 4300, 4300, 4300, 4400, 4400, 4700, 4400, 4300, 4300, 4300, 4800] execute_raw=[90700, 90700, 92100, 91300, 91200, 91100, 91200, 91100, 134200, 91000, 91000, 90900, 117000, 147000, 88300] combined_raw=[300, 200, 400, 300, 300, 200, 200, 200, 200, 400, 200, 200, 300, 200, 400] cpp_raw=[100, 0, 100, 100, 0, 0, 0, 0, 0, 100, 0, 0, 0, 0, 100] public_ns=94800 bounds_ns=4400 execute_ns=91100 combined_ns=200 cpp_ns=0 source=e456631d381264c9 result=79abf60b12593ba9
case op=copy-float w=31 h=17 layout=repeated-source public_raw=[96000, 97100, 97200, 112400, 112400, 97400, 99400, 99900, 100300, 99200, 99200, 99100, 98700, 96000, 174300] bounds_raw=[4400, 4300, 4400, 4700, 4700, 4400, 4500, 4400, 4400, 4500, 4500, 4400, 26300, 4600, 4900] execute_raw=[96000, 93000, 92500, 94300, 95400, 98000, 94500, 95100, 111000, 157900, 97000, 97100, 96800, 94800, 92500] combined_raw=[300, 200, 200, 200, 400, 200, 200, 200, 200, 500, 200, 200, 200, 300, 400] cpp_raw=[100, 0, 0, 0, 0, 100, 0, 0, 0, 100, 100, 0, 0, 0, 0] public_ns=99200 bounds_ns=4500 execute_ns=95400 combined_ns=200 cpp_ns=0 source=187f646e4a13563f result=adddf47c9b74a697
case op=copy-Pod w=31 h=17 layout=repeated-source public_raw=[96600, 96300, 95500, 100600, 96800, 96400, 96100, 112100, 142900, 94000, 94500, 97900, 96300, 96300, 174000] bounds_raw=[4400, 4300, 4300, 4300, 4500, 4300, 4300, 4600, 4600, 4400, 4300, 4300, 4500, 4400, 4600] execute_raw=[91000, 90900, 91900, 106700, 96300, 95400, 93500, 96300, 96100, 95100, 97100, 120700, 149000, 98900, 125600] combined_raw=[300, 300, 400, 500, 500, 300, 400, 400, 500, 500, 400, 600, 600, 400, 700] cpp_raw=[100, 100, 100, 100, 100, 100, 0, 0, 100, 100, 100, 100, 100, 100, 100] public_ns=96400 bounds_ns=4400 execute_ns=96300 combined_ns=400 cpp_ns=100 source=af5c371632147dfa result=b77ad4f97670f65a
case op=convert-ubyte-float w=31 h=17 layout=repeated-source public_raw=[464300, 555600, 493400, 465900, 474200, 482300, 486600, 465300, 485700, 491800, 476100, 520900, 468600, 482300, 473300] bounds_raw=[4500, 4500, 4600, 4400, 4600, 4600, 4400, 4600, 4600, 4900, 4700, 4500, 4900, 4600, 4700] execute_raw=[477500, 463100, 456200, 477500, 460900, 457900, 469300, 472600, 577000, 464200, 479200, 471500, 489900, 471700, 551000] combined_raw=[600, 800, 700, 500, 600, 500, 600, 600, 400, 600, 600, 600, 700, 400, 700] cpp_raw=[100, 100, 100, 100, 100, 100, 100, 100, 100, 100, 100, 100, 100, 100, 100] public_ns=482300 bounds_ns=4600 execute_ns=471700 combined_ns=600 cpp_ns=100 source=e456631d381264c9 result=9364c6c0b904dc8f
case op=copy-ubyte w=31 h=17 layout=zero-source public_raw=[25600, 25400, 25600, 25400, 25400, 25500, 25400, 27800, 25900, 25400, 25400, 25400, 25600, 25300, 25500] bounds_raw=[4200, 4200, 4200, 4200, 4200, 4200, 4300, 4200, 4200, 4100, 4200, 4200, 4200, 4200, 4200] execute_raw=[25500, 25600, 25400, 25500, 25400, 25600, 25500, 25300, 25600, 25500, 25300, 25300, 25500, 25800, 25500] combined_raw=[4600, 4500, 4400, 4500, 4700, 4500, 4500, 4500, 4500, 4500, 4500, 4400, 4300, 4300, 4300] cpp_raw=[1700, 1700, 1700, 1700, 1700, 1700, 1700, 1700, 1700, 1700, 1700, 1700, 1700, 1700, 1700] public_ns=25400 bounds_ns=4200 execute_ns=25500 combined_ns=4500 cpp_ns=1700 source=53e35892b0900a36 result=c64ce8b5472789e4
case op=copy-float w=31 h=17 layout=zero-source public_raw=[28900, 29200, 29100, 29000, 28800, 29100, 28900, 29100, 28900, 28600, 28900, 28900, 28900, 28900, 28900] bounds_raw=[4600, 4600, 4700, 4700, 4500, 4500, 4500, 4700, 4500, 4500, 4600, 4600, 4400, 4500, 4500] execute_raw=[28900, 28900, 28500, 28900, 28900, 29000, 28900, 28900, 29300, 29100, 29100, 29300, 29000, 29400, 29100] combined_raw=[4700, 4600, 4800, 4600, 4500, 4600, 4500, 4700, 4600, 4600, 4600, 4700, 4600, 4600, 4500] cpp_raw=[1900, 1900, 1900, 1900, 1900, 1900, 1900, 1900, 1900, 1900, 1900, 1900, 1900, 1900, 1900] public_ns=28900 bounds_ns=4500 execute_ns=29000 combined_ns=4600 cpp_ns=1900 source=48a265c435185a17 result=a412cbd3d3c5dc8f
case op=copy-Pod w=31 h=17 layout=zero-source public_raw=[42900, 28800, 28700, 28800, 28600, 28700, 44500, 28800, 28800, 28800, 28600, 28700, 28800, 28600, 28700] bounds_raw=[4400, 4400, 4400, 4400, 4300, 4400, 4400, 4700, 4600, 4300, 4300, 4400, 4300, 4300, 6600] execute_raw=[29000, 28900, 29000, 28900, 28700, 28900, 28900, 29300, 28700, 28800, 28800, 28700, 28700, 28700, 28500] combined_raw=[4500, 4400, 4300, 4400, 4400, 4400, 4400, 4600, 4400, 4500, 4400, 4400, 4400, 4400, 4500] cpp_raw=[1900, 1900, 1900, 1900, 1900, 1900, 1900, 1900, 1900, 1900, 1900, 1900, 1900, 1900, 1900] public_ns=28800 bounds_ns=4400 execute_ns=28800 combined_ns=4400 cpp_ns=1900 source=6b0827ecdc4a539a result=3ed4b3ed28cdbf2
case op=convert-ubyte-float w=31 h=17 layout=zero-source public_raw=[74800, 75100, 75000, 75200, 85600, 75500, 74700, 74900, 75000, 74900, 75300, 75500, 76200, 75700, 89800] bounds_raw=[4500, 4500, 4400, 4600, 4700, 4500, 4400, 4400, 4400, 4400, 4500, 4400, 4500, 4400, 4700] execute_raw=[75300, 75300, 75800, 75900, 76500, 76000, 76500, 76100, 76300, 88700, 75000, 74900, 75500, 75200, 75300] combined_raw=[4500, 4500, 4400, 4400, 4600, 4600, 4400, 4400, 4400, 4500, 4400, 4400, 4500, 4400, 4500] cpp_raw=[300, 300, 300, 300, 300, 300, 300, 300, 300, 300, 300, 300, 300, 300, 300] public_ns=75200 bounds_ns=4500 execute_ns=75800 combined_ns=4400 cpp_ns=300 source=53e35892b0900a36 result=7db46195730ddc8f
case op=copy-ubyte w=256 h=128 layout=contiguous public_raw=[700, 900, 700, 600, 700, 600, 700, 600, 700, 600, 900, 600, 700, 600, 600] bounds_raw=[700, 600, 800, 700, 600, 600, 800, 900, 600, 800, 700, 800, 700, 600, 600] execute_raw=[600, 600, 800, 700, 600, 600, 800, 600, 700, 900, 700, 700, 600, 700, 700] combined_raw=[600, 4800, 700, 600, 700, 88500, 700, 700, 800, 700, 700, 600, 800, 700, 700] cpp_raw=[700, 700, 700, 700, 700, 900, 700, 1000, 700, 700, 900, 700, 700, 700, 700] public_ns=700 bounds_ns=700 execute_ns=700 combined_ns=700 cpp_ns=700 source=e61b28efac3482a5 result=19f1026d069dd2bd
case op=copy-float w=256 h=128 layout=contiguous public_raw=[2400, 2400, 2400, 2700, 2400, 2500, 2600, 2300, 2500, 2500, 2900, 2500, 2300, 2500, 2300] bounds_raw=[2700, 2400, 2400, 2800, 2300, 2400, 2800, 2400, 2400, 2300, 2500, 2300, 2600, 2400, 2300] execute_raw=[2400, 2300, 2800, 2500, 2400, 2400, 2300, 2600, 2400, 2600, 2600, 2300, 2400, 2400, 2300] combined_raw=[2600, 2300, 2400, 2300, 2400, 2400, 2300, 2600, 2300, 2500, 2400, 2300, 2400, 2300, 2400] cpp_raw=[2600, 2300, 2300, 5300, 2300, 2300, 2800, 2300, 2300, 2300, 2300, 2300, 2200, 2300, 2400] public_ns=2500 bounds_ns=2400 execute_ns=2400 combined_ns=2400 cpp_ns=2300 source=94c035f8504217ab result=e20bab30ff99efbd
case op=copy-Pod w=256 h=128 layout=contiguous public_raw=[4900, 5600, 5500, 5100, 5300, 4800, 5500, 15000, 11800, 5700, 6200, 6100, 5400, 5800, 5100] bounds_raw=[5400, 5900, 4900, 5800, 9100, 6200, 5700, 6200, 6200, 5400, 5300, 5600, 5000, 5200, 4900] execute_raw=[5200, 5600, 5200, 4900, 5900, 5500, 4900, 4900, 8400, 5800, 5300, 5200, 5200, 5500, 5300] combined_raw=[6100, 6200, 6200, 5800, 5800, 5900, 5800, 17500, 8200, 5300, 6600, 6100, 5900, 5800, 5400] cpp_raw=[5000, 5300, 5000, 4900, 5000, 4800, 5100, 4900, 5400, 5300, 5700, 5400, 5200, 4700, 4900] public_ns=5500 bounds_ns=5600 execute_ns=5300 combined_ns=5900 cpp_ns=5000 source=780acdd2b0446151 result=3e08e0fcd50e93b1
case op=convert-ubyte-float w=256 h=128 layout=contiguous public_raw=[187300, 186800, 186800, 186900, 201100, 198100, 186800, 187100, 186900, 186800, 186800, 198200, 186700, 187100, 208700] bounds_raw=[208300, 208000, 186800, 186900, 186900, 418300, 186900, 207000, 203400, 186700, 186700, 194900, 201300, 186800, 192600] execute_raw=[18300, 26700, 17900, 18000, 17900, 18300, 18100, 18200, 18100, 18000, 18000, 18000, 18000, 18000, 18100] combined_raw=[18100, 18000, 17900, 18000, 18000, 18100, 18000, 18100, 18100, 18100, 17900, 18000, 18000, 18100, 18000] cpp_raw=[3000, 3000, 3000, 2800, 2800, 3100, 3000, 3100, 3000, 3000, 3000, 3000, 3100, 3000, 3000] public_ns=186900 bounds_ns=192600 execute_ns=18000 combined_ns=18000 cpp_ns=3000 source=e61b28efac3482a5 result=8edc22d932e14fbd
case op=copy-ubyte w=256 h=128 layout=padded public_raw=[5474500, 6695100, 5550200, 5650800, 7480500, 5562600, 5530300, 5524400, 7541300, 5515000, 5760300, 5521400, 5636500, 5831000, 5722500] bounds_raw=[267100, 255700, 256400, 261000, 1422100, 284500, 260600, 256500, 256400, 256100, 257000, 260500, 266300, 307200, 258100] execute_raw=[5501800, 5155800, 5397300, 5337800, 5437900, 5678900, 5278200, 5388100, 5725400, 5426000, 5289600, 5445100, 5429800, 5166500, 7305100] combined_raw=[3100, 2900, 3700, 2200, 3600, 2900, 2400, 3600, 2400, 2800, 2400, 2400, 2700, 2200, 3800] cpp_raw=[1300, 1300, 1400, 1400, 900, 1700, 900, 1400, 800, 1600, 1400, 1000, 1500, 900, 1000] public_ns=5636500 bounds_ns=260500 execute_ns=5426000 combined_ns=2800 cpp_ns=1300 source=e5a18b0018a9faa5 result=d702cf3fb5e29e3d
case op=copy-float w=256 h=128 layout=padded public_raw=[5688000, 6340000, 5704400, 5515200, 5616400, 5449600, 5530600, 5598100, 5756000, 5435600, 6181700, 5564600, 5494400, 5632600, 6251300] bounds_raw=[270900, 268300, 294300, 305300, 269300, 270000, 279400, 259900, 268800, 270800, 265400, 318000, 272800, 269600, 269000] execute_raw=[5346700, 5453900, 5554500, 5341900, 5341100, 5882900, 5258500, 5315500, 5711800, 5346900, 5311100, 5352500, 5235300, 5335900, 8519100] combined_raw=[3400, 4400, 4600, 3700, 5100, 4700, 3300, 5000, 3400, 5100, 3900, 3700, 4300, 3200, 5200] cpp_raw=[3000, 3600, 3300, 3500, 3500, 3700, 2500, 3700, 3200, 3100, 3200, 2700, 2900, 3000, 3200] public_ns=5616400 bounds_ns=270000 execute_ns=5346700 combined_ns=4300 cpp_ns=3200 source=36662a215b68a60b result=bf1783c6025d513d
case op=copy-Pod w=256 h=128 layout=padded public_raw=[5522900, 7293900, 6013800, 5821800, 5936100, 5609400, 5613900, 5451100, 7705100, 5890700, 7029800, 5795500, 5510400, 5726000, 5672400] bounds_raw=[262500, 261900, 264400, 264600, 299200, 279800, 261600, 277600, 264200, 262900, 262100, 302800, 277900, 277900, 264500] execute_raw=[5522000, 5301700, 6195700, 6244500, 5433500, 8751300, 5815000, 5564900, 5416200, 6022500, 5335300, 5344700, 5696800, 5223600, 6181700] combined_raw=[8000, 7200, 9100, 7300, 8800, 8500, 8900, 8300, 6700, 8200, 8300, 9100, 12600, 7200, 8100] cpp_raw=[6000, 6500, 6800, 7300, 6200, 6800, 7400, 5800, 6400, 6300, 6100, 5800, 6700, 5800, 5900] public_ns=5795500 bounds_ns=264500 execute_ns=5564900 combined_ns=8300 cpp_ns=6300 source=49f9223bca7c6711 result=6d7da255f160ecf1
case op=convert-ubyte-float w=256 h=128 layout=padded public_raw=[31230100, 29612100, 31118700, 28584200, 29945100, 30246100, 35826400, 29076200, 29633300, 28994800, 32308700, 30774800, 31456300, 30554900, 31444400] bounds_raw=[267100, 307700, 336900, 288800, 268400, 269800, 518900, 486000, 270200, 374600, 294600, 267700, 485300, 296700, 269700] execute_raw=[30363100, 30182100, 29287900, 32160500, 37053700, 29667600, 29493200, 30476600, 31472100, 30230200, 28126100, 30084200, 33780900, 34519600, 31581500] combined_raw=[21400, 21000, 42300, 19800, 21100, 20900, 21500, 21600, 19900, 21600, 21100, 21200, 21500, 3674600, 21500] cpp_raw=[3400, 2900, 3000, 3200, 3000, 2900, 3000, 3100, 3000, 3300, 3000, 3300, 2900, 5100, 3400] public_ns=30554900 bounds_ns=294600 execute_ns=30363100 combined_ns=21400 cpp_ns=3000 source=e5a18b0018a9faa5 result=8d94738f899eb13d
case op=copy-ubyte w=256 h=128 layout=negative-source public_raw=[5536600, 6057000, 7414500, 9591300, 6379800, 5479600, 7664200, 5833100, 6023300, 5613300, 5987500, 5701200, 5896100, 6127400, 5585700] bounds_raw=[309100, 314500, 257200, 278500, 325600, 255800, 358200, 256000, 306900, 269100, 256000, 260500, 256900, 311700, 312800] execute_raw=[5840700, 5380800, 5930300, 7461600, 5259800, 5603300, 5349100, 5323500, 5331400, 5941100, 5274900, 5927300, 5392000, 5334100, 5656800] combined_raw=[3500, 2900, 3400, 2300, 3400, 3000, 2600, 4000, 2700, 2800, 2700, 2600, 3000, 2600, 3000] cpp_raw=[1600, 800, 1900, 1400, 2100, 1500, 1000, 1400, 900, 1300, 1900, 1300, 1000, 20500, 1300] public_ns=5987500 bounds_ns=278500 execute_ns=5392000 combined_ns=2900 cpp_ns=1400 source=e5a18b0018a9faa5 result=d702cf3fb5e29e3d
case op=copy-float w=256 h=128 layout=negative-source public_raw=[6342400, 6002200, 5900300, 6685600, 5704500, 6444600, 5909900, 6100800, 6139000, 5478400, 7132000, 6393600, 5691900, 6349400, 6369200] bounds_raw=[276100, 270300, 280300, 284600, 330800, 464400, 270100, 267700, 269200, 272100, 289000, 351100, 268000, 300900, 271300] execute_raw=[5865200, 5488400, 5811600, 6005100, 5565300, 5708400, 5298700, 5480900, 6432300, 6134900, 5513600, 5789600, 5661300, 5473700, 5855100] combined_raw=[4200, 4000, 4300, 3400, 5200, 5200, 3400, 4300, 3000, 5800, 3500, 4800, 6300, 3000, 4200] cpp_raw=[3600, 2900, 3200, 2800, 4600, 3800, 2600, 3300, 4000, 3900, 3200, 3300, 3200, 2700, 3500] public_ns=6139000 bounds_ns=276100 execute_ns=5708400 combined_ns=4200 cpp_ns=3300 source=36662a215b68a60b result=bf1783c6025d513d
case op=copy-Pod w=256 h=128 layout=negative-source public_raw=[6243100, 6949500, 5892700, 6182500, 6895800, 6289100, 6313600, 7000800, 5844500, 10229700, 6370600, 7180400, 13070000, 6816700, 5884300] bounds_raw=[284500, 340400, 264000, 289700, 263400, 395100, 265100, 277200, 265900, 266400, 263100, 559700, 2282200, 264600, 263500] execute_raw=[6598900, 5547500, 5918900, 5822800, 6679200, 5700400, 5848100, 5985000, 7449800, 5480400, 5525000, 7346100, 6440800, 7121300, 5606900] combined_raw=[10000, 10100, 8300, 7900, 12800, 9700, 8100, 9800, 10000, 8900, 7100, 10100, 23400, 7800, 12300] cpp_raw=[6600, 7300, 6800, 8300, 16100, 5600, 6700, 7900, 8300, 13300, 6400, 6600, 8200, 9600, 8000] public_ns=6370600 bounds_ns=266400 execute_ns=5918900 combined_ns=9800 cpp_ns=7900 source=7247388808cf2711 result=6d7da255f160ecf1
case op=convert-ubyte-float w=256 h=128 layout=negative-source public_raw=[31376300, 35253000, 30365600, 35785100, 37143800, 32907100, 32286000, 32893400, 37635300, 32212000, 29355800, 29311100, 30117100, 30301200, 27764800] bounds_raw=[284300, 269100, 443800, 273400, 614800, 318900, 309300, 300300, 273600, 277900, 1102600, 269400, 333000, 300500, 291300] execute_raw=[30888900, 30556400, 36402000, 30070000, 30565400, 32044900, 35425500, 30633000, 29970600, 31292600, 29405900, 31263000, 32013600, 30245100, 28690100] combined_raw=[21600, 21900, 21700, 24000, 21300, 22300, 29800, 21200, 22200, 21600, 21200, 21500, 21700, 20000, 21900] cpp_raw=[3000, 3000, 3500, 3500, 3400, 3400, 2900, 3300, 3300, 3600, 3400, 3000, 3100, 3500, 3800] public_ns=32212000 bounds_ns=300300 execute_ns=30633000 combined_ns=21700 cpp_ns=3400 source=e5a18b0018a9faa5 result=8d94738f899eb13d
case op=copy-ubyte w=256 h=128 layout=negative-both public_raw=[5528600, 6035100, 5462100, 5517800, 5853700, 6277200, 5719400, 5637500, 5636900, 5496000, 6549200, 5896400, 5827000, 5949700, 6115400] bounds_raw=[309700, 261700, 259300, 255400, 257000, 255900, 282600, 339000, 271000, 255900, 255300, 272000, 263500, 308100, 262500] execute_raw=[6731100, 5544600, 5430500, 5197600, 5686200, 5356000, 5704900, 5572500, 5268100, 6034800, 12303100, 17444300, 5425300, 5650300, 5627900] combined_raw=[3200, 3200, 4100, 2300, 3000, 3100, 2700, 3900, 2500, 3500, 4300, 3900, 3300, 2600, 3100] cpp_raw=[1200, 800, 1500, 800, 1200, 1700, 1300, 1100, 1300, 1300, 2300, 2100, 1300, 900, 1200] public_ns=5827000 bounds_ns=262500 execute_ns=5627900 combined_ns=3200 cpp_ns=1300 source=e5a18b0018a9faa5 result=d702cf3fb5e29e3d
case op=copy-float w=256 h=128 layout=negative-both public_raw=[5502500, 6474600, 5839900, 5620900, 7549100, 5603000, 7132500, 6328900, 7334900, 6044200, 5798400, 5911500, 6049700, 5728300, 5458300] bounds_raw=[269100, 269200, 294900, 263700, 524000, 329000, 285100, 352000, 270900, 534000, 269700, 313400, 300000, 290100, 404900] execute_raw=[7024200, 7207500, 5259100, 6324900, 6805300, 5433500, 6009900, 6290800, 6440700, 6112900, 5528600, 6197400, 6098100, 5877300, 6804200] combined_raw=[4800, 6500, 4400, 3200, 4700, 3800, 4800, 5300, 3900, 5400, 4000, 4000, 4300, 3300, 5400] cpp_raw=[4800, 3900, 3000, 3300, 3500, 3800, 3100, 3800, 3700, 3200, 3800, 3100, 3600, 3300, 3000] public_ns=5911500 bounds_ns=294900 execute_ns=6197400 combined_ns=4400 cpp_ns=3500 source=36662a215b68a60b result=bf1783c6025d513d
case op=copy-Pod w=256 h=128 layout=negative-both public_raw=[6938200, 6202300, 5850200, 5706900, 5571500, 6670800, 5571600, 5595400, 9748900, 5887100, 5798100, 6057500, 6089400, 6161100, 5676700] bounds_raw=[263600, 262100, 264400, 262400, 262900, 266400, 262500, 262800, 263700, 281300, 263500, 287800, 263000, 275900, 264000] execute_raw=[5445100, 5588800, 7663500, 9821800, 5809400, 5469900, 5784900, 5487300, 5692600, 5422600, 5726500, 5843600, 6316100, 6175000, 5460000] combined_raw=[9700, 8000, 9700, 6100, 8000, 7300, 6900, 7600, 7600, 6400, 8300, 8200, 8400, 7600, 7400] cpp_raw=[10900, 6000, 8200, 5900, 6500, 5900, 6600, 5700, 5700, 5700, 6400, 6600, 7900, 5900, 7100] public_ns=5887100 bounds_ns=263600 execute_ns=5726500 combined_ns=7600 cpp_ns=6400 source=7247388808cf2711 result=9cc58c133fed2cf1
case op=convert-ubyte-float w=256 h=128 layout=negative-both public_raw=[30244600, 31653200, 37964500, 30489500, 34994900, 34384300, 32434700, 28844000, 27880300, 28583200, 30764800, 29611900, 28893100, 32104700, 30812800] bounds_raw=[296200, 271200, 292600, 270800, 284400, 270900, 270700, 304500, 267700, 267600, 273300, 269700, 362300, 297600, 323000] execute_raw=[30740800, 31299500, 35289300, 29940300, 34059900, 30248100, 32060900, 29747200, 28971800, 29522700, 29435200, 29185100, 29228500, 27849300, 33934300] combined_raw=[21200, 21300, 41500, 20600, 21700, 21300, 21700, 21400, 20100, 21300, 21600, 22700, 21500, 19700, 21800] cpp_raw=[3400, 3000, 3000, 3100, 3600, 3600, 3400, 3600, 3200, 3400, 3200, 3500, 3000, 3000, 3700] public_ns=30764800 bounds_ns=273300 execute_ns=29940300 combined_ns=21400 cpp_ns=3400 source=e5a18b0018a9faa5 result=8d94738f899eb13d
case op=copy-ubyte w=256 h=128 layout=universal public_raw=[5842700, 6446600, 7226100, 8823300, 9666700, 5558600, 5671000, 5600700, 5523400, 5445000, 5418800, 5678400, 5491300, 5405500, 5503300] bounds_raw=[255900, 470800, 321200, 264700, 263900, 256000, 262200, 261400, 261800, 279500, 257000, 260800, 256600, 255800, 255300] execute_raw=[5609700, 5549100, 6145600, 8046200, 5628300, 5493800, 5833200, 6099000, 5735800, 5501800, 5742000, 5885000, 5590500, 5474500, 5602800] combined_raw=[262300, 273200, 282500, 257900, 271900, 285200, 262000, 386700, 261300, 266500, 262700, 273600, 257800, 261100, 274200] cpp_raw=[98700, 98300, 98900, 120800, 112000, 122900, 98400, 98700, 98200, 98500, 98600, 98900, 98400, 98300, 98300] public_ns=5600700 bounds_ns=261400 execute_ns=5628300 combined_ns=266500 cpp_ns=98600 source=2ca74caf843b767b result=186aee41ab7388cf
case op=copy-float w=256 h=128 layout=universal public_raw=[5783300, 5733500, 5455200, 5551100, 5488900, 5529900, 5820500, 5889600, 5520600, 5853900, 5621800, 5872200, 5578400, 5541300, 8160900] bounds_raw=[267400, 265100, 268700, 349100, 267500, 261700, 262700, 293200, 269700, 267000, 268200, 267400, 270800, 325000, 308600] execute_raw=[5897200, 5759300, 5588100, 6051500, 5596900, 5570600, 5498300, 5580600, 5723800, 5679700, 5608500, 5696500, 5567600, 5726300, 5789200] combined_raw=[268000, 302000, 265800, 276700, 284000, 284700, 289400, 438800, 272600, 319400, 270400, 281800, 269000, 313200, 309000] cpp_raw=[208500, 107300, 107500, 107100, 107800, 107200, 107200, 107400, 107400, 107300, 107800, 107400, 107700, 107400, 227600] public_ns=5621800 bounds_ns=268200 execute_ns=5679700 combined_ns=284000 cpp_ns=107400 source=2602f36fdf024e48 result=a35a34c9a114294f
case op=copy-Pod w=256 h=128 layout=universal public_raw=[5461400, 6563000, 6212100, 5568400, 7196700, 9389800, 6379400, 5717000, 5642800, 6018000, 6022400, 6126600, 5636100, 5654900, 5782100] bounds_raw=[266400, 263100, 263900, 263100, 266500, 265300, 321900, 264800, 264700, 265200, 263900, 387900, 266900, 381200, 371000] execute_raw=[5610900, 6730000, 5855100, 5841900, 6746100, 5646200, 6019400, 6095700, 5602700, 6411600, 5651400, 5968200, 5731000, 5846500, 5608700] combined_raw=[315300, 275300, 277500, 307700, 269500, 324200, 270900, 286900, 268700, 271600, 290100, 288900, 450600, 287500, 270300] cpp_raw=[107700, 108100, 198600, 189900, 108200, 340600, 108800, 109600, 122000, 111400, 109300, 109600, 108000, 107900, 108400] public_ns=6018000 bounds_ns=265300 execute_ns=5846500 combined_ns=286900 cpp_ns=109300 source=e9e6a4e830f5d812 result=65aae9126466d5ba
case op=convert-ubyte-float w=256 h=128 layout=universal public_raw=[16214600, 16810600, 19015400, 22429500, 17677100, 17648500, 19961400, 16241800, 16544100, 17835900, 27433600, 18043600, 18712200, 16967300, 16221400] bounds_raw=[281600, 478700, 270800, 475100, 457300, 269000, 268200, 291200, 278800, 271600, 714100, 464900, 335800, 297700, 278100] execute_raw=[16860100, 18871600, 17158100, 18183900, 19002200, 16741100, 17951500, 18330600, 17044800, 18569200, 22410100, 18351400, 21720500, 23098200, 15896400] combined_raw=[269700, 269600, 274300, 359900, 268900, 268200, 297700, 340100, 269200, 284600, 543400, 280100, 281600, 298200, 318400] cpp_raw=[29300, 18200, 18300, 177900, 18500, 18200, 18200, 18300, 18200, 18400, 64400, 18200, 18200, 18300, 18200] public_ns=17677100 bounds_ns=291200 execute_ns=18330600 combined_ns=281600 cpp_ns=18300 source=2ca74caf843b767b result=9981b35893e1a94f
case op=copy-ubyte w=256 h=128 layout=universal-negative public_raw=[5832300, 5624900, 5687100, 5878100, 5765700, 7853600, 5774300, 5699400, 5840700, 5916000, 6505600, 5854400, 5738300, 5579000, 5823000] bounds_raw=[260800, 260500, 255600, 331200, 308100, 390200, 354300, 263200, 329200, 261200, 298900, 261500, 256700, 395800, 307900] execute_raw=[5595200, 7270800, 5803600, 5641300, 5906400, 6239100, 6079300, 5785600, 5838200, 6838800, 5919100, 5896100, 6087600, 5875300, 5689600] combined_raw=[262500, 262000, 260600, 275500, 281000, 322500, 269100, 281400, 263300, 263000, 265400, 293800, 287000, 299100, 261200] cpp_raw=[110200, 98500, 98900, 98300, 110700, 118500, 98600, 98300, 98600, 98800, 134700, 133600, 98400, 98300, 98300] public_ns=5823000 bounds_ns=298900 execute_ns=5896100 combined_ns=269100 cpp_ns=98600 source=aee6fc6fec93767b result=e78d431e19cc88cf
case op=copy-float w=256 h=128 layout=universal-negative public_raw=[6114600, 5809100, 5828800, 5754800, 5838800, 6121100, 5876900, 5449900, 5458700, 5518700, 5521200, 5676100, 5946700, 5753600, 7618100] bounds_raw=[267700, 265000, 267400, 284200, 267200, 352900, 267200, 271700, 265100, 279000, 288600, 276700, 269700, 283000, 302500] execute_raw=[5936900, 5712000, 5771600, 5664200, 5463700, 5682700, 5606800, 5564500, 5533200, 5729200, 5771400, 5584400, 5732600, 5538500, 5834500] combined_raw=[266200, 279600, 277600, 274500, 367700, 266800, 282300, 265900, 365300, 268200, 266600, 264000, 272800, 303000, 268500] cpp_raw=[109200, 107400, 107100, 265000, 107300, 129000, 107300, 107300, 107200, 107100, 107700, 132800, 107700, 107200, 247700] public_ns=5809100 bounds_ns=271700 execute_ns=5682700 combined_ns=272800 cpp_ns=107400 source=a257b6291ff8ce48 result=6438f003893e294f
case op=copy-Pod w=256 h=128 layout=universal-negative public_raw=[6002600, 5593600, 6091800, 5959600, 8263800, 7459600, 5712500, 5927900, 5972700, 5856600, 5942500, 6385900, 5764000, 6308000, 5658700] bounds_raw=[264200, 331400, 265900, 265000, 266300, 265000, 265000, 264800, 265200, 351200, 341700, 264800, 316700, 264300, 268100] execute_raw=[6219000, 5894800, 5922300, 5780300, 5734000, 5952800, 5691400, 5552200, 9420300, 5986300, 5975700, 5686600, 6100300, 5959400, 6195900] combined_raw=[364700, 332700, 268800, 337300, 276400, 354200, 269800, 285400, 363000, 324200, 272700, 334800, 272000, 279000, 271100] cpp_raw=[107800, 107700, 128400, 193900, 107300, 107700, 107500, 107700, 108500, 107800, 107700, 107400, 107700, 110000, 107900] public_ns=5959600 bounds_ns=265200 execute_ns=5952800 combined_ns=285400 cpp_ns=107700 source=9d3846764beed812 result=da53e1b7f4d855ba
case op=convert-ubyte-float w=256 h=128 layout=universal-negative public_raw=[18623900, 19606400, 19832300, 17365500, 20341400, 18764700, 18554400, 19013300, 18280500, 18189900, 21411700, 17471000, 19410400, 19078600, 18514200] bounds_raw=[273900, 269400, 308300, 292900, 286600, 284900, 269400, 272500, 279300, 283800, 305200, 327800, 281200, 314400, 419100] execute_raw=[17311000, 18423500, 21062600, 19097800, 19540100, 19012400, 19347800, 18968300, 18907300, 19858000, 17879000, 18633100, 18034900, 18734600, 18405600] combined_raw=[270700, 289700, 303300, 290900, 268500, 699900, 371900, 269700, 267200, 270200, 271500, 331300, 269100, 272500, 297100] cpp_raw=[19000, 18300, 18400, 18300, 18400, 18500, 18500, 18400, 18600, 18200, 18200, 18200, 18300, 18200, 18400] public_ns=18764700 bounds_ns=284900 execute_ns=18907300 combined_ns=272500 cpp_ns=18400 source=aee6fc6fec93767b result=b595bddcda97a94f
case op=copy-ubyte w=256 h=128 layout=repeated-source public_raw=[6752900, 6644100, 5802900, 5826300, 6111000, 6044400, 6545600, 5589900, 5681200, 5955200, 6002000, 6004600, 5996400, 6306100, 6618500] bounds_raw=[256200, 263200, 268000, 304700, 266400, 256900, 260300, 261800, 286800, 329800, 262000, 266500, 257000, 296200, 528500] execute_raw=[12455200, 10903300, 6553900, 6144200, 6166100, 6008900, 5813900, 5708500, 5541000, 5964100, 5543000, 5746800, 5619200, 6679700, 6310700] combined_raw=[3700, 3700, 3100, 2500, 2800, 2800, 2600, 3100, 2600, 2700, 2500, 2600, 2600, 2200, 3000] cpp_raw=[1700, 1300, 1300, 800, 1000, 1200, 900, 900, 600, 1000, 1100, 1000, 1200, 1000, 1300] public_ns=6004600 bounds_ns=266400 execute_ns=6008900 combined_ns=2700 cpp_ns=1000 source=b801a0f8ceb910a5 result=d702cf3fb5e29e3d
case op=copy-float w=256 h=128 layout=repeated-source public_raw=[6698700, 5791600, 6198600, 5540400, 5918400, 6334100, 6085500, 5931300, 6477900, 6518600, 5906100, 7215400, 5750300, 6293700, 6903500] bounds_raw=[298700, 260000, 334700, 264400, 268800, 422500, 329900, 290900, 293800, 295900, 285500, 264200, 266400, 265400, 517400] execute_raw=[6202400, 5605700, 5522300, 5716600, 5922600, 5537000, 8882800, 5698100, 5696700, 5520500, 5466000, 5908600, 6586000, 5695700, 5634400] combined_raw=[3600, 3400, 3700, 3500, 4000, 3400, 4000, 3600, 3100, 3500, 3500, 3700, 4000, 3200, 3600] cpp_raw=[2300, 2400, 2800, 2600, 2400, 2800, 2900, 2600, 2400, 2400, 2500, 2500, 2300, 2300, 2300] public_ns=6198600 bounds_ns=290900 execute_ns=5696700 combined_ns=3600 cpp_ns=2400 source=2ab4dac9ab1576eb result=bf1783c6025d513d
case op=copy-Pod w=256 h=128 layout=repeated-source public_raw=[5449700, 6571300, 5667100, 5402700, 5379200, 5378700, 5535000, 5788500, 5719200, 5735800, 6020000, 5456300, 5591000, 6075100, 5543200] bounds_raw=[277600, 288600, 316400, 274400, 261400, 287000, 367200, 261900, 262800, 300400, 262300, 261000, 325600, 260800, 286400] execute_raw=[5270600, 5506800, 5499800, 5406900, 5228000, 5741300, 5592200, 5240300, 5672900, 5543000, 5430900, 5184600, 5404000, 5399700, 5593700] combined_raw=[4800, 4500, 4800, 4200, 4900, 5200, 4500, 4700, 4500, 4700, 4900, 4400, 4800, 6500, 4800] cpp_raw=[3300, 3200, 3600, 3300, 3500, 3500, 3400, 3000, 3300, 3500, 3500, 3200, 3300, 3800, 3300] public_ns=5591000 bounds_ns=277600 execute_ns=5430900 combined_ns=4800 cpp_ns=3300 source=eeeb850fb0e39951 result=fb16e77c4b15ecf1
case op=convert-ubyte-float w=256 h=128 layout=repeated-source public_raw=[31095400, 28530600, 30634800, 30945500, 30614000, 30587100, 28959700, 28848200, 28182700, 29409400, 27807200, 28159900, 27819800, 27573100, 27941600] bounds_raw=[285100, 267600, 274900, 275900, 271500, 312500, 283600, 281600, 352100, 302900, 273800, 287000, 271400, 326500, 523700] execute_raw=[28695500, 27782100, 28246200, 28406800, 28666400, 29088500, 28701300, 30437900, 28771400, 30905400, 27542100, 27126200, 27553100, 37741000, 32016200] combined_raw=[20300, 19900, 20800, 19700, 20400, 20900, 37100, 43300, 19600, 21200, 20600, 20400, 21100, 20100, 21100] cpp_raw=[3400, 3000, 3300, 3500, 2900, 3400, 3200, 3000, 3400, 3400, 3300, 3300, 3300, 3400, 3300] public_ns=28848200 bounds_ns=283600 execute_ns=28695500 combined_ns=20600 cpp_ns=3300 source=b801a0f8ceb910a5 result=8d94738f899eb13d
case op=copy-ubyte w=256 h=128 layout=zero-source public_raw=[1670000, 1668200, 1730000, 1648100, 1692100, 1653600, 1674000, 1668600, 1760500, 1883700, 1667100, 1650400, 1656400, 2420200, 1865200] bounds_raw=[305900, 274100, 260700, 271500, 271200, 259900, 499400, 260700, 260800, 255900, 261000, 260600, 257400, 266200, 262500] execute_raw=[1694100, 1656800, 1700400, 1644500, 1882100, 1826600, 1719800, 1656700, 1676300, 1792100, 1735300, 1674300, 1658300, 1790700, 1840400] combined_raw=[260100, 272500, 297200, 313900, 299300, 363900, 262300, 271400, 277800, 258500, 260900, 263000, 318100, 813200, 271100] cpp_raw=[98300, 98300, 98300, 98300, 98200, 98400, 143300, 98200, 98200, 111900, 98300, 98200, 98200, 98400, 147800] public_ns=1670000 bounds_ns=261000 execute_ns=1700400 combined_ns=272500 cpp_ns=98300 source=ea3b47c803d61b61 result=805f2b0ca3e19e3d
case op=copy-float w=256 h=128 layout=zero-source public_raw=[1641900, 1709800, 1728600, 1646900, 2123700, 1842000, 2102400, 2013600, 1993700, 1916000, 2109800, 1917900, 1773500, 1773500, 1727100] bounds_raw=[280300, 268200, 1212000, 532700, 268300, 269200, 358200, 269000, 329500, 277300, 339000, 267200, 403800, 328200, 263800] execute_raw=[1668600, 1696300, 2295300, 2341800, 1778900, 1667300, 1817700, 2649000, 1662300, 2765500, 1973900, 1851100, 1834000, 1711400, 1737900] combined_raw=[268300, 277100, 379200, 361300, 280300, 265700, 268200, 277600, 279200, 266700, 265400, 265800, 439000, 344300, 333900] cpp_raw=[107000, 110500, 107600, 107300, 107100, 107200, 107100, 107300, 107200, 242900, 107200, 127100, 107100, 107300, 127600] public_ns=1842000 bounds_ns=280300 execute_ns=1817700 combined_ns=277600 cpp_ns=107300 source=3ee659a586185a17 result=d3a2f65955b6b13d
case op=copy-Pod w=256 h=128 layout=zero-source public_raw=[1770200, 1631700, 1671300, 1654400, 1716300, 1701600, 1759600, 1724200, 1657700, 1655800, 1776600, 1654700, 1663700, 1895000, 1715000] bounds_raw=[261300, 261500, 261800, 307200, 303300, 261500, 263200, 263200, 260800, 278600, 262800, 275800, 276100, 329100, 275600] execute_raw=[1719000, 1654900, 1705500, 1783100, 1679300, 1707700, 1716000, 1646400, 1794200, 1696800, 1664300, 1676800, 1673200, 1655600, 1884400] combined_raw=[322600, 270900, 306200, 323000, 267200, 272700, 294100, 269800, 279800, 279500, 310200, 270500, 265700, 266700, 324600] cpp_raw=[136400, 107200, 129500, 107100, 107400, 107100, 107300, 169600, 216900, 107200, 107200, 107200, 107400, 118500, 107000] public_ns=1701600 bounds_ns=263200 execute_ns=1696800 combined_ns=279500 cpp_ns=107300 source=52489578602bbe06 result=ef186d4d74d56cf1
case op=convert-ubyte-float w=256 h=128 layout=zero-source public_raw=[7397600, 4612500, 4785500, 4515600, 4525000, 5025900, 4399500, 5927500, 4432500, 4404500, 4742100, 4455300, 4570800, 4541100, 4835300] bounds_raw=[268200, 271300, 266700, 270100, 267700, 279900, 271100, 269800, 272300, 269800, 270300, 267400, 266700, 268900, 336200] execute_raw=[6212200, 4502200, 4724600, 4834100, 4465600, 4683300, 5437300, 5946300, 4485700, 4684500, 4580500, 4556000, 4674100, 4462000, 4738300] combined_raw=[282100, 269800, 268800, 279200, 280100, 264800, 265100, 321100, 265800, 301500, 264800, 268100, 275200, 365000, 265100] cpp_raw=[18400, 18100, 18500, 18200, 18200, 42900, 18400, 18300, 18200, 18300, 18200, 18100, 18200, 18200, 18400] public_ns=4570800 bounds_ns=269800 execute_ns=4683300 combined_ns=269800 cpp_ns=18200 source=ea3b47c803d61b61 result=fb8549580c3ab13d
case op=copy-ubyte w=2048 h=512 layout=contiguous public_raw=[27800, 24400, 23200, 31500, 24300, 27100, 25200, 24300, 27500, 24600, 39300, 24300, 30300, 34500, 29300] bounds_raw=[28800, 25800, 26000, 27000, 28400, 26700, 24300, 25500, 28600, 23400, 24100, 23700, 28000, 24900, 31900] execute_raw=[31700, 23200, 23800, 25100, 27200, 26000, 24000, 25900, 24200, 23800, 24100, 44400, 26300, 25800, 47500] combined_raw=[26700, 24800, 24800, 26600, 27000, 24800, 24600, 25300, 23300, 43100, 24400, 40000, 24700, 23300, 26900] cpp_raw=[31000, 33500, 29700, 33000, 29900, 32200, 29100, 29300, 30400, 30200, 29000, 34900, 60200, 36000, 32400] public_ns=27100 bounds_ns=26000 execute_ns=25800 combined_ns=24800 cpp_ns=31000 source=2330a0f18d4d82a5 result=80d2fb93a399d2bd
case op=copy-float w=2048 h=512 layout=contiguous public_raw=[130100, 139400, 143900, 119800, 123500, 235200, 125000, 171100, 120500, 134000, 117900, 134500, 161600, 153800, 174700] bounds_raw=[119200, 129200, 270700, 133800, 216200, 185400, 131800, 193000, 170400, 236100, 114200, 111600, 163400, 134500, 171500] execute_raw=[292000, 123100, 146600, 208300, 130700, 124200, 138400, 130800, 131300, 172500, 119000, 114300, 142800, 123200, 156400] combined_raw=[151700, 189500, 141200, 140500, 369300, 118400, 159700, 174600, 200700, 149700, 138300, 112800, 125200, 119900, 132100] cpp_raw=[166600, 145100, 166300, 125800, 118100, 140300, 173100, 138200, 124600, 209300, 109400, 111000, 160300, 147600, 156500] public_ns=134500 bounds_ns=163400 execute_ns=131300 combined_ns=141200 cpp_ns=145100 source=13b5de7322d2f7ab result=d89816c09b0f4fbd
case op=copy-Pod w=2048 h=512 layout=contiguous public_raw=[495000, 467700, 432500, 458700, 543800, 946400, 458200, 726500, 439000, 620300, 442500, 461700, 638100, 811000, 471300] bounds_raw=[611600, 436700, 508700, 888200, 471100, 610700, 588300, 598300, 435500, 629100, 467100, 458700, 510300, 495500, 431700] execute_raw=[614200, 918700, 509900, 551200, 545000, 571900, 595300, 427000, 490100, 564600, 579900, 2661100, 677000, 2547000, 541200] combined_raw=[441200, 506100, 507800, 537700, 828100, 583000, 694700, 466200, 510400, 540900, 459600, 491100, 451800, 491900, 490800] cpp_raw=[413500, 417500, 476800, 405900, 547100, 526900, 483200, 627300, 525200, 466000, 458100, 518200, 615900, 416800, 492700] public_ns=471300 bounds_ns=508700 execute_ns=571900 combined_ns=506100 cpp_ns=483200 source=d8cd6555f4166151 result=59e0883c487093b1
case op=convert-ubyte-float w=2048 h=512 layout=contiguous public_raw=[6357700, 6095200, 6692000, 6081700, 6210000, 6074300, 6356300, 6767800, 9051800, 6386000, 6289400, 6568700, 6740400, 6402700, 6508400] bounds_raw=[6164500, 6748700, 6067900, 6079300, 6322000, 6371900, 6529200, 6783700, 6559000, 7107700, 6289100, 6923200, 7061100, 6323100, 7584500] execute_raw=[828300, 880800, 967900, 873100, 573200, 721700, 996800, 1106600, 1436300, 878800, 946100, 800900, 970700, 923700, 572600] combined_raw=[785700, 886200, 874100, 743400, 777800, 748500, 866100, 918200, 955700, 621600, 868600, 813600, 910100, 884900, 839300] cpp_raw=[85400, 98100, 98000, 97300, 130100, 188100, 85300, 86000, 86300, 97900, 98500, 89400, 86700, 97600, 85800] public_ns=6386000 bounds_ns=6529200 execute_ns=880800 combined_ns=866100 cpp_ns=97300 source=2330a0f18d4d82a5 result=8830660fbe034fbd
case op=copy-ubyte w=2048 h=512 layout=padded public_raw=[93827200, 96295800, 99861200, 99815100, 97020300, 99018300, 105014400, 97802600, 97744500, 105077000, 97165900, 95799300, 96889400, 100421100, 101903800] bounds_raw=[8440900, 8568500, 8348900, 8631300, 9836600, 8926300, 9041200, 8764700, 8626600, 8896200, 8861600, 8724700, 8999700, 8576500, 9327800] execute_raw=[86618400, 94813000, 92675700, 90232100, 97302800, 91418100, 100985400, 94873000, 94815300, 93498700, 91354400, 88548100, 87241300, 99929400, 93220600] combined_raw=[30000, 36200, 44400, 42000, 32900, 32100, 38500, 30500, 28700, 34600, 39900, 32000, 40900, 63200, 30100] cpp_raw=[32200, 34200, 35500, 30400, 38800, 30100, 34700, 32900, 30200, 48100, 37400, 47200, 32200, 32300, 43100] public_ns=97802600 bounds_ns=8764700 execute_ns=93220600 combined_ns=34600 cpp_ns=34200 source=ae83cf5b1e4efaa5 result=824b457e72415e3d
case op=copy-float w=2048 h=512 layout=padded public_raw=[104903200, 99443700, 108289500, 97241600, 103208800, 99182000, 109952300, 105112700, 102303200, 102629100, 103767700, 111570900, 107390800, 103605300, 99147200] bounds_raw=[9312300, 15995600, 9152700, 9180600, 12041400, 8931700, 8780100, 9473500, 9417000, 8920000, 9794600, 10424100, 10245800, 9694700, 9316000] execute_raw=[95307200, 103573500, 99432200, 95650000, 102548300, 94626900, 93220200, 98189200, 91581300, 91829000, 105206000, 106722600, 95861100, 93637200, 91296700] combined_raw=[179500, 160400, 157300, 137700, 168000, 176300, 184800, 150800, 159700, 164400, 205700, 202200, 335700, 181400, 165200] cpp_raw=[174500, 133700, 122600, 135000, 147900, 116900, 129400, 141800, 138300, 169300, 119200, 211600, 155200, 161200, 185400] public_ns=103605300 bounds_ns=9417000 execute_ns=95650000 combined_ns=168000 cpp_ns=141800 source=f707132824e3b60b result=7e1f3007cb46713d
case op=copy-Pod w=2048 h=512 layout=padded public_raw=[97383000, 100584700, 101169000, 96371400, 97273800, 103785600, 93811000, 93478300, 92952900, 108394500, 102969500, 95582200, 100282800, 94583400, 97996800] bounds_raw=[9110200, 8849100, 9377600, 9499100, 8794000, 8463100, 9139000, 9274500, 8519400, 8996700, 9643300, 9433200, 9255100, 8991400, 9333900] execute_raw=[88817000, 90530800, 101639200, 91970700, 90509000, 94933000, 93854900, 86018100, 95540200, 95705700, 99088100, 94453500, 90688100, 90854800, 93738600] combined_raw=[410000, 397800, 411100, 495900, 411400, 452500, 454800, 395500, 394900, 470100, 431700, 546700, 440200, 427900, 436500] cpp_raw=[396400, 570800, 372200, 1062000, 479000, 410000, 390100, 402000, 396300, 503300, 424500, 412900, 459700, 382700, 407500] public_ns=97383000 bounds_ns=9139000 execute_ns=93738600 combined_ns=431700 cpp_ns=410000 source=e31314711d294711 result=cd84131d95f48cf1
case op=convert-ubyte-float w=2048 h=512 layout=padded public_raw=[511616700, 492772700, 485524200, 483180700, 491554400, 477783200, 474372700, 449562400, 458565700, 463113600, 473818000, 488682100, 484313800, 486966300, 461090500] bounds_raw=[9829900, 9071800, 8740400, 9108500, 9712500, 9338000, 8898600, 9586800, 8931800, 8842500, 9465900, 9268500, 10344800, 12788500, 9186300] execute_raw=[517510900, 474888900, 492911000, 477645700, 465483800, 466587600, 477861100, 441357100, 531619600, 437130600, 471112900, 480704900, 461784700, 497682700, 467058900] combined_raw=[1184300, 898900, 784600, 1127400, 1286100, 889700, 950100, 882900, 868500, 891300, 1363700, 967500, 934100, 812900, 642800] cpp_raw=[89800, 97900, 86500, 98200, 102200, 138400, 232200, 98300, 97700, 168800, 97600, 86100, 99900, 86600, 157800] public_ns=483180700 bounds_ns=9268500 execute_ns=474888900 combined_ns=898900 cpp_ns=98200 source=ae83cf5b1e4efaa5 result=a6f0b1d68eba713d
case op=copy-ubyte w=2048 h=512 layout=negative-source public_raw=[99133300, 96354600, 106326100, 100203600, 93214400, 102399600, 100191600, 109076900, 98981600, 94191600, 99817700, 101533500, 129915300, 104173800, 101744900] bounds_raw=[11564700, 8729900, 8519900, 8919000, 8500900, 8918900, 9961900, 9751500, 9249900, 8681700, 9109100, 8829100, 9648600, 11096100, 11205200] execute_raw=[91680500, 93955000, 92655900, 90596400, 86217900, 87809600, 96711600, 92495800, 88134400, 88981200, 96672600, 86641600, 91881000, 92425000, 90810000] combined_raw=[51700, 44600, 42300, 34500, 65600, 147700, 45000, 46000, 38700, 56000, 46600, 41000, 106300, 47000, 44300] cpp_raw=[31600, 32900, 80100, 30300, 43100, 33200, 30000, 31100, 37000, 45200, 32100, 30000, 102700, 28300, 39100] public_ns=100203600 bounds_ns=9109100 execute_ns=91680500 combined_ns=46000 cpp_ns=32900 source=ae83cf5b1e4efaa5 result=824b457e72415e3d
case op=copy-float w=2048 h=512 layout=negative-source public_raw=[102074800, 99157700, 108163800, 102171100, 103765000, 97990600, 97633500, 101389400, 103788600, 104693200, 106225100, 108297800, 111109400, 100653900, 102921500] bounds_raw=[9338500, 9805300, 9689500, 9204500, 9376200, 9177200, 9428200, 9314400, 12613600, 8900900, 8982800, 9131000, 9265600, 9287400, 8903200] execute_raw=[116462400, 102316600, 99301800, 98473800, 96642000, 100509900, 101338600, 96101800, 99887900, 100403100, 100471600, 101664100, 95616200, 96201000, 92744200] combined_raw=[198000, 285100, 255600, 225400, 310800, 326700, 356100, 210900, 195300, 323000, 199900, 218600, 494000, 324500, 1113900] cpp_raw=[172600, 234300, 255000, 143400, 287100, 149400, 498600, 148800, 172400, 218900, 152200, 159300, 186900, 202900, 232900] public_ns=102921500 bounds_ns=9287400 execute_ns=99887900 combined_ns=285100 cpp_ns=186900 source=f707132824e3b60b result=7e1f3007cb46713d
case op=copy-Pod w=2048 h=512 layout=negative-source public_raw=[94086600, 98945900, 96620500, 104083400, 97722300, 101991300, 102259400, 96359800, 102025300, 107753400, 104899000, 98375400, 102558300, 95960200, 98175400] bounds_raw=[9067800, 10065300, 9150300, 9732200, 9930300, 9482300, 9208700, 9519900, 9502600, 9718800, 11308300, 9193900, 9340000, 8963600, 9133000] execute_raw=[87276600, 86540900, 89951500, 88080100, 88210400, 94210000, 90922900, 90325400, 103490000, 95566600, 97061300, 103945600, 99417300, 93429000, 89614500] combined_raw=[907400, 674700, 682400, 635900, 648800, 706100, 623800, 606300, 653300, 695500, 803900, 701600, 625400, 820900, 839400] cpp_raw=[672400, 713100, 654800, 606500, 608200, 632200, 705600, 614100, 1683300, 622400, 728800, 928000, 587200, 803900, 728200] public_ns=98945900 bounds_ns=9482300 execute_ns=90922900 combined_ns=682400 cpp_ns=672400 source=a98d88b93a2d4711 result=cd84131d95f48cf1
case op=convert-ubyte-float w=2048 h=512 layout=negative-source public_raw=[502209300, 477662100, 494283800, 479938400, 466069600, 462233500, 469785600, 473939500, 451339000, 475891600, 485297700, 513681200, 496712300, 490122000, 456937400] bounds_raw=[10189900, 9500300, 11528900, 11355700, 9256900, 9438700, 9763300, 9421200, 10762500, 9499800, 11075100, 12170800, 9445400, 10680800, 11183600] execute_raw=[482496800, 469567500, 472879200, 460754800, 447965700, 474693000, 471842400, 471126100, 442675100, 475155200, 487350800, 472042800, 495964700, 480258700, 455392400] combined_raw=[915600, 899400, 900900, 1210200, 750100, 1260100, 694800, 943900, 687300, 931700, 978200, 891200, 983500, 718300, 897700] cpp_raw=[143800, 135700, 143700, 151700, 189100, 119700, 134300, 133000, 111100, 193600, 131000, 122900, 152800, 123300, 333400] public_ns=477662100 bounds_ns=10189900 execute_ns=472042800 combined_ns=900900 cpp_ns=135700 source=ae83cf5b1e4efaa5 result=a6f0b1d68eba713d
case op=copy-ubyte w=2048 h=512 layout=negative-both public_raw=[130901400, 100403700, 99496800, 93644800, 99398400, 95934500, 95333400, 93034500, 94896800, 98466900, 95455700, 95527800, 92835200, 95945500, 92060500] bounds_raw=[11931800, 8357500, 8961700, 9003800, 9012700, 8870500, 9190900, 8669000, 8911900, 8761500, 8599100, 8557300, 8439300, 10345700, 8728600] execute_raw=[100202500, 90733700, 107312900, 94314400, 89546100, 87955400, 87870800, 86632500, 90378600, 89962500, 86939200, 85858100, 84783200, 84971600, 85849200] combined_raw=[52900, 51600, 51200, 38900, 108100, 116500, 108000, 103000, 162000, 98100, 132400, 44300, 48000, 40300, 47600] cpp_raw=[32200, 29300, 28400, 32500, 68700, 66600, 63300, 60000, 54500, 72100, 55900, 30400, 30600, 33000, 33600] public_ns=95527800 bounds_ns=8870500 execute_ns=87955400 combined_ns=52900 cpp_ns=33600 source=ae83cf5b1e4efaa5 result=824b457e72415e3d
case op=copy-float w=2048 h=512 layout=negative-both public_raw=[101740700, 95537900, 98021200, 96350000, 108535300, 104282100, 100474900, 103242400, 100821100, 99810600, 99882100, 106060000, 99518500, 103469200, 98315400] bounds_raw=[8743000, 8881800, 8989800, 8956000, 13489500, 9913900, 10270600, 11891200, 9441300, 8764600, 9782500, 8841300, 9382100, 9255700, 8889800] execute_raw=[89111600, 88000500, 90308100, 87394200, 96060800, 100280200, 96485500, 91063000, 106771000, 88091200, 97890200, 90323500, 96014100, 88819600, 90309100] combined_raw=[226100, 236700, 244500, 222800, 462600, 446900, 223000, 440400, 435500, 281600, 301900, 218900, 239800, 281900, 196500] cpp_raw=[190000, 178500, 187400, 176500, 451700, 166600, 153200, 442300, 190800, 381500, 232300, 183400, 218500, 182300, 224200] public_ns=100474900 bounds_ns=9255700 execute_ns=90323500 combined_ns=244500 cpp_ns=190000 source=f707132824e3b60b result=7e1f3007cb46713d
case op=copy-Pod w=2048 h=512 layout=negative-both public_raw=[94992700, 105487900, 96685900, 99448100, 101586400, 103797200, 98586300, 98838100, 100863500, 97651500, 96767800, 105197000, 119339100, 106866600, 100009900] bounds_raw=[9399400, 8961200, 9225600, 9245000, 9195700, 9376100, 9665900, 9003400, 12671400, 8937700, 8775000, 10429600, 10104900, 9395200, 9036300] execute_raw=[87015200, 85358200, 87100200, 88081700, 97402700, 95347600, 112789000, 93934000, 87815800, 89482600, 94176500, 96041300, 102831500, 91131700, 107452700] combined_raw=[656000, 614000, 771200, 780900, 731800, 702700, 672500, 801400, 632200, 669000, 666400, 1133100, 1138700, 880000, 699000] cpp_raw=[777100, 658500, 588300, 637700, 763400, 736100, 696000, 768100, 800600, 661000, 662300, 905200, 1091800, 840100, 1038600] public_ns=100009900 bounds_ns=9245000 execute_ns=93934000 combined_ns=702700 cpp_ns=763400 source=a98d88b93a2d4711 result=35d2d67477ff8cf1
case op=convert-ubyte-float w=2048 h=512 layout=negative-both public_raw=[514259100, 475743800, 478094000, 504425200, 525298200, 499976800, 501038000, 517477800, 532797300, 532516700, 492371200, 479634300, 467125200, 498919100, 497145000] bounds_raw=[15820800, 10151300, 8928100, 10267800, 9447700, 8889600, 9143200, 9464400, 9384200, 9383700, 9264100, 12300400, 9307500, 11030200, 9122900] execute_raw=[493377200, 474841100, 497658600, 494756800, 500949500, 513754600, 502729600, 482203300, 504729300, 498382300, 518300000, 510985000, 458304500, 481735100, 454982800] combined_raw=[938300, 844400, 901500, 1634900, 2909100, 928200, 1080000, 998200, 861400, 1374700, 897900, 892800, 888300, 906800, 1120200] cpp_raw=[147300, 394500, 140900, 204100, 1436000, 127800, 206500, 222100, 117300, 375200, 187400, 195800, 216700, 117900, 165600] public_ns=499976800 bounds_ns=9384200 execute_ns=497658600 combined_ns=928200 cpp_ns=195800 source=ae83cf5b1e4efaa5 result=a6f0b1d68eba713d
case op=copy-ubyte w=2048 h=512 layout=universal public_raw=[92805400, 94067200, 95382800, 93975700, 95506600, 97667400, 95056000, 102163900, 94974600, 96284700, 97196400, 100384200, 99539000, 106533800, 104929300] bounds_raw=[8714300, 9263000, 9394200, 8354100, 8636300, 9045800, 8427200, 8768200, 8569700, 9226500, 9440000, 8585600, 10449600, 9706300, 11466300] execute_raw=[97412400, 96834500, 98441700, 101998200, 96073900, 95292600, 103340800, 99804400, 102040800, 94890000, 100657300, 96696700, 97339900, 101204600, 103363000] combined_raw=[8503100, 8868200, 8596900, 8367000, 9385700, 8440800, 9061200, 8863100, 8972100, 8625400, 10186200, 9003000, 9806300, 9568800, 9197800] cpp_raw=[3197000, 3459500, 3413200, 3454300, 3467700, 3274000, 3283900, 3185200, 3243300, 3358200, 3245000, 3304800, 3355300, 4055000, 3947300] public_ns=96284700 bounds_ns=9045800 execute_ns=98441700 combined_ns=8972100 cpp_ns=3355300 source=546dc88cf162767b result=b53972f2ee1fc8cf
case op=copy-float w=2048 h=512 layout=universal public_raw=[103131400, 105936600, 106094900, 93594700, 94747400, 94192000, 94668700, 96625200, 93264000, 92981900, 94280700, 95668900, 95425300, 94177400, 96058000] bounds_raw=[10169100, 10533400, 9710300, 9045300, 8870400, 8773900, 10921500, 9172400, 9040700, 9554700, 8620500, 8627600, 9223600, 9180600, 9133500] execute_raw=[109552900, 110067400, 109438900, 98982300, 99887000, 96294300, 97979800, 99181200, 98443300, 96324600, 94281700, 94265900, 94244600, 98372500, 97811000] combined_raw=[12052400, 12815100, 9385500, 9073600, 11203900, 9307600, 9390200, 9206500, 9033400, 12521400, 8716800, 8774900, 8670300, 9032100, 9101400] cpp_raw=[3612300, 4716400, 4029600, 3666700, 3629200, 3541400, 3757400, 3565700, 3541100, 3570800, 3476500, 3474900, 3482000, 3455500, 3768300] public_ns=94747400 bounds_ns=9172400 execute_ns=98372500 combined_ns=9206500 cpp_ns=3570800 source=4f1036148aacde48 result=1d8ea0b52256e94f
case op=copy-Pod w=2048 h=512 layout=universal public_raw=[102582300, 103018600, 98005300, 96945800, 98878600, 103160100, 109391400, 113391900, 103931600, 97897600, 98277200, 106266500, 146695000, 98593500, 94838000] bounds_raw=[9113700, 8702200, 9069900, 8664700, 8641400, 11127100, 10309300, 12470200, 8763500, 8778300, 8531000, 9979400, 8923400, 8553500, 8698300] execute_raw=[101441000, 103038600, 98634300, 98323400, 99537800, 109081900, 106593700, 109626300, 98333900, 98202900, 101788000, 113639500, 111504000, 97527000, 96837300] combined_raw=[9336300, 9312200, 9796700, 8910700, 9271200, 10249000, 9796500, 9537300, 10850000, 9261300, 10097300, 9806100, 9126000, 9209400, 8835100] cpp_raw=[3528200, 4322700, 3701900, 3540100, 3498000, 3711100, 3605200, 3938900, 4107000, 3573400, 3928000, 6612200, 3584300, 3512600, 3499000] public_ns=102582300 bounds_ns=8778300 execute_ns=101441000 combined_ns=9336300 cpp_ns=3605200 source=196bf4d6cf5eb812 result=fc9731c7256835ba
case op=convert-ubyte-float w=2048 h=512 layout=universal public_raw=[268910100, 584950400, 532763600, 638515300, 525885300, 624624900, 578501000, 564740500, 550586200, 584155600, 555430900, 546845400, 558073900, 545724000, 536836600] bounds_raw=[13878100, 16999500, 16821600, 21727100, 20883900, 21957200, 25951700, 21896900, 17587000, 21744600, 21182500, 18481500, 25026900, 17047300, 23958700] execute_raw=[336870200, 577028400, 532725200, 536595500, 535936800, 558261700, 548717600, 534854200, 594567900, 578935900, 533532400, 555340700, 548513600, 531601400, 539595700] combined_raw=[12875100, 21587300, 21008700, 21114700, 16621600, 17443300, 17203900, 21216700, 19044300, 25121600, 19908400, 19932100, 21470200, 21475600, 15502800] cpp_raw=[699500, 767800, 763300, 791900, 683200, 681400, 870200, 677000, 4790700, 674200, 727700, 4695900, 680800, 719100, 660000] public_ns=555430900 bounds_ns=21182500 execute_ns=539595700 combined_ns=19932100 cpp_ns=719100 source=546dc88cf162767b result=24fea8e2dff2e94f
case op=copy-ubyte w=2048 h=512 layout=universal-negative public_raw=[191652500, 212858900, 201902300, 198435800, 228201200, 197473200, 198225000, 205010200, 222104100, 194493300, 200857400, 211086800, 205289100, 191581300, 210490100] bounds_raw=[10642500, 20821800, 17792300, 17521000, 30037500, 17019600, 14614700, 21237100, 18546600, 20433200, 12952000, 16302600, 14558500, 16763700, 16084000] execute_raw=[198889100, 212772800, 216250500, 209125900, 208132000, 207801000, 204356500, 209431500, 216123300, 218452200, 222457600, 209466000, 203022500, 213487400, 203833200] combined_raw=[21461700, 16744100, 18184300, 20724800, 16801900, 22869100, 16762000, 20490900, 23166000, 16773500, 17466800, 16121200, 18675800, 17884900, 21505800] cpp_raw=[7207600, 3190500, 7795900, 7306700, 3442900, 3270300, 3558300, 7409100, 6883900, 3807100, 5587100, 11498400, 3253300, 7431000, 7372700] public_ns=201902300 bounds_ns=17019600 execute_ns=209431500 combined_ns=18184300 cpp_ns=6883900 source=46067b9fc62767b result=6220d181b93fc8cf
case op=copy-float w=2048 h=512 layout=universal-negative public_raw=[224428400, 159003600, 104199500, 102586000, 98574000, 107733100, 104478600, 96121100, 100463800, 100849100, 93838300, 93726400, 97457100, 105007400, 95886700] bounds_raw=[23320300, 17053300, 9975800, 9631400, 9479800, 9703700, 9131600, 9110900, 8825200, 10853300, 9118400, 8887200, 10422300, 10259800, 9375000] execute_raw=[250459300, 213506100, 108550600, 107638600, 108848100, 108848500, 118571400, 102437500, 96239400, 103907100, 98515500, 105503200, 101162600, 101809500, 99187700] combined_raw=[17163000, 21375000, 9063900, 10817000, 9830800, 10001400, 10425300, 9563000, 9021500, 8822900, 9561500, 9309800, 9157400, 11721100, 9165200] cpp_raw=[8174800, 7650500, 3731900, 3789700, 3921200, 5452500, 3953000, 3605800, 3521700, 3509600, 3590900, 3510700, 3826100, 4265900, 3638700] public_ns=100849100 bounds_ns=9631400 execute_ns=105503200 combined_ns=9563000 cpp_ns=3789700 source=51109e231b84de48 result=d2e235024092e94f
case op=copy-Pod w=2048 h=512 layout=universal-negative public_raw=[111183700, 102908200, 101995100, 101194700, 94470900, 93923800, 99762700, 99038500, 103083500, 97529500, 95098200, 95054600, 103678800, 103393600, 98134000] bounds_raw=[9104100, 9873700, 9285900, 9043600, 8972400, 9582800, 12958400, 10019500, 8839100, 8660600, 9177600, 10016600, 9063900, 9529200, 8615400] execute_raw=[109541700, 114475000, 105985900, 101083600, 106143800, 102727300, 104249200, 110777500, 100583800, 100243500, 103851000, 126000400, 112196300, 102360100, 101123500] combined_raw=[9676200, 9282600, 8892800, 9336100, 10620200, 9100400, 9035200, 9489900, 9182600, 9295000, 11374300, 9703700, 11078100, 9170200, 9430600] cpp_raw=[3882000, 3795700, 3675800, 4810800, 3587300, 3982200, 3620400, 4860200, 3591200, 3641300, 4280100, 3591100, 4446600, 3626300, 3528500] public_ns=99762700 bounds_ns=9177600 execute_ns=104249200 combined_ns=9336100 cpp_ns=3675800 source=e1be015f3a91b812 result=17fc2f38b61735ba
case op=convert-ubyte-float w=2048 h=512 layout=universal-negative public_raw=[298765000, 301698400, 292005800, 291772900, 301151400, 302793000, 296931900, 293453500, 293844700, 294216100, 300287300, 327600300, 290770700, 294587900, 295897500] bounds_raw=[9095200, 9349500, 9666900, 9227600, 9376000, 10360100, 9896400, 8854800, 9164500, 8893200, 9152200, 10196500, 8884000, 9252600, 9319800] execute_raw=[296782600, 292812600, 296428600, 301701700, 295623900, 299002100, 298366500, 301021900, 296776800, 293227600, 297618100, 300836400, 314371300, 294267000, 287317400] combined_raw=[9194600, 11732000, 9716700, 9320300, 9296400, 9105000, 8896900, 9542400, 8721400, 9235500, 9077900, 12701000, 8885100, 9153900, 9740000] cpp_raw=[665900, 1135000, 1175500, 692100, 680700, 711100, 680200, 682600, 792100, 678900, 659900, 1344000, 674200, 675200, 694700] public_ns=295897500 bounds_ns=9252600 execute_ns=296782600 combined_ns=9235500 cpp_ns=682600 source=46067b9fc62767b result=940c5552cb46e94f
case op=copy-ubyte w=2048 h=512 layout=repeated-source public_raw=[95970300, 94129300, 92770000, 94514500, 93935300, 94130400, 93129400, 95539000, 96400900, 90160700, 207359300, 208736200, 191716500, 180578400, 197492400] bounds_raw=[8719600, 13587400, 8794100, 9329800, 8998100, 9064400, 9115100, 9396400, 9118500, 8629900, 21523000, 21767600, 16604000, 16691000, 16753600] execute_raw=[91631300, 111330000, 89786300, 89687100, 87638800, 95185000, 88574700, 88270800, 115468700, 129687300, 190707200, 190159600, 188362300, 184351100, 183787700] combined_raw=[17900, 18900, 18300, 16600, 17800, 18200, 18000, 17800, 18000, 18600, 18000, 18000, 17600, 22200, 18200] cpp_raw=[71900, 14300, 14600, 14200, 14100, 38800, 30800, 14200, 14600, 15100, 13700, 15100, 14000, 15600, 18900] public_ns=95539000 bounds_ns=9329800 execute_ns=111330000 combined_ns=18000 cpp_ns=14600 source=6e453727bce9f2a5 result=824b457e72415e3d
case op=copy-float w=2048 h=512 layout=repeated-source public_raw=[203862800, 194636800, 189997900, 187905300, 199824500, 256096200, 191564900, 191603100, 186638200, 195704100, 193351200, 199607200, 193154000, 199040700, 185507100] bounds_raw=[20838400, 20725700, 16790200, 21697100, 17783900, 16916200, 19427200, 16927700, 16897000, 17394600, 13041400, 21259500, 16950600, 17102600, 16692700] execute_raw=[172130900, 176152500, 177217000, 180977100, 199661100, 172682300, 183864400, 177044600, 188355800, 185342500, 173929400, 183304900, 177399600, 184380900, 165740000] combined_raw=[63600, 67000, 121800, 61100, 67500, 68500, 70100, 80100, 61900, 128300, 72100, 132000, 68000, 71000, 62000] cpp_raw=[61200, 59200, 60500, 58800, 71100, 95000, 60000, 281500, 73200, 94400, 65300, 119500, 61000, 59100, 65200] public_ns=193351200 bounds_ns=17102600 execute_ns=177399600 combined_ns=68500 cpp_ns=65200 source=1890cde25c8499ab result=7e1f3007cb46713d
case op=copy-Pod w=2048 h=512 layout=repeated-source public_raw=[183551100, 182633400, 190915100, 192110500, 185173900, 185893200, 187151500, 192278300, 193053400, 192257100, 190107200, 191321900, 191239000, 190561600, 191984800] bounds_raw=[16536600, 20865100, 17443300, 20820700, 16575300, 16818400, 24608900, 20910200, 16744300, 20954600, 16632700, 17602200, 17074600, 17023500, 20828700] execute_raw=[175682400, 181550600, 171816000, 189265000, 176192500, 177021800, 181048800, 172620500, 184607500, 183018000, 177657800, 176617300, 175731900, 177587400, 178838500] combined_raw=[392800, 358400, 409700, 415500, 406100, 4382800, 265600, 525500, 4400100, 369100, 447600, 463900, 387200, 367100, 385100] cpp_raw=[376800, 207000, 360200, 245100, 225500, 184400, 257500, 401400, 459800, 371300, 381400, 362800, 4439400, 399200, 366500] public_ns=190915100 bounds_ns=17443300 execute_ns=177587400 combined_ns=406100 cpp_ns=366500 source=20f0ed2a5964e151 result=29ff1e71f7668cf1
case op=convert-ubyte-float w=2048 h=512 layout=repeated-source public_raw=[904868800, 982781200, 922769600, 923825000, 911492100, 936449300, 906827800, 846500200, 443474900, 445413800, 443460200, 448037500, 458962600, 458422200, 460699000] bounds_raw=[16886800, 16632500, 17180200, 16655000, 16884800, 18690500, 21444700, 8997300, 8940300, 8849100, 8748700, 8738300, 9466900, 9509900, 9257600] execute_raw=[882666200, 908896800, 913902700, 905550100, 904251000, 908352200, 895748400, 938786000, 435674600, 431398400, 429262600, 434625000, 442563600, 451198800, 458421600] combined_raw=[712400, 925200, 4836100, 629100, 5969700, 868000, 4763000, 760000, 575800, 624100, 596800, 875700, 712000, 908700, 929400] cpp_raw=[85900, 89200, 97800, 85700, 98000, 86800, 167900, 85800, 90100, 86000, 98400, 124700, 97400, 110300, 97600] public_ns=846500200 bounds_ns=9509900 execute_ns=882666200 combined_ns=868000 cpp_ns=97400 source=6e453727bce9f2a5 result=a6f0b1d68eba713d
case op=copy-ubyte w=2048 h=512 layout=zero-source public_raw=[33540900, 37647000, 31487000, 32279700, 35531900, 36109400, 30988800, 30679900, 30993600, 31041200, 32443700, 38897900, 34331400, 35331900, 39203700] bounds_raw=[9108800, 8811700, 8681200, 11195700, 10678400, 8644100, 8725100, 8376200, 8356900, 8727700, 9781200, 10092300, 9178700, 12335700, 9685500] execute_raw=[37171700, 32209400, 35535200, 35721700, 34688400, 40219200, 31199100, 31072100, 32196800, 33038200, 33159900, 44219100, 39307700, 37345600, 37490000] combined_raw=[9576000, 9255600, 8660800, 8610500, 8975700, 8597600, 8449800, 8551200, 8555700, 8687300, 9472200, 8918000, 12939400, 11615800, 11938000] cpp_raw=[3238200, 3230400, 4072900, 3296700, 3811700, 3262500, 3189200, 3168000, 3219800, 3423900, 3499500, 3238400, 4600700, 4356000, 3597100] public_ns=33540900 bounds_ns=9108800 execute_ns=35535200 combined_ns=8918000 cpp_ns=3296700 source=ea3b47c803d61b61 result=f48fba1f72215e3d
case op=copy-float w=2048 h=512 layout=zero-source public_raw=[38565700, 34876800, 33161800, 33106000, 33042400, 31455000, 33717200, 32439800, 35073900, 33453400, 33565900, 46050800, 33431100, 32533900, 35094000] bounds_raw=[15746800, 9417200, 8845800, 15219300, 9573900, 9361200, 9662300, 8990700, 8908700, 9164100, 9285400, 8823500, 8916500, 9545800, 9515100] execute_raw=[49498000, 34239500, 33636900, 47007000, 34980600, 32517800, 33024200, 33479700, 31926500, 31948800, 33099100, 42055500, 34209300, 32095800, 33008400] combined_raw=[12659000, 13081600, 9234600, 9264700, 9752100, 9155000, 9615200, 9048600, 9075600, 10180200, 9468000, 12286100, 9278100, 10100000, 9280900] cpp_raw=[3675900, 3598000, 4526300, 3802400, 4097700, 3817300, 3588400, 3779200, 3537200, 3828400, 3700700, 4027700, 4345600, 3839000, 3869600] public_ns=33453400 bounds_ns=9361200 execute_ns=33479700 combined_ns=9468000 cpp_ns=3817300 source=3ee659a586185a17 result=3010c258495a713d
case op=copy-Pod w=2048 h=512 layout=zero-source public_raw=[36213000, 34555400, 35085900, 33912500, 34754700, 38217600, 32760500, 37033300, 36456100, 32509100, 34047000, 38151000, 34282600, 35056000, 33033100] bounds_raw=[9835200, 9709400, 8948500, 8994000, 9929700, 9648900, 8838900, 9642200, 9722700, 16917000, 9175500, 10031400, 9025300, 9556900, 9036900] execute_raw=[34167900, 34646700, 36959400, 33289600, 37323500, 34441000, 31805300, 35874300, 32936500, 53334300, 33473600, 35627200, 34828300, 31929700, 34169100] combined_raw=[18114200, 9329600, 9292300, 9420700, 11557600, 16269400, 9167100, 9240100, 9619400, 10220300, 9540000, 10883900, 17654300, 9051200, 10625000] cpp_raw=[7607500, 4402200, 3723900, 3933900, 4412500, 7637800, 4456700, 4157600, 4113900, 3743600, 3742900, 3902900, 4137100, 4126600, 3975900] public_ns=34754700 bounds_ns=9642200 execute_ns=34441000 combined_ns=9619400 cpp_ns=4126600 source=10734a11a61fbe06 result=14eb8df45bd38cf1
case op=convert-ubyte-float w=2048 h=512 layout=zero-source public_raw=[77132100, 75072500, 78082000, 77984700, 89043800, 84449000, 81602600, 82503200, 82006300, 79517200, 83776600, 80394900, 74064600, 74886800, 76531700] bounds_raw=[9175900, 9167800, 10154200, 9429000, 9246200, 9700200, 9639300, 11168900, 9319600, 9601000, 9307300, 9183000, 8705000, 8779800, 8823500] execute_raw=[77004300, 76752200, 80200000, 88303900, 95813900, 96641600, 81652300, 86326800, 84580300, 78532100, 81119100, 82995300, 81298900, 75476500, 77927900] combined_raw=[9163100, 9183500, 8999700, 9149200, 9608300, 9345500, 10210500, 9949700, 9427900, 10097400, 9006600, 9509200, 8868100, 8803100, 9090600] cpp_raw=[694200, 657000, 656800, 741600, 669900, 833800, 671800, 816000, 749500, 656900, 909700, 787000, 671500, 657300, 656700] public_ns=79517200 bounds_ns=9307300 execute_ns=81298900 combined_ns=9183500 cpp_ns=671800 source=ea3b47c803d61b61 result=1ea1c940ba66713d
m3_copy_conversion_candidates PASS cases=96 sink=3470652223959823994
