contracts PASS four-public-paths four-operations invalid/shape/noninjective/overlap/empty/no-write shared-disjoint
semantic PASS cases=32 bitwise-copy all256-conversion source-padding
case op=copy-ubyte w=31 h=17 layout=contiguous public_raw=[100, 100, 0, 0, 0, 0, 0, 0, 0, 0, 0, 0, 0, 0, 0] bounds_raw=[100, 100, 100, 0, 0, 0, 100, 100, 0, 0, 0, 0, 0, 0, 0] execute_raw=[100, 0, 0, 100, 100, 100, 0, 0, 0, 0, 0, 0, 0, 0, 0] combined_raw=[0, 0, 0, 0, 0, 0, 0, 100, 0, 0, 0, 0, 0, 0, 0] cpp_raw=[100, 0, 0, 0, 0, 0, 0, 0, 0, 0, 0, 0, 0, 0, 0] public_ns=0 bounds_ns=0 execute_ns=0 combined_ns=0 cpp_ns=0 source=e1cb0bb018788cd9 result=6b280f993832c319
case op=copy-float w=31 h=17 layout=contiguous public_raw=[100, 100, 100, 100, 100, 100, 100, 100, 100, 100, 100, 100, 100, 100, 100] bounds_raw=[100, 100, 100, 100, 100, 100, 100, 100, 100, 100, 100, 100, 100, 100, 100] execute_raw=[100, 100, 100, 100, 100, 100, 100, 100, 100, 100, 100, 100, 100, 100, 0] combined_raw=[100, 100, 100, 100, 100, 100, 100, 100, 100, 100, 100, 100, 100, 100, 100] cpp_raw=[100, 0, 0, 0, 0, 0, 0, 0, 0, 0, 0, 0, 0, 0, 0] public_ns=100 bounds_ns=100 execute_ns=100 combined_ns=100 cpp_ns=0 source=6128204049c0da83 result=264b3169180ebd4b
case op=copy-Pod w=31 h=17 layout=contiguous public_raw=[100, 100, 100, 100, 100, 100, 100, 100, 100, 100, 100, 100, 100, 100, 100] bounds_raw=[100, 100, 100, 100, 100, 100, 100, 100, 100, 100, 100, 100, 100, 100, 100] execute_raw=[100, 100, 100, 100, 100, 100, 100, 100, 100, 100, 100, 100, 100, 100, 100] combined_raw=[100, 100, 100, 100, 100, 100, 100, 100, 100, 100, 100, 100, 100, 100, 100] cpp_raw=[100, 100, 100, 100, 100, 100, 100, 100, 0, 0, 100, 100, 100, 0, 0] public_ns=100 bounds_ns=100 execute_ns=100 combined_ns=100 cpp_ns=100 source=db360484f487691a result=968b62c61598975a
case op=convert-ubyte-float w=31 h=17 layout=contiguous public_raw=[3100, 3100, 3000, 3100, 3100, 3000, 3000, 3100, 3100, 3100, 3100, 3100, 3100, 3100, 3100] bounds_raw=[3100, 3100, 3000, 3100, 3000, 3000, 3100, 3100, 3100, 3000, 3400, 3100, 3100, 3100, 3000] execute_raw=[400, 300, 300, 300, 300, 400, 300, 300, 400, 300, 300, 300, 300, 400, 400] combined_raw=[300, 300, 300, 300, 300, 300, 300, 300, 300, 300, 300, 300, 300, 400, 300] cpp_raw=[100, 100, 100, 100, 100, 100, 100, 100, 100, 100, 100, 100, 100, 100, 100] public_ns=3100 bounds_ns=3100 execute_ns=300 combined_ns=300 cpp_ns=100 source=e1cb0bb018788cd9 result=1bb7b2c2179a648f
case op=copy-ubyte w=31 h=17 layout=padded public_raw=[95600, 105300, 92800, 92900, 92700, 104300, 104500, 95800, 96100, 95900, 95900, 135400, 92000, 93500, 250500] bounds_raw=[4500, 4500, 4600, 4400, 4400, 4600, 4300, 4400, 4100, 4200, 4400, 4300, 4500, 4300, 4500] execute_raw=[88400, 88100, 131100, 88700, 88500, 91100, 91100, 92800, 91000, 91200, 91400, 91100, 98200, 89900, 90100] combined_raw=[300, 200, 600, 200, 300, 300, 200, 400, 200, 200, 200, 200, 500, 200, 400] cpp_raw=[100, 100, 100, 0, 0, 100, 0, 0, 0, 0, 0, 0, 100, 0, 0] public_ns=95900 bounds_ns=4400 execute_ns=91100 combined_ns=200 cpp_ns=0 source=4d0b0939d89e40d9 result=5f21f5ea6035ff19
case op=copy-float w=31 h=17 layout=padded public_raw=[95200, 93300, 117500, 96500, 95700, 96200, 96300, 95200, 96900, 96800, 262900, 96800, 96900, 165800, 122200] bounds_raw=[4400, 4500, 4800, 4400, 4600, 4500, 4300, 4600, 4500, 4500, 25200, 4600, 4500, 4700, 4500] execute_raw=[99200, 91700, 148300, 92200, 92800, 88800, 93300, 238700, 89900, 89900, 159500, 91300, 91400, 90700, 89400] combined_raw=[400, 300, 500, 300, 300, 200, 200, 600, 300, 300, 500, 300, 200, 200, 400] cpp_raw=[100, 0, 100, 100, 0, 0, 0, 0, 0, 0, 100, 0, 0, 0, 0] public_ns=96800 bounds_ns=4500 execute_ns=91700 combined_ns=300 cpp_ns=0 source=ebb5b7eaf5f43283 result=3851810ac565964b
case op=copy-Pod w=31 h=17 layout=padded public_raw=[126000, 95000, 93900, 95000, 121400, 96300, 96500, 118500, 95100, 106700, 93200, 95400, 95400, 95700, 128300] bounds_raw=[4700, 4700, 4400, 4400, 4600, 4400, 4600, 4600, 4400, 4600, 4300, 4500, 4600, 4500, 4700] execute_raw=[89500, 90000, 91500, 90200, 90800, 143500, 91300, 90800, 91000, 89600, 156200, 125000, 92900, 91500, 121400] combined_raw=[500, 400, 400, 300, 500, 600, 400, 400, 500, 500, 600, 600, 400, 300, 600] cpp_raw=[100, 0, 100, 100, 100, 100, 100, 0, 100, 0, 100, 100, 100, 100, 0] public_ns=95700 bounds_ns=4600 execute_ns=91300 combined_ns=500 cpp_ns=100 source=b28d4f242a91b51a result=7438cdf3ee88135a
case op=convert-ubyte-float w=31 h=17 layout=padded public_raw=[587900, 688500, 487400, 464500, 462500, 480600, 462900, 465500, 543500, 534100, 493200, 467000, 539900, 554800, 559500] bounds_raw=[5000, 5200, 4800, 4600, 4700, 4600, 4400, 4500, 4700, 4900, 4700, 4600, 4800, 4800, 4700] execute_raw=[494900, 465000, 514800, 477000, 474200, 474000, 689200, 542300, 548600, 510200, 554200, 484600, 733400, 492900, 506800] combined_raw=[700, 500, 800, 900, 600, 700, 800, 700, 400, 800, 700, 600, 900, 500, 700] cpp_raw=[200, 100, 100, 100, 100, 100, 100, 100, 100, 100, 100, 100, 100, 100, 100] public_ns=493200 bounds_ns=4700 execute_ns=506800 combined_ns=700 cpp_ns=100 source=4d0b0939d89e40d9 result=5a1bf5670dd4dc8f
case op=copy-ubyte w=31 h=17 layout=negative-source public_raw=[94700, 94100, 94000, 94100, 93700, 128900, 95500, 95500, 95100, 100700, 113800, 101600, 95100, 95000, 199500] bounds_raw=[4400, 4200, 4600, 4600, 4500, 4600, 4300, 4600, 4400, 4500, 4400, 6200, 4500, 4600, 4600] execute_raw=[90400, 105300, 88200, 88500, 88700, 123300, 88200, 193100, 105900, 126700, 96100, 95600, 88500, 87900, 89900] combined_raw=[300, 400, 300, 200, 200, 400, 200, 500, 300, 300, 400, 400, 600, 200, 400] cpp_raw=[0, 0, 0, 0, 0, 100, 0, 100, 0, 0, 100, 100, 100, 0, 0] public_ns=95100 bounds_ns=4500 execute_ns=90400 combined_ns=300 cpp_ns=0 source=1218578f96e3de39 result=5f21f5ea6035ff19
case op=copy-float w=31 h=17 layout=negative-source public_raw=[94000, 189400, 95100, 94700, 94800, 119900, 94500, 95000, 95800, 95200, 151000, 96600, 96500, 96300, 98000] bounds_raw=[4500, 4500, 4600, 4300, 4500, 8400, 4300, 4700, 4600, 4400, 4600, 4400, 4400, 4400, 4700] execute_raw=[91600, 121800, 90700, 89100, 123900, 94000, 90900, 139200, 91400, 115700, 88400, 88200, 90500, 229200, 191300] combined_raw=[300, 300, 500, 300, 500, 400, 300, 500, 200, 500, 400, 200, 300, 300, 600] cpp_raw=[0, 0, 100, 0, 0, 100, 0, 0, 0, 0, 0, 0, 0, 0, 100] public_ns=95800 bounds_ns=4500 execute_ns=91600 combined_ns=300 cpp_ns=0 source=d55c0938ea65990b result=3851810ac565964b
case op=copy-Pod w=31 h=17 layout=negative-source public_raw=[95800, 330000, 106100, 93100, 93800, 97300, 95400, 95400, 95100, 108600, 95600, 96200, 110700, 95100, 94900] bounds_raw=[4700, 60000, 5000, 4500, 4500, 4500, 4500, 4400, 4500, 4700, 4400, 4400, 4800, 4400, 4400] execute_raw=[89900, 89400, 101300, 90200, 99200, 90500, 88200, 89600, 90800, 88700, 90200, 88200, 89900, 93200, 99600] combined_raw=[500, 700, 1100, 500, 600, 500, 400, 400, 400, 500, 400, 400, 400, 400, 600] cpp_raw=[100, 100, 500, 100, 100, 100, 100, 0, 0, 0, 100, 0, 100, 100, 100] public_ns=95600 bounds_ns=4500 execute_ns=90200 combined_ns=500 cpp_ns=100 source=4cb52a65f8334f3a result=7438cdf3ee88135a
case op=convert-ubyte-float w=31 h=17 layout=negative-source public_raw=[483000, 469300, 464900, 481300, 485500, 482200, 568700, 524700, 509200, 481100, 528200, 474300, 468100, 482300, 536700] bounds_raw=[5000, 4700, 4900, 4800, 4900, 4700, 4600, 5100, 4900, 4900, 4900, 4700, 4600, 4700, 4800] execute_raw=[464300, 487500, 524500, 466100, 468500, 465900, 535100, 495300, 476100, 466800, 470800, 482000, 485500, 473600, 706900] combined_raw=[600, 600, 700, 400, 600, 500, 800, 700, 500, 600, 600, 600, 600, 400, 900] cpp_raw=[100, 100, 100, 100, 100, 100, 100, 100, 100, 100, 100, 100, 100, 100, 100] public_ns=482300 bounds_ns=4800 execute_ns=476100 combined_ns=600 cpp_ns=100 source=1218578f96e3de39 result=5a1bf5670dd4dc8f
case op=copy-ubyte w=31 h=17 layout=negative-both public_raw=[252600, 133600, 161700, 98800, 155900, 96200, 96000, 105400, 96600, 96200, 125800, 95300, 97300, 95700, 96300] bounds_raw=[4900, 4400, 4700, 4300, 4500, 4400, 5500, 4600, 4300, 4300, 4700, 4400, 4400, 4400, 4400] execute_raw=[89100, 88800, 89600, 88900, 90000, 109400, 88600, 89700, 92200, 166900, 91500, 91400, 91400, 91900, 105800] combined_raw=[400, 200, 500, 300, 300, 400, 200, 200, 300, 600, 400, 200, 200, 200, 300] cpp_raw=[100, 100, 0, 0, 0, 100, 0, 0, 100, 0, 100, 0, 0, 0, 0] public_ns=97300 bounds_ns=4400 execute_ns=91400 combined_ns=300 cpp_ns=0 source=1218578f96e3de39 result=14b2232dcdfde519
case op=copy-float w=31 h=17 layout=negative-both public_raw=[94000, 93100, 99300, 99200, 99500, 99500, 108800, 96900, 96800, 97000, 96600, 96200, 95900, 95800, 96000] bounds_raw=[4400, 4400, 4600, 4400, 4500, 4400, 4400, 4500, 4500, 4400, 4400, 4600, 4500, 4400, 4400] execute_raw=[89600, 89500, 102800, 94000, 90500, 90600, 91300, 89700, 89200, 89200, 113500, 103300, 89200, 89000, 88800] combined_raw=[300, 300, 300, 300, 200, 200, 200, 400, 200, 200, 500, 300, 300, 200, 300] cpp_raw=[100, 0, 100, 100, 0, 0, 0, 0, 0, 0, 100, 0, 0, 0, 0] public_ns=96800 bounds_ns=4400 execute_ns=89700 combined_ns=300 cpp_ns=0 source=d55c0938ea65990b result=88af284ef50a9e03
case op=copy-Pod w=31 h=17 layout=negative-both public_raw=[97200, 99400, 98700, 96000, 99800, 98200, 97700, 99900, 95600, 111000, 96100, 98100, 97900, 228500, 96100] bounds_raw=[4500, 4400, 4500, 4400, 4400, 4300, 4400, 4500, 4400, 4600, 4500, 4300, 4400, 4900, 4400] execute_raw=[90400, 89600, 91700, 90400, 89200, 91700, 105800, 89300, 89900, 104700, 88900, 90600, 89100, 91200, 89700] combined_raw=[400, 400, 400, 400, 400, 400, 600, 400, 400, 600, 400, 300, 400, 400, 600] cpp_raw=[100, 100, 100, 0, 0, 0, 100, 100, 0, 300, 100, 100, 0, 0, 200] public_ns=98100 bounds_ns=4400 execute_ns=90400 combined_ns=400 cpp_ns=100 source=4cb52a65f8334f3a result=ba5b3439bff1663a
case op=convert-ubyte-float w=31 h=17 layout=negative-both public_raw=[626700, 469900, 527800, 493400, 567400, 490300, 466500, 654200, 681700, 480200, 474300, 622900, 489900, 462400, 481500] bounds_raw=[4900, 4500, 4700, 4700, 4800, 4800, 4500, 5100, 5200, 4800, 5100, 4800, 5000, 4400, 24700] execute_raw=[468200, 490900, 477800, 462000, 466200, 466800, 474300, 478500, 645000, 488100, 478500, 460100, 593600, 529300, 469100] combined_raw=[600, 600, 600, 500, 600, 600, 600, 700, 600, 900, 700, 500, 800, 500, 800] cpp_raw=[100, 100, 100, 100, 100, 100, 100, 100, 100, 200, 100, 100, 100, 100, 100] public_ns=490300 bounds_ns=4800 execute_ns=477800 combined_ns=600 cpp_ns=100 source=1218578f96e3de39 result=a84d7158b568dc8f
case op=copy-ubyte w=31 h=17 layout=universal public_raw=[94600, 96100, 95300, 96200, 107000, 95700, 95700, 94800, 94800, 105500, 96700, 93000, 93000, 104500, 107200] bounds_raw=[4500, 4400, 4300, 4300, 4200, 4200, 4200, 4500, 4500, 4500, 4400, 4500, 4400, 4600, 4600] execute_raw=[92400, 92300, 92100, 92500, 93100, 93000, 92800, 95600, 104600, 95100, 153300, 95200, 95200, 95700, 96500] combined_raw=[4500, 4400, 4300, 4400, 4300, 4300, 4300, 4400, 4300, 4500, 4600, 5200, 4300, 4400, 4400] cpp_raw=[1600, 1600, 1600, 1600, 1600, 1600, 1600, 1600, 1600, 1600, 1600, 1600, 1600, 1600, 1600] public_ns=95700 bounds_ns=4400 execute_ns=95100 combined_ns=4400 cpp_ns=1600 source=104e8d8f8fae3401 result=94a85d26ce182761
case op=copy-float w=31 h=17 layout=universal public_raw=[96800, 96800, 96800, 96600, 106400, 96400, 96100, 92900, 96300, 97600, 97000, 93800, 95900, 93800, 98000] bounds_raw=[4600, 4400, 4800, 4500, 4600, 4600, 4400, 4400, 4700, 4400, 4500, 4400, 4600, 4400, 4400] execute_raw=[94000, 96000, 94400, 95700, 192500, 94400, 93000, 93800, 93600, 95100, 96400, 95200, 106400, 93000, 94000] combined_raw=[4500, 4300, 4500, 4400, 4800, 4500, 4400, 4700, 4600, 4700, 4700, 4500, 4600, 4500, 5300] cpp_raw=[1700, 1700, 1700, 1700, 1700, 1800, 1700, 1700, 1700, 1700, 1700, 1700, 1800, 1700, 1700] public_ns=96600 bounds_ns=4500 execute_ns=94400 combined_ns=4500 cpp_ns=1700 source=48f4c2fdc1746a4f result=d2f02840ab86d547
case op=copy-Pod w=31 h=17 layout=universal public_raw=[146600, 96200, 94500, 96000, 96900, 95400, 93600, 107100, 95200, 95600, 111100, 96700, 97800, 95900, 95900] bounds_raw=[4800, 4400, 4500, 4300, 4500, 4400, 4300, 4800, 4400, 4400, 4600, 4500, 4600, 4300, 4500] execute_raw=[93700, 94300, 95100, 103300, 94500, 94900, 93800, 93400, 96800, 97200, 93900, 95000, 92800, 127400, 93000] combined_raw=[4600, 4500, 4400, 4500, 4600, 4600, 4400, 4300, 4500, 4400, 4400, 4400, 5100, 4600, 4600] cpp_raw=[1900, 1900, 1800, 1900, 1800, 1900, 1900, 1900, 1800, 1900, 1800, 1900, 1900, 1900, 1800] public_ns=96000 bounds_ns=4500 execute_ns=94500 combined_ns=4500 cpp_ns=1900 source=a443bfcbbed0823e result=e7d6d6f5c5dc3c8e
case op=convert-ubyte-float w=31 h=17 layout=universal public_raw=[290200, 287900, 270100, 266500, 266200, 281100, 268100, 267700, 299100, 266300, 297000, 267000, 269400, 266800, 268500] bounds_raw=[8600, 4600, 5000, 4700, 4600, 4500, 4700, 4600, 4800, 4600, 4500, 4500, 4500, 4400, 4600] execute_raw=[269300, 268200, 280200, 305000, 269200, 323600, 269600, 293500, 280200, 309200, 268000, 270800, 280400, 279400, 268400] combined_raw=[4600, 4500, 4600, 7300, 4500, 4500, 4400, 4500, 4400, 4700, 4500, 4400, 4500, 4500, 4500] cpp_raw=[300, 300, 300, 300, 400, 300, 300, 300, 300, 400, 400, 300, 300, 300, 400] public_ns=268500 bounds_ns=4600 execute_ns=279400 combined_ns=4500 cpp_ns=300 source=104e8d8f8fae3401 result=91affb8b2dfc4eb7
case op=copy-ubyte w=31 h=17 layout=universal-negative public_raw=[98700, 98200, 96800, 124300, 97300, 98300, 97200, 95500, 95600, 94000, 95700, 105800, 98000, 222000, 96900] bounds_raw=[4400, 4400, 4500, 4600, 4400, 4900, 4400, 4500, 4400, 4300, 4400, 4300, 4400, 4600, 4300] execute_raw=[97200, 138600, 97300, 96000, 94700, 94900, 95000, 95300, 97600, 97700, 97800, 98000, 99100, 96700, 113700] combined_raw=[4500, 4700, 4400, 4400, 4500, 4300, 4400, 4400, 4400, 4300, 4300, 4300, 4600, 4400, 4500] cpp_raw=[1700, 1800, 1700, 1700, 1600, 1600, 1600, 1600, 1600, 1600, 1600, 1600, 1600, 1600, 1600] public_ns=97300 bounds_ns=4400 execute_ns=97300 combined_ns=4400 cpp_ns=1600 source=705335b9cf6847c1 result=2bfddff94a971f61
case op=copy-float w=31 h=17 layout=universal-negative public_raw=[134400, 127200, 94400, 99000, 99400, 99300, 101500, 101500, 101900, 101500, 112000, 96700, 99000, 97000, 109400] bounds_raw=[4700, 4500, 4500, 4500, 4300, 4400, 4400, 4500, 4300, 4300, 4600, 4400, 4500, 4400, 4600] execute_raw=[95600, 99000, 96500, 95800, 97800, 98100, 95200, 94800, 96600, 97200, 96700, 95600, 99000, 107900, 97500] combined_raw=[4600, 15500, 4600, 4500, 4600, 4400, 4400, 4400, 4300, 4400, 4500, 4500, 4500, 4400, 4500] cpp_raw=[1800, 1700, 1800, 1700, 1700, 1700, 1700, 1700, 1700, 1700, 1800, 1700, 1700, 1700, 1700] public_ns=101500 bounds_ns=4500 execute_ns=96700 combined_ns=4500 cpp_ns=1700 source=eada538057fb86ef result=faa4d5eeeda68847
case op=copy-Pod w=31 h=17 layout=universal-negative public_raw=[140900, 97400, 98400, 102600, 98500, 96500, 94400, 94300, 96300, 99200, 95900, 99700, 96800, 98600, 98000] bounds_raw=[4800, 4600, 4600, 4500, 4400, 21400, 4600, 4500, 8500, 4400, 4300, 4700, 40200, 4500, 4400] execute_raw=[96000, 148000, 97000, 100200, 109000, 95800, 98400, 189000, 97100, 96800, 97000, 99900, 96900, 97000, 98100] combined_raw=[4700, 4900, 4600, 4500, 5100, 4800, 4800, 4900, 4400, 4700, 4600, 4500, 4800, 4900, 4500] cpp_raw=[1800, 1800, 1700, 1800, 1700, 14300, 1800, 1800, 1700, 1800, 1700, 1700, 1700, 1800, 1700] public_ns=98000 bounds_ns=4600 execute_ns=97100 combined_ns=4700 cpp_ns=1800 source=7483a89971f477de result=c1c9f074f82c752e
case op=convert-ubyte-float w=31 h=17 layout=universal-negative public_raw=[299900, 300500, 346400, 300000, 300400, 313000, 308500, 298800, 302000, 339800, 299100, 352300, 299900, 307300, 304100] bounds_raw=[4800, 4500, 4500, 4500, 4700, 4700, 4400, 4500, 4700, 4700, 4600, 4400, 4600, 4700, 4600] execute_raw=[326300, 299500, 319200, 327700, 326200, 352400, 301200, 308000, 369600, 299600, 336300, 299300, 327900, 313800, 341100] combined_raw=[4700, 4500, 4600, 4400, 4600, 4600, 4600, 4500, 4300, 4700, 4600, 4400, 4600, 4500, 4500] cpp_raw=[300, 300, 300, 300, 400, 300, 800, 300, 300, 300, 400, 300, 300, 300, 300] public_ns=302000 bounds_ns=4600 execute_ns=326200 combined_ns=4600 cpp_ns=300 source=705335b9cf6847c1 result=6cdfcfcdfb5c4eb7
case op=copy-ubyte w=31 h=17 layout=repeated-source public_raw=[95600, 192300, 92600, 92300, 139300, 95100, 93300, 93300, 93000, 93100, 135200, 94400, 95100, 108100, 96200] bounds_raw=[4300, 4200, 4500, 4300, 4600, 4400, 8300, 4600, 4200, 4200, 4500, 4200, 4500, 4600, 23800] execute_raw=[90600, 478100, 103900, 90300, 89100, 87900, 211600, 88500, 88500, 88500, 140700, 89200, 155200, 87900, 93700] combined_raw=[300, 800, 500, 200, 400, 200, 700, 300, 200, 200, 500, 200, 500, 200, 500] cpp_raw=[100, 200, 100, 0, 0, 100, 200, 0, 0, 0, 100, 0, 100, 0, 100] public_ns=95100 bounds_ns=4500 execute_ns=90300 combined_ns=300 cpp_ns=100 source=e456631d381264c9 result=79abf60b12593ba9
case op=copy-float w=31 h=17 layout=repeated-source public_raw=[93100, 114900, 101500, 101400, 98600, 98800, 100500, 102200, 99800, 100000, 148800, 96400, 96000, 95900, 100900] bounds_raw=[4400, 22700, 4600, 4400, 4800, 4400, 4400, 4500, 4500, 4300, 4600, 4200, 4600, 4400, 4500] execute_raw=[96700, 95300, 95600, 163600, 91500, 91500, 335500, 93300, 93900, 139500, 96900, 151600, 92300, 132800, 91300] combined_raw=[200, 400, 300, 200, 400, 200, 600, 200, 200, 400, 400, 500, 300, 200, 400] cpp_raw=[0, 0, 100, 0, 100, 0, 100, 0, 0, 0, 0, 100, 0, 0, 0] public_ns=100000 bounds_ns=4500 execute_ns=95600 combined_ns=300 cpp_ns=0 source=187f646e4a13563f result=adddf47c9b74a697
case op=copy-Pod w=31 h=17 layout=repeated-source public_raw=[100200, 100500, 140500, 96400, 100600, 100100, 99200, 111500, 140000, 142700, 99800, 100800, 100500, 100300, 101000] bounds_raw=[4500, 4500, 4600, 4400, 4500, 4300, 4300, 4600, 4600, 4600, 4300, 4300, 4500, 4300, 4300] execute_raw=[182600, 90700, 90200, 112900, 94600, 94300, 95900, 90400, 89700, 91800, 89700, 91300, 96700, 95800, 94900] combined_raw=[600, 400, 300, 400, 500, 300, 500, 400, 400, 500, 300, 33400, 500, 400, 600] cpp_raw=[100, 100, 100, 200, 100, 100, 100, 0, 100, 100, 100, 100, 100, 0, 400] public_ns=100500 bounds_ns=4500 execute_ns=94300 combined_ns=400 cpp_ns=100 source=af5c371632147dfa result=b77ad4f97670f65a
case op=convert-ubyte-float w=31 h=17 layout=repeated-source public_raw=[531300, 490000, 466100, 479300, 473000, 474300, 499900, 527800, 471600, 474900, 473300, 547100, 501300, 464400, 470800] bounds_raw=[4900, 4600, 4600, 4500, 4800, 4700, 4600, 4800, 4500, 4700, 4800, 4700, 4700, 20400, 5000] execute_raw=[462900, 501400, 482000, 803300, 493900, 596300, 509300, 463800, 494400, 481700, 481000, 472000, 479700, 537300, 498200] combined_raw=[600, 700, 600, 400, 800, 700, 600, 700, 500, 700, 600, 500, 900, 500, 600] cpp_raw=[100, 100, 100, 100, 200, 100, 100, 100, 100, 100, 100, 100, 100, 100, 100] public_ns=474900 bounds_ns=4700 execute_ns=493900 combined_ns=600 cpp_ns=100 source=e456631d381264c9 result=9364c6c0b904dc8f
case op=copy-ubyte w=31 h=17 layout=zero-source public_raw=[25600, 25500, 25400, 25500, 25600, 25300, 25700, 25700, 26000, 25400, 25500, 25400, 25400, 25300, 25300] bounds_raw=[4300, 4300, 4200, 4200, 4200, 4200, 4200, 4400, 4500, 4200, 4100, 4200, 4200, 4200, 4200] execute_raw=[25600, 25900, 25500, 25500, 25300, 25500, 25400, 25500, 25700, 25500, 25400, 25300, 25500, 25400, 25600] combined_raw=[4400, 4300, 4300, 4400, 4300, 4200, 4200, 4500, 20900, 4300, 4100, 4300, 4200, 4200, 4200] cpp_raw=[1600, 1600, 1600, 1600, 1600, 1600, 14600, 1600, 1600, 1600, 1600, 1600, 1600, 1600, 1600] public_ns=25500 bounds_ns=4200 execute_ns=25500 combined_ns=4300 cpp_ns=1600 source=53e35892b0900a36 result=c64ce8b5472789e4
case op=copy-float w=31 h=17 layout=zero-source public_raw=[29000, 28800, 29100, 29100, 28800, 28700, 28900, 28900, 29100, 28900, 29000, 28900, 28800, 29200, 29000] bounds_raw=[4500, 4500, 4700, 4700, 4500, 4600, 4600, 4400, 4500, 4500, 4500, 4600, 18500, 4500, 4500] execute_raw=[29000, 53300, 28800, 28800, 28800, 29000, 28800, 28900, 28700, 28900, 28700, 28800, 29000, 29000, 29000] combined_raw=[4500, 7700, 4400, 4500, 4300, 4400, 4500, 4600, 4400, 4400, 4500, 4400, 4400, 4400, 4500] cpp_raw=[1900, 1900, 1900, 1900, 1900, 1900, 1900, 1900, 1900, 1900, 1900, 1700, 1700, 1700, 1700] public_ns=28900 bounds_ns=4500 execute_ns=28900 combined_ns=4400 cpp_ns=1900 source=48a265c435185a17 result=a412cbd3d3c5dc8f
case op=copy-Pod w=31 h=17 layout=zero-source public_raw=[28600, 28600, 28700, 28700, 42200, 28600, 28900, 28900, 28600, 28800, 28900, 28700, 29100, 94100, 28800] bounds_raw=[4400, 4300, 4300, 4400, 4300, 4300, 4300, 4300, 4300, 4300, 4500, 4300, 4500, 4600, 4400] execute_raw=[28700, 28700, 28800, 28800, 28900, 28500, 28800, 28900, 28800, 29000, 29000, 28700, 28700, 29200, 29100] combined_raw=[4500, 4500, 4500, 4400, 4600, 4400, 4400, 4500, 4500, 16000, 4500, 4400, 4500, 4500, 4500] cpp_raw=[1900, 1900, 1900, 1900, 1900, 1900, 1900, 1900, 1900, 1900, 1800, 1700, 1700, 1700, 1800] public_ns=28800 bounds_ns=4300 execute_ns=28800 combined_ns=4500 cpp_ns=1900 source=6b0827ecdc4a539a result=3ed4b3ed28cdbf2
case op=convert-ubyte-float w=31 h=17 layout=zero-source public_raw=[75300, 75600, 75200, 75400, 75200, 75400, 159600, 74800, 74700, 75200, 75600, 75500, 76100, 75900, 75900] bounds_raw=[4700, 4600, 4600, 4500, 4600, 4500, 4500, 4700, 4600, 4800, 4800, 4600, 4800, 4600, 4500] execute_raw=[74800, 106700, 75100, 74800, 74800, 92200, 74500, 75500, 75600, 75600, 76100, 75500, 102400, 75600, 75900] combined_raw=[4400, 4500, 4400, 4300, 4300, 4500, 5300, 4600, 4500, 4400, 4400, 4400, 4600, 4400, 4600] cpp_raw=[300, 300, 300, 300, 300, 300, 300, 300, 300, 300, 300, 300, 300, 300, 300] public_ns=75400 bounds_ns=4600 execute_ns=75600 combined_ns=4400 cpp_ns=300 source=53e35892b0900a36 result=7db46195730ddc8f
case op=copy-ubyte w=256 h=128 layout=contiguous public_raw=[900, 800, 700, 600, 700, 700, 1400, 600, 600, 700, 600, 700, 600, 700, 700] bounds_raw=[700, 700, 700, 600, 700, 600, 600, 800, 700, 600, 600, 900, 600, 700, 600] execute_raw=[700, 700, 700, 600, 700, 600, 600, 700, 900, 600, 900, 800, 600, 700, 600] combined_raw=[900, 700, 700, 600, 800, 600, 700, 700, 600, 700, 700, 700, 600, 800, 600] cpp_raw=[800, 700, 700, 700, 700, 700, 700, 700, 700, 700, 800, 700, 700, 800, 700] public_ns=700 bounds_ns=700 execute_ns=700 combined_ns=700 cpp_ns=700 source=e61b28efac3482a5 result=19f1026d069dd2bd
case op=copy-float w=256 h=128 layout=contiguous public_raw=[2500, 3200, 2500, 2300, 2800, 2300, 2400, 2500, 2400, 2400, 2600, 2600, 2400, 2500, 2500] bounds_raw=[2500, 3100, 2500, 3400, 2400, 2400, 2400, 2500, 2600, 2400, 2800, 2300, 2500, 2500, 2300] execute_raw=[2400, 2800, 2800, 2600, 2400, 2600, 2300, 2600, 2500, 2300, 2400, 2400, 2400, 2400, 2600] combined_raw=[2400, 2500, 3000, 2400, 2500, 2500, 2300, 3400, 2400, 2600, 2400, 2300, 2400, 2400, 2400] cpp_raw=[2400, 2300, 2300, 2300, 2300, 2300, 2200, 2300, 2300, 2300, 2300, 2300, 2400, 2200, 2300] public_ns=2500 bounds_ns=2500 execute_ns=2400 combined_ns=2400 cpp_ns=2300 source=94c035f8504217ab result=e20bab30ff99efbd
case op=copy-Pod w=256 h=128 layout=contiguous public_raw=[5300, 5100, 5300, 5300, 5200, 6200, 5200, 5300, 5400, 5400, 5800, 5300, 5300, 6100, 5000] bounds_raw=[5400, 5100, 5500, 4900, 5500, 5000, 5300, 5100, 5000, 4900, 5000, 5100, 5000, 5000, 5700] execute_raw=[5100, 5600, 5400, 5300, 5300, 5800, 5300, 5500, 5500, 6500, 5300, 4800, 5000, 5700, 4900] combined_raw=[5100, 5400, 5300, 5100, 7400, 4900, 5100, 5300, 5200, 5300, 5100, 5300, 5500, 5100, 5500] cpp_raw=[5300, 5300, 4900, 5100, 4800, 5300, 5500, 5500, 5000, 4600, 4900, 4900, 4600, 4600, 5400] public_ns=5300 bounds_ns=5100 execute_ns=5300 combined_ns=5300 cpp_ns=5000 source=780acdd2b0446151 result=3e08e0fcd50e93b1
case op=convert-ubyte-float w=256 h=128 layout=contiguous public_raw=[186600, 186600, 248000, 186500, 186700, 186500, 186600, 186900, 186500, 186500, 186500, 186800, 418800, 186700, 186900] bounds_raw=[186500, 186500, 186700, 186600, 186700, 297300, 219700, 213300, 207500, 186600, 186800, 186700, 186800, 186500, 186800] execute_raw=[18000, 17900, 18000, 24300, 18100, 18500, 18100, 18100, 18200, 17800, 18000, 18200, 18000, 18300, 18200] combined_raw=[18000, 39500, 18000, 18000, 18000, 18300, 18000, 18000, 18100, 18200, 17900, 18000, 18000, 18200, 18200] cpp_raw=[2800, 2800, 2800, 3100, 2800, 3100, 3000, 3000, 2800, 2800, 2700, 3000, 4100, 3100, 3000] public_ns=186600 bounds_ns=186700 execute_ns=18100 combined_ns=18000 cpp_ns=3000 source=e61b28efac3482a5 result=8edc22d932e14fbd
case op=copy-ubyte w=256 h=128 layout=padded public_raw=[5834100, 5894000, 5707200, 6130000, 5659400, 5774200, 5635100, 5777000, 5597400, 5855900, 5602600, 5634300, 5504200, 5493500, 6388000] bounds_raw=[303700, 260500, 269300, 308800, 258100, 257300, 255900, 261900, 272600, 255700, 261600, 264900, 274600, 336500, 319200] execute_raw=[5664400, 5232400, 5367300, 5390100, 5228300, 5270400, 5550100, 5104400, 5350500, 5399700, 5513900, 5357400, 5394400, 5101800, 6102400] combined_raw=[2700, 2600, 2600, 2400, 2700, 2400, 2700, 2700, 2300, 3100, 2800, 2600, 3000, 2300, 4200] cpp_raw=[1000, 1000, 1000, 1100, 900, 1500, 1200, 1000, 1000, 1000, 1500, 800, 1600, 900, 800] public_ns=5707200 bounds_ns=264900 execute_ns=5367300 combined_ns=2700 cpp_ns=1000 source=e5a18b0018a9faa5 result=d702cf3fb5e29e3d
case op=copy-float w=256 h=128 layout=padded public_raw=[5614800, 6541800, 5583600, 5547400, 5986700, 5779300, 5942600, 5604000, 5503200, 5595800, 5671000, 6077100, 5968800, 5630200, 5838400] bounds_raw=[265900, 328200, 302700, 263800, 267300, 492600, 264800, 282100, 271500, 288000, 289200, 267400, 281700, 270600, 268800] execute_raw=[5179600, 5550200, 5280600, 5465900, 5641500, 5497800, 5509600, 5833000, 5143100, 5331900, 5303600, 5319700, 6276000, 5529800, 5347700] combined_raw=[4100, 3800, 4400, 3000, 4400, 3600, 4000, 4300, 3200, 3400, 3600, 3100, 4300, 2900, 4200] cpp_raw=[2700, 2800, 2900, 2600, 3300, 3100, 2700, 3400, 2600, 2700, 3200, 2700, 3500, 2600, 3100] public_ns=5671000 bounds_ns=271500 execute_ns=5465900 combined_ns=3800 cpp_ns=2800 source=36662a215b68a60b result=bf1783c6025d513d
case op=copy-Pod w=256 h=128 layout=padded public_raw=[5586100, 5644700, 5562100, 5616800, 5427300, 5563900, 5920200, 5492900, 5494100, 5608200, 5633700, 6616000, 5737800, 5772000, 5547000] bounds_raw=[295300, 298700, 379900, 277100, 275300, 261000, 274700, 412900, 277900, 261900, 276000, 261300, 262500, 263800, 275600] execute_raw=[5602600, 5303400, 5283300, 5277400, 5443900, 5280200, 5573600, 5194700, 5662800, 5501600, 5339600, 5686400, 5446800, 5521900, 5429700] combined_raw=[7300, 6200, 6700, 6400, 6900, 7200, 6500, 7300, 7700, 8100, 7200, 6300, 8000, 6700, 7200] cpp_raw=[5600, 6200, 6700, 6000, 5700, 5800, 5600, 5500, 6600, 5700, 6700, 6600, 6500, 5600, 5500] public_ns=5608200 bounds_ns=275600 execute_ns=5443900 combined_ns=7200 cpp_ns=5800 source=49f9223bca7c6711 result=6d7da255f160ecf1
case op=convert-ubyte-float w=256 h=128 layout=padded public_raw=[27550500, 29632800, 27333800, 27075700, 34850100, 29811600, 29286900, 27597100, 31326700, 27924100, 27040800, 28712400, 29817700, 27809900, 31021700] bounds_raw=[366800, 276700, 269300, 267600, 269500, 269400, 1217300, 514800, 273500, 268800, 270200, 312300, 269100, 275400, 276700] execute_raw=[29280200, 27454300, 27272200, 28008900, 30780800, 27741500, 31103500, 28012700, 27521300, 29007200, 27682800, 28507800, 29870500, 27633600, 28249800] combined_raw=[21400, 21400, 21400, 19500, 21400, 21000, 21300, 21300, 19700, 20800, 21200, 21200, 21300, 19600, 21300] cpp_raw=[3000, 3300, 3300, 2900, 3000, 3000, 3100, 3600, 3300, 3100, 3100, 3300, 2900, 2900, 3400] public_ns=28712400 bounds_ns=273500 execute_ns=28012700 combined_ns=21300 cpp_ns=3100 source=e5a18b0018a9faa5 result=8d94738f899eb13d
case op=copy-ubyte w=256 h=128 layout=negative-source public_raw=[5559800, 5605300, 5622900, 5445200, 5996800, 5653500, 5562400, 5822600, 5861700, 5669000, 8278000, 5661900, 5482800, 6229900, 5642500] bounds_raw=[256100, 260600, 259900, 259700, 309200, 267500, 271700, 293800, 256300, 261800, 275900, 262100, 258200, 289400, 263300] execute_raw=[5238600, 5402700, 5293300, 5160600, 5240600, 5204000, 5171000, 5498600, 5688100, 5478700, 5093600, 5505600, 5435800, 8903400, 8581200] combined_raw=[3100, 2700, 2600, 2200, 3000, 2600, 2300, 2900, 2700, 3200, 2700, 2600, 2900, 2300, 3400] cpp_raw=[1000, 1200, 1500, 800, 900, 1500, 800, 1100, 800, 1200, 1900, 900, 1000, 1000, 1800] public_ns=5653500 bounds_ns=262100 execute_ns=5402700 combined_ns=2700 cpp_ns=1000 source=e5a18b0018a9faa5 result=d702cf3fb5e29e3d
case op=copy-float w=256 h=128 layout=negative-source public_raw=[5905300, 5590300, 8188500, 5658400, 5614900, 5636800, 5644400, 5888700, 5820000, 5785900, 5463900, 5983700, 5660900, 5548200, 5518500] bounds_raw=[264200, 324200, 300800, 272100, 269400, 267300, 267200, 303900, 267100, 327600, 282900, 294400, 303000, 265600, 269000] execute_raw=[5341200, 5533900, 5208000, 5682700, 5309000, 5237100, 5299700, 5264500, 5349400, 5584400, 5206800, 5314700, 5553500, 5493400, 5197800] combined_raw=[4000, 3700, 3600, 3600, 4000, 3800, 3500, 3600, 3800, 4000, 4500, 3400, 3600, 3100, 3700] cpp_raw=[3300, 3300, 2800, 3000, 3500, 2900, 2800, 3000, 4000, 3200, 3400, 2700, 3000, 2700, 3100] public_ns=5658400 bounds_ns=272100 execute_ns=5314700 combined_ns=3700 cpp_ns=3000 source=36662a215b68a60b result=bf1783c6025d513d
case op=copy-Pod w=256 h=128 layout=negative-source public_raw=[5541000, 5531700, 5934700, 5567000, 5542900, 5914600, 5524100, 5589900, 5665700, 5780700, 5494000, 5713600, 5571000, 5649600, 5770100] bounds_raw=[261300, 274300, 506900, 280200, 263900, 280900, 265300, 277700, 297900, 261600, 261200, 266900, 264500, 262800, 264200] execute_raw=[5271800, 5257200, 7616100, 5562100, 5295700, 5296500, 5576600, 5373600, 5373600, 5472800, 5261900, 7582200, 5559500, 5457300, 5480600] combined_raw=[7600, 7300, 10900, 6900, 7500, 7800, 7000, 7700, 6300, 7000, 7800, 13300, 9300, 7600, 8000] cpp_raw=[5500, 5400, 6300, 5600, 5700, 6600, 5600, 6500, 5500, 5800, 8600, 6900, 5200, 5600, 6900] public_ns=5589900 bounds_ns=265300 execute_ns=5457300 combined_ns=7600 cpp_ns=5700 source=7247388808cf2711 result=6d7da255f160ecf1
case op=convert-ubyte-float w=256 h=128 layout=negative-source public_raw=[28029800, 27466400, 28078400, 28046200, 27731500, 27105200, 27414000, 28029200, 29860600, 27653000, 28313100, 27206700, 28939700, 28338500, 27560300] bounds_raw=[270900, 281500, 270100, 272400, 267300, 290700, 267400, 289900, 269800, 289800, 289300, 274800, 273100, 303500, 301600] execute_raw=[27792200, 26878400, 27466100, 29528400, 27335100, 26583400, 27680800, 27312400, 27735800, 28867700, 27429700, 27846300, 26748500, 27559100, 30394300] combined_raw=[21400, 21000, 21700, 19600, 21200, 24100, 21100, 21100, 19900, 21400, 21200, 20800, 21000, 19700, 21300] cpp_raw=[3600, 3400, 3000, 3100, 3200, 3100, 3000, 3500, 3400, 3300, 3000, 3300, 3500, 4000, 3200] public_ns=28029200 bounds_ns=274800 execute_ns=27559100 combined_ns=21100 cpp_ns=3300 source=e5a18b0018a9faa5 result=8d94738f899eb13d
case op=copy-ubyte w=256 h=128 layout=negative-both public_raw=[6002200, 5667300, 5862600, 5646200, 5624600, 5708500, 5528700, 5539800, 5510400, 5486400, 5519400, 5454900, 5733500, 5697300, 5815800] bounds_raw=[254700, 260600, 274800, 260800, 274300, 256300, 260600, 256200, 461400, 273600, 261500, 267900, 312500, 272800, 262500] execute_raw=[5656100, 5642800, 5192200, 5279500, 5401700, 5364400, 5631400, 5410800, 5270200, 5180900, 5158000, 5662600, 5429700, 5200100, 5293400] combined_raw=[3000, 2900, 2900, 2400, 2900, 2700, 2800, 2800, 2400, 2500, 2400, 3200, 2800, 2700, 2800] cpp_raw=[900, 800, 900, 1500, 700, 800, 1000, 1000, 700, 900, 700, 1000, 1500, 900, 900] public_ns=5646200 bounds_ns=262500 execute_ns=5364400 combined_ns=2800 cpp_ns=900 source=e5a18b0018a9faa5 result=d702cf3fb5e29e3d
case op=copy-float w=256 h=128 layout=negative-both public_raw=[5564100, 5538400, 5956800, 5594700, 5855800, 6609700, 5869000, 5674300, 5547400, 5780500, 5747800, 8242900, 5618500, 5580200, 5545900] bounds_raw=[327100, 284400, 301200, 265500, 265400, 266600, 271600, 267600, 270900, 298600, 347200, 266200, 264200, 269700, 263900] execute_raw=[5094600, 5159900, 5194500, 5201200, 5737100, 6223600, 5294400, 5403400, 5409800, 5293300, 5556700, 5519400, 5230100, 5358300, 5591200] combined_raw=[3900, 3900, 3200, 3500, 3600, 4600, 3300, 4300, 3300, 3600, 4500, 3900, 3800, 3100, 4300] cpp_raw=[2500, 2600, 2600, 3600, 2700, 3400, 2800, 2700, 2600, 2700, 3000, 2800, 3000, 2600, 3000] public_ns=5674300 bounds_ns=269700 execute_ns=5358300 combined_ns=3800 cpp_ns=2700 source=36662a215b68a60b result=bf1783c6025d513d
case op=copy-Pod w=256 h=128 layout=negative-both public_raw=[5537200, 5546200, 5571900, 5553300, 5716400, 5587100, 5900300, 5579200, 5941700, 5547300, 5406900, 5487100, 16091300, 8835200, 5760600] bounds_raw=[261100, 261600, 279000, 263000, 261500, 262100, 262400, 347900, 263000, 263900, 263000, 260700, 277000, 276400, 311200] execute_raw=[5306400, 5455100, 5195700, 5515400, 5796000, 5178300, 5185600, 5299600, 5374800, 5242400, 5384700, 5510100, 6144500, 5703900, 5405000] combined_raw=[6400, 6300, 6100, 6000, 7300, 6200, 6900, 7000, 6900, 6500, 7300, 6200, 9500, 6700, 7800] cpp_raw=[5000, 5600, 5700, 5600, 5400, 5400, 5200, 5900, 5800, 6100, 5100, 5700, 6500, 6800, 9800] public_ns=5579200 bounds_ns=263000 execute_ns=5384700 combined_ns=6700 cpp_ns=5700 source=7247388808cf2711 result=9cc58c133fed2cf1
case op=convert-ubyte-float w=256 h=128 layout=negative-both public_raw=[27765400, 29837000, 31550500, 28547500, 29641300, 28335600, 30324800, 27610200, 27304200, 27422800, 29204800, 27171200, 27342800, 27359200, 32363100] bounds_raw=[270000, 365000, 389900, 424100, 271200, 270300, 285300, 285400, 283000, 272400, 270300, 268200, 272200, 282300, 269500] execute_raw=[26977100, 27722400, 27798800, 29766400, 27397000, 27662300, 27180000, 27412200, 27352800, 27129300, 27711700, 27093500, 27192700, 28327200, 29556200] combined_raw=[21100, 21000, 21500, 19800, 21100, 20800, 20800, 21400, 19600, 21300, 21100, 21500, 20900, 19700, 21400] cpp_raw=[4900, 3600, 3500, 3100, 3600, 3500, 3100, 3500, 3100, 3600, 3100, 3300, 3500, 3400, 3700] public_ns=28335600 bounds_ns=272400 execute_ns=27412200 combined_ns=21100 cpp_ns=3500 source=e5a18b0018a9faa5 result=8d94738f899eb13d
case op=copy-ubyte w=256 h=128 layout=universal public_raw=[5692100, 5498700, 5445200, 5583000, 8564600, 5759700, 5579700, 5623800, 5935000, 6285300, 6821600, 5713900, 5646300, 5605300, 5684700] bounds_raw=[282700, 266100, 255700, 255600, 352700, 259100, 268200, 262300, 301800, 304900, 390200, 261200, 283600, 329300, 262200] execute_raw=[5565600, 5503900, 5499600, 5397900, 5850000, 5886600, 5465900, 5689400, 5507600, 5679100, 5889800, 6020700, 5707800, 5552600, 5611900] combined_raw=[259000, 263600, 265700, 258200, 262500, 261300, 262700, 258200, 267100, 688300, 258200, 318100, 262500, 257500, 262900] cpp_raw=[98500, 98300, 98400, 98300, 98300, 98400, 98300, 109800, 113200, 98300, 98400, 98500, 98300, 98300, 98300] public_ns=5684700 bounds_ns=268200 execute_ns=5611900 combined_ns=262500 cpp_ns=98300 source=2ca74caf843b767b result=186aee41ab7388cf
case op=copy-float w=256 h=128 layout=universal public_raw=[5838900, 6196200, 5985400, 5965600, 6550200, 6442500, 5974800, 5820400, 5849900, 6565800, 7065800, 5858400, 5517700, 5732400, 5881500] bounds_raw=[269300, 269000, 305000, 300800, 271100, 314800, 294600, 343800, 268100, 268000, 268000, 296400, 283300, 267900, 269500] execute_raw=[5587900, 5475300, 6083300, 5568700, 5763800, 5846600, 5594400, 6877300, 7028500, 6520600, 6093800, 5554900, 5586100, 5867900, 5514500] combined_raw=[298000, 277800, 289500, 269300, 293800, 293700, 478000, 354700, 267500, 272400, 678600, 267700, 269700, 265100, 282200] cpp_raw=[107400, 107200, 107800, 211200, 107500, 107300, 131500, 107700, 128000, 107700, 107800, 107300, 107100, 144300, 107200] public_ns=5965600 bounds_ns=271100 execute_ns=5763800 combined_ns=282200 cpp_ns=107700 source=2602f36fdf024e48 result=a35a34c9a114294f
case op=copy-Pod w=256 h=128 layout=universal public_raw=[6157700, 5630200, 6104300, 5996900, 5859100, 5705700, 5975100, 5483900, 6414100, 7138300, 5827300, 5929200, 5695500, 6357000, 6194600] bounds_raw=[262900, 263300, 263200, 262400, 263300, 262700, 362900, 264100, 262900, 278300, 263200, 325800, 303800, 295400, 266500] execute_raw=[5409200, 6079600, 7906100, 5631400, 5655400, 5674500, 5989000, 5991300, 7524100, 5886800, 5751000, 5883800, 7007900, 6061300, 5622400] combined_raw=[279800, 268300, 303300, 294900, 268800, 269700, 267700, 300700, 520700, 270200, 268000, 303800, 270000, 268800, 268300] cpp_raw=[107400, 107700, 108200, 107700, 107200, 107400, 107400, 107600, 113100, 107900, 107500, 107500, 108600, 108000, 107700] public_ns=5975100 bounds_ns=263300 execute_ns=5886800 combined_ns=270000 cpp_ns=107700 source=e9e6a4e830f5d812 result=65aae9126466d5ba
case op=convert-ubyte-float w=256 h=128 layout=universal public_raw=[16037100, 18244000, 17987000, 16754500, 16645000, 16553200, 15940200, 26267800, 15768200, 16331400, 15472700, 18330800, 15763400, 17673500, 19197100] bounds_raw=[282000, 269100, 269100, 275300, 272700, 273400, 270800, 273900, 270400, 314500, 380800, 268300, 269000, 299900, 418700] execute_raw=[15639700, 15970800, 16030700, 18131700, 16255400, 16141500, 16133600, 17526000, 16299800, 15679800, 16183200, 19180600, 16681400, 18223000, 17908500] combined_raw=[268100, 283500, 273100, 267700, 268100, 267700, 267600, 300900, 280200, 269400, 268400, 1157600, 289000, 288100, 267700] cpp_raw=[18100, 18100, 27800, 18100, 18600, 72500, 18300, 18300, 18300, 18200, 18300, 18200, 18200, 18300, 18800] public_ns=16645000 bounds_ns=273400 execute_ns=16255400 combined_ns=269400 cpp_ns=18300 source=2ca74caf843b767b result=9981b35893e1a94f
case op=copy-ubyte w=256 h=128 layout=universal-negative public_raw=[6988700, 5662500, 5594300, 5824300, 7097700, 5582100, 6292600, 6277800, 5899400, 5791200, 5805100, 5874800, 7450000, 6010300, 6017700] bounds_raw=[277300, 263800, 270900, 261800, 262600, 256000, 256500, 256400, 274300, 256100, 267100, 305000, 264500, 284800, 258400] execute_raw=[6377800, 5758700, 7016500, 6514200, 6468900, 5749400, 6025600, 5690000, 5640000, 6325100, 6268900, 6291900, 5951200, 6633600, 5940200] combined_raw=[259200, 262500, 258800, 257600, 266800, 277000, 260300, 258600, 298200, 268700, 293900, 330400, 288400, 263000, 376700] cpp_raw=[98800, 111800, 156000, 98200, 98500, 98500, 98700, 112000, 98300, 98200, 98600, 98800, 98300, 99000, 110300] public_ns=5899400 bounds_ns=263800 execute_ns=6268900 combined_ns=266800 cpp_ns=98700 source=aee6fc6fec93767b result=e78d431e19cc88cf
case op=copy-float w=256 h=128 layout=universal-negative public_raw=[5622700, 5883500, 5565300, 5616200, 6380500, 7254800, 6619600, 6336900, 6049600, 5878600, 6049800, 5814400, 5601900, 6157700, 5621200] bounds_raw=[271200, 267700, 268200, 279800, 268800, 272100, 265000, 529600, 267000, 269700, 266900, 269700, 282400, 287300, 285700] execute_raw=[6264000, 5719500, 5693800, 5739900, 5874100, 6140100, 5625900, 5838000, 5841700, 6012300, 5662500, 5665700, 6070400, 5787700, 5580500] combined_raw=[267200, 289200, 282600, 266700, 268100, 267600, 277400, 269600, 301000, 331400, 286000, 280400, 271500, 293900, 269200] cpp_raw=[107400, 107200, 107700, 123400, 107400, 107800, 107400, 107500, 107900, 107400, 107600, 107300, 108100, 107400, 108000] public_ns=5883500 bounds_ns=269700 execute_ns=5787700 combined_ns=277400 cpp_ns=107500 source=a257b6291ff8ce48 result=6438f003893e294f
case op=copy-Pod w=256 h=128 layout=universal-negative public_raw=[5618300, 5935800, 6949700, 6065600, 5682200, 5834100, 5727200, 5885800, 5814500, 5853900, 5753400, 5850800, 5917700, 6189600, 5953700] bounds_raw=[263900, 264300, 267200, 267800, 267100, 264900, 263800, 266300, 305300, 303500, 264600, 431800, 265200, 267400, 264800] execute_raw=[5792700, 5744800, 5753200, 6409100, 6071100, 5756700, 6004400, 6112900, 6622800, 5809600, 7342700, 5833600, 5988600, 5944800, 5627100] combined_raw=[271900, 273700, 277400, 269700, 273100, 277100, 272100, 285400, 325900, 270300, 270100, 286000, 275100, 312100, 329500] cpp_raw=[109200, 108300, 109100, 108600, 109500, 123300, 107700, 108000, 177800, 108600, 108200, 107600, 107300, 107600, 107700] public_ns=5853900 bounds_ns=266300 execute_ns=5944800 combined_ns=275100 cpp_ns=108300 source=9d3846764beed812 result=da53e1b7f4d855ba
case op=convert-ubyte-float w=256 h=128 layout=universal-negative public_raw=[21537000, 20455900, 20155200, 28243600, 25664600, 19207700, 19098800, 20245300, 18493200, 23211700, 19815600, 20120600, 18835500, 19352200, 19358000] bounds_raw=[275900, 338400, 270100, 271700, 284300, 269600, 270200, 414600, 397800, 337200, 282400, 374500, 330100, 329900, 277500] execute_raw=[21950300, 18941400, 21196700, 27837200, 23560600, 23369900, 25627100, 18687000, 19765600, 18166600, 21213100, 19431500, 20282700, 23103600, 18239900] combined_raw=[429300, 313400, 332100, 1031300, 268900, 268300, 607400, 269600, 268600, 274300, 285400, 269000, 274500, 358500, 269600] cpp_raw=[18600, 18700, 18500, 18800, 19100, 19300, 18400, 18400, 18400, 19600, 18400, 18500, 19600, 18400, 19600] public_ns=20120600 bounds_ns=284300 execute_ns=21196700 combined_ns=274500 cpp_ns=18600 source=aee6fc6fec93767b result=b595bddcda97a94f
case op=copy-ubyte w=256 h=128 layout=repeated-source public_raw=[6003300, 6670200, 6216100, 6467200, 6289100, 6178900, 5749500, 5985100, 5833700, 6434800, 6291100, 6747100, 7600800, 6183400, 6332000] bounds_raw=[265000, 261200, 298800, 266700, 256400, 266100, 258100, 256900, 276000, 268700, 256800, 283100, 263100, 255800, 304200] execute_raw=[6561100, 7653800, 6076800, 6328800, 5655000, 5627100, 5727200, 5411200, 5930200, 5371400, 5787300, 6634600, 5432900, 5474300, 5554300] combined_raw=[3000, 4100, 3700, 2600, 2900, 3000, 2800, 2700, 2600, 3000, 3100, 2800, 2700, 2600, 2900] cpp_raw=[1700, 2000, 1600, 1300, 900, 1000, 1000, 800, 900, 1200, 1600, 1000, 1100, 1200, 1200] public_ns=6289100 bounds_ns=265000 execute_ns=5727200 combined_ns=2900 cpp_ns=1200 source=b801a0f8ceb910a5 result=d702cf3fb5e29e3d
case op=copy-float w=256 h=128 layout=repeated-source public_raw=[5778700, 5679600, 5781300, 5964700, 5867000, 5886800, 5621900, 6596200, 5892400, 6104300, 5912500, 5728000, 5772500, 5563300, 6586100] bounds_raw=[288100, 278600, 268000, 321400, 279600, 349100, 275500, 268900, 268100, 300100, 271300, 266600, 283500, 266000, 268200] execute_raw=[5252700, 5716200, 5356100, 5343000, 5361500, 5349600, 5656800, 6148100, 5481800, 5552400, 5626700, 5658700, 5360400, 5960900, 6538800] combined_raw=[4000, 3500, 3700, 3200, 3600, 3700, 3600, 3900, 3600, 4300, 4100, 3500, 3900, 3300, 5200] cpp_raw=[2200, 2100, 2200, 2300, 3200, 2400, 2400, 2500, 2600, 2300, 2900, 2100, 2200, 2100, 2800] public_ns=5867000 bounds_ns=275500 execute_ns=5552400 combined_ns=3700 cpp_ns=2300 source=2ab4dac9ab1576eb result=bf1783c6025d513d
case op=copy-Pod w=256 h=128 layout=repeated-source public_raw=[5955800, 5616100, 5536200, 5798100, 5894300, 5644600, 5556600, 6002900, 6262600, 5496700, 6071400, 5503500, 5522900, 5516300, 6611900] bounds_raw=[263800, 277400, 276000, 262100, 315500, 262700, 260800, 265100, 265300, 266200, 265000, 273000, 276200, 261400, 2096700] execute_raw=[5842100, 6754900, 5552400, 5109800, 5560700, 5501400, 5508600, 8112000, 5458900, 6965700, 5185500, 5163400, 5328700, 5099000, 5558200] combined_raw=[6600, 6800, 6000, 4300, 4900, 5200, 5600, 6400, 5200, 6000, 5000, 5100, 5800, 4700, 5800] cpp_raw=[3800, 4000, 3500, 3400, 3300, 4900, 145600, 4000, 4000, 3800, 3900, 3500, 3500, 3400, 3400] public_ns=5644600 bounds_ns=265300 execute_ns=5508600 combined_ns=5600 cpp_ns=3800 source=eeeb850fb0e39951 result=fb16e77c4b15ecf1
case op=convert-ubyte-float w=256 h=128 layout=repeated-source public_raw=[29003400, 30524100, 29281300, 29588300, 29085800, 29911500, 27621600, 27748100, 28160900, 30300800, 28393100, 31914600, 33073900, 31440300, 30427600] bounds_raw=[425100, 285700, 274500, 273400, 274000, 276300, 273600, 300400, 268900, 269700, 273000, 284400, 337400, 271200, 301200] execute_raw=[29546100, 32160400, 27775800, 27804700, 28428200, 30578500, 28705700, 27101200, 32770000, 28667700, 29047600, 28809000, 31230500, 29787600, 28720900] combined_raw=[21300, 21300, 21100, 19600, 21200, 21500, 21400, 21300, 19900, 20800, 21100, 21300, 21400, 76300, 21300] cpp_raw=[2900, 3300, 3100, 3300, 3100, 3000, 3300, 3600, 3600, 3400, 3100, 3300, 3200, 3400, 3400] public_ns=29588300 bounds_ns=274500 execute_ns=28809000 combined_ns=21300 cpp_ns=3300 source=b801a0f8ceb910a5 result=8d94738f899eb13d
case op=copy-ubyte w=256 h=128 layout=zero-source public_raw=[1674700, 1858700, 1757200, 1681900, 1664900, 1670500, 1665800, 1719400, 1652800, 1680300, 1669400, 1658800, 1759100, 1905100, 1778200] bounds_raw=[254800, 268700, 287500, 256100, 258800, 254300, 266700, 261000, 461100, 261200, 255600, 335500, 255000, 254900, 256600] execute_raw=[1748000, 1830000, 1923300, 1693600, 1766500, 1692400, 1652500, 1789600, 1744600, 1662000, 1736900, 1667900, 1674200, 1746700, 1907600] combined_raw=[274900, 258300, 259500, 256900, 265400, 261000, 259900, 256400, 262900, 258400, 258200, 259600, 272700, 279200, 264000] cpp_raw=[98500, 98300, 98300, 98200, 98400, 109100, 98300, 98400, 98200, 100600, 98500, 98300, 98400, 98300, 98300] public_ns=1680300 bounds_ns=258800 execute_ns=1744600 combined_ns=259900 cpp_ns=98300 source=ea3b47c803d61b61 result=805f2b0ca3e19e3d
case op=copy-float w=256 h=128 layout=zero-source public_raw=[1942400, 1647800, 1707600, 1789400, 1871800, 1789900, 1760000, 1650400, 1675100, 1769900, 1677400, 1679300, 1732300, 1669700, 1816500] bounds_raw=[266000, 273500, 445200, 265800, 265300, 293000, 535900, 278200, 277100, 266100, 302400, 284000, 266100, 271100, 267400] execute_raw=[1674000, 1660300, 1648200, 1730500, 1756400, 1663200, 1665000, 1804500, 1658400, 1656700, 1642200, 1769600, 1726200, 1716500, 1736800] combined_raw=[276000, 263900, 344500, 270500, 283200, 264300, 268000, 266200, 264700, 278200, 266100, 335700, 263700, 296700, 270200] cpp_raw=[107400, 107100, 127700, 109000, 107300, 107100, 107000, 128700, 107100, 107100, 107100, 107200, 107100, 107100, 107200] public_ns=1732300 bounds_ns=273500 execute_ns=1674000 combined_ns=270200 cpp_ns=107100 source=3ee659a586185a17 result=d3a2f65955b6b13d
case op=copy-Pod w=256 h=128 layout=zero-source public_raw=[1810900, 1658600, 1967600, 1643100, 1647200, 1998800, 1799300, 1868000, 1726400, 1642500, 1799200, 1653600, 1715700, 1651300, 1645300] bounds_raw=[300400, 263300, 264100, 260400, 263000, 260900, 260900, 261300, 261900, 263200, 267700, 378000, 261100, 274000, 260700] execute_raw=[1661200, 2025100, 2650100, 1804400, 1649000, 1998300, 1768600, 1896500, 1707200, 1742400, 1682300, 1779300, 1749700, 1682400, 1666300] combined_raw=[487300, 267800, 292800, 286900, 266000, 266400, 268000, 274000, 290600, 265900, 280000, 285000, 268700, 296600, 266000] cpp_raw=[107300, 107500, 107600, 107700, 107200, 122900, 107200, 107600, 107100, 107200, 107400, 107100, 107100, 107300, 107200] public_ns=1715700 bounds_ns=263000 execute_ns=1749700 combined_ns=274000 cpp_ns=107300 source=52489578602bbe06 result=ef186d4d74d56cf1
case op=convert-ubyte-float w=256 h=128 layout=zero-source public_raw=[4710500, 5052400, 4330100, 4823700, 4346600, 4348000, 4362300, 5044300, 4514900, 4699500, 4340900, 4627800, 4330700, 4518900, 4328400] bounds_raw=[587000, 358900, 276300, 380000, 283400, 314500, 266900, 363500, 268500, 269900, 268100, 267800, 279800, 270200, 288800] execute_raw=[5648500, 5730500, 4754700, 4500500, 4555400, 4622600, 4699800, 4509800, 4655800, 4554500, 4326100, 4336800, 4340300, 4457700, 4549600] combined_raw=[368500, 526800, 274000, 310000, 285600, 354800, 268000, 274800, 266900, 273000, 290100, 265300, 266500, 266100, 283000] cpp_raw=[18300, 18300, 18600, 18200, 18200, 18300, 18100, 72400, 18300, 18300, 18400, 18400, 18200, 18100, 18300] public_ns=4514900 bounds_ns=279800 execute_ns=4554500 combined_ns=274800 cpp_ns=18300 source=ea3b47c803d61b61 result=fb8549580c3ab13d
case op=copy-ubyte w=2048 h=512 layout=contiguous public_raw=[26700, 56700, 27100, 36400, 27000, 29900, 26000, 30900, 30200, 25200, 95200, 26600, 27300, 37800, 27200] bounds_raw=[37300, 24600, 84000, 27800, 25600, 36400, 44300, 30800, 27600, 25400, 29800, 26100, 26200, 30300, 25000] execute_raw=[37100, 24500, 46800, 43900, 26000, 26300, 31900, 25800, 38300, 25200, 27100, 28100, 25800, 25500, 36500] combined_raw=[29900, 25400, 28500, 26500, 26700, 58800, 25400, 24900, 27500, 38900, 26400, 34900, 46300, 26100, 27100] cpp_raw=[30200, 30700, 182000, 31000, 37700, 32300, 33800, 32400, 32300, 38300, 33500, 339900, 36000, 44800, 31800] public_ns=27300 bounds_ns=27800 execute_ns=27100 combined_ns=27100 cpp_ns=33500 source=2330a0f18d4d82a5 result=80d2fb93a399d2bd
case op=copy-float w=2048 h=512 layout=contiguous public_raw=[215000, 159400, 175500, 181000, 136200, 139700, 155800, 142500, 221600, 151600, 178900, 197000, 151300, 143700, 152800] bounds_raw=[271300, 152700, 210300, 171800, 134600, 131400, 177400, 132700, 252200, 142300, 176600, 169600, 140800, 120000, 144300] execute_raw=[172500, 149300, 146600, 140900, 171100, 140000, 241500, 145500, 190200, 150800, 195300, 152700, 194500, 137100, 268600] combined_raw=[181600, 153300, 146300, 191000, 174800, 140000, 181000, 150700, 134800, 196900, 186000, 146100, 200900, 130300, 189300] cpp_raw=[165400, 145700, 164900, 198900, 141900, 169200, 150400, 151800, 150900, 164000, 154000, 170500, 188700, 138300, 189700] public_ns=155800 bounds_ns=152700 execute_ns=152700 combined_ns=174800 cpp_ns=164000 source=13b5de7322d2f7ab result=d89816c09b0f4fbd
case op=copy-Pod w=2048 h=512 layout=contiguous public_raw=[506600, 513700, 512400, 580100, 527100, 573300, 504600, 628500, 498400, 565300, 490000, 1037700, 650200, 505100, 590400] bounds_raw=[602200, 565600, 554800, 566000, 524500, 551800, 764300, 489000, 477300, 485300, 468400, 470500, 622300, 532800, 616800] execute_raw=[522400, 561500, 576700, 580000, 521500, 528100, 493300, 520700, 440400, 478400, 506800, 512500, 544000, 525800, 548800] combined_raw=[482400, 538300, 530900, 551900, 546900, 561400, 512600, 537100, 517100, 506200, 857800, 497800, 781500, 625000, 583500] cpp_raw=[547300, 489700, 556500, 507100, 518600, 458600, 435100, 452500, 508700, 708700, 556300, 478100, 480300, 540100, 522800] public_ns=527100 bounds_ns=551800 execute_ns=522400 combined_ns=538300 cpp_ns=508700 source=d8cd6555f4166151 result=59e0883c487093b1
case op=convert-ubyte-float w=2048 h=512 layout=contiguous public_raw=[6413200, 6118800, 6939800, 7141400, 6762800, 6697100, 6313300, 6364100, 6635500, 6375000, 6735200, 6394700, 6474300, 28245200, 7198300] bounds_raw=[6477600, 6451100, 6443400, 6775900, 6246800, 6272100, 6154800, 6308300, 6522600, 6460900, 6182400, 6131500, 6156400, 6568000, 6516800] execute_raw=[574200, 880900, 854400, 871300, 889700, 848700, 855600, 870100, 886900, 575000, 722000, 1438700, 750600, 915600, 836300] combined_raw=[753300, 1087000, 739400, 689000, 726700, 797800, 955300, 867600, 711000, 752900, 726400, 800900, 949000, 6115500, 869400] cpp_raw=[87000, 98000, 86300, 88900, 102400, 91000, 87900, 97900, 99300, 99900, 101000, 102300, 106900, 112100, 89700] public_ns=6635500 bounds_ns=6443400 execute_ns=855600 combined_ns=797800 cpp_ns=98000 source=2330a0f18d4d82a5 result=8830660fbe034fbd
case op=copy-ubyte w=2048 h=512 layout=padded public_raw=[115389800, 106900100, 101922600, 104027200, 111424700, 104391300, 107241800, 102533000, 104053600, 111200700, 108879100, 108119900, 115991400, 137584900, 109365900] bounds_raw=[9920300, 9812100, 9051900, 9950200, 10942700, 8720600, 12469600, 8712600, 8644500, 8836600, 9888000, 10780000, 10173200, 9422100, 9807000] execute_raw=[95445300, 98297500, 94172700, 95346700, 91638200, 103908400, 97429400, 93717100, 95786200, 92569200, 93271700, 101899500, 97592400, 95568100, 97082300] combined_raw=[43500, 34600, 41400, 40900, 44400, 32500, 32000, 128800, 32300, 32000, 31300, 34500, 40100, 92100, 54300] cpp_raw=[43200, 35600, 41300, 45700, 89000, 35100, 29500, 36300, 33200, 43200, 38200, 37200, 44900, 69300, 99900] public_ns=108119900 bounds_ns=9812100 execute_ns=95568100 combined_ns=40100 cpp_ns=41300 source=ae83cf5b1e4efaa5 result=824b457e72415e3d
case op=copy-float w=2048 h=512 layout=padded public_raw=[101785500, 105460500, 105359400, 103033100, 106259800, 98556900, 100913200, 98273600, 97243600, 102786900, 98592200, 109970300, 102653100, 101971000, 101607400] bounds_raw=[8897100, 9310800, 9895900, 8967300, 8965600, 9244500, 8963500, 8657400, 9956900, 8632800, 8811800, 9579100, 8941500, 9636000, 9129700] execute_raw=[90862500, 88490300, 118540300, 92770200, 86840500, 85870600, 92113600, 87816100, 88282200, 103985500, 93022200, 91019800, 90383600, 91941300, 87370000] combined_raw=[169400, 163900, 196500, 207200, 163000, 181800, 299100, 136400, 176200, 171500, 186100, 160100, 165000, 160800, 350400] cpp_raw=[125800, 143300, 126500, 183600, 241100, 162300, 160400, 115400, 153800, 168800, 129700, 127500, 129900, 135300, 154300] public_ns=101971000 bounds_ns=8967300 execute_ns=90862500 combined_ns=171500 cpp_ns=143300 source=f707132824e3b60b result=7e1f3007cb46713d
case op=copy-Pod w=2048 h=512 layout=padded public_raw=[95585400, 94916000, 99207100, 97450300, 93826600, 95553600, 95224700, 97956800, 97729000, 96554700, 96712600, 96250700, 105118200, 105288100, 99481900] bounds_raw=[9291800, 9473200, 8749800, 8704900, 8508600, 8567900, 9689300, 8609300, 8781900, 8812000, 8692500, 8700900, 8541400, 9070900, 8748400] execute_raw=[84369400, 84188200, 89073400, 89355900, 84163200, 97553900, 89447900, 90215600, 87958000, 89857600, 89582100, 85001700, 85719400, 85534700, 89592200] combined_raw=[470300, 452000, 559400, 492700, 408300, 508000, 551500, 568000, 499000, 446100, 479400, 438600, 433600, 675600, 782100] cpp_raw=[470100, 404800, 615200, 516400, 537100, 605800, 537900, 461700, 526200, 413300, 455900, 444300, 427600, 422500, 1031300] public_ns=96712600 bounds_ns=8748400 execute_ns=89073400 combined_ns=492700 cpp_ns=470100 source=e31314711d294711 result=cd84131d95f48cf1
case op=convert-ubyte-float w=2048 h=512 layout=padded public_raw=[476270800, 478290900, 501625400, 526877200, 495763300, 493755400, 590744800, 555667300, 560300800, 514077600, 480401000, 533062100, 538226000, 516325100, 496767500] bounds_raw=[9592100, 9996600, 9182300, 9612400, 9299400, 9744700, 12921000, 10194200, 9563700, 9683800, 9974500, 11137700, 9673800, 9624700, 10062800] execute_raw=[480932700, 472331700, 494400500, 463591100, 472608800, 588030700, 578495800, 518648700, 526725300, 504182400, 506074200, 497819000, 510585900, 475940300, 492692000] combined_raw=[881200, 863400, 817700, 743200, 1142100, 1053300, 1137400, 991400, 1110800, 575600, 786500, 918500, 903900, 700400, 743600] cpp_raw=[87300, 148600, 89500, 98000, 131600, 87200, 94100, 98500, 162300, 89900, 89500, 136800, 99800, 99000, 98900] public_ns=514077600 bounds_ns=9683800 execute_ns=497819000 combined_ns=881200 cpp_ns=98500 source=ae83cf5b1e4efaa5 result=a6f0b1d68eba713d
case op=copy-ubyte w=2048 h=512 layout=negative-source public_raw=[104167700, 102017300, 105488200, 105695600, 98217300, 101067800, 102669800, 105525700, 105385200, 100099500, 112851400, 109821400, 107671300, 103151300, 113132800] bounds_raw=[11268000, 9621200, 12814900, 10896700, 9003100, 8750500, 9369200, 9440100, 13153400, 10775100, 9040200, 9255600, 9152900, 8451200, 9559300] execute_raw=[93631200, 89886500, 97141600, 92277700, 85947500, 96264800, 89329600, 94834400, 94133300, 96519500, 93077500, 92056600, 98233800, 97456400, 97157700] combined_raw=[84200, 68200, 58100, 60900, 47600, 63500, 49800, 45900, 87900, 55100, 47000, 47100, 62500, 43900, 99600] cpp_raw=[33000, 37200, 38900, 37400, 69300, 52200, 33100, 54300, 33000, 225400, 32700, 58900, 44200, 32800, 36500] public_ns=105385200 bounds_ns=9440100 execute_ns=94133300 combined_ns=58100 cpp_ns=37400 source=ae83cf5b1e4efaa5 result=824b457e72415e3d
case op=copy-float w=2048 h=512 layout=negative-source public_raw=[120614200, 106751800, 104177300, 109788300, 112194100, 124823500, 112144400, 104961900, 107848000, 120054800, 105191900, 118870100, 112054600, 110976700, 113460500] bounds_raw=[10573400, 9721800, 11477200, 10700100, 9046900, 11051000, 10546400, 9915200, 8862400, 11681700, 9854700, 12092700, 9327200, 9216700, 9793200] execute_raw=[98010900, 100856500, 105598200, 101420300, 101813800, 100926700, 98581200, 95151000, 94031300, 106020400, 98320100, 100389600, 99129700, 101493800, 96683200] combined_raw=[301200, 334700, 384800, 281200, 247800, 241700, 180000, 286900, 399200, 351400, 253300, 243000, 275100, 277900, 232300] cpp_raw=[180400, 274800, 234600, 146900, 252700, 227300, 153600, 429100, 666500, 290100, 188500, 168900, 295600, 394000, 428000] public_ns=112054600 bounds_ns=9915200 execute_ns=100389600 combined_ns=277900 cpp_ns=252700 source=f707132824e3b60b result=7e1f3007cb46713d
case op=copy-Pod w=2048 h=512 layout=negative-source public_raw=[108032500, 101397900, 97658800, 98463600, 96791400, 97294200, 95381400, 96986000, 103276900, 96143800, 110120400, 101114600, 94463300, 97929400, 96240400] bounds_raw=[10118100, 11148200, 11473300, 10010200, 9352000, 9016000, 9362300, 9286100, 8718600, 9274000, 8756400, 13635500, 9147300, 8762100, 8969300] execute_raw=[108575800, 104816600, 95410700, 92108700, 86247200, 87540600, 85426300, 89090300, 87968400, 90884000, 95504900, 99287700, 87993000, 85244400, 86768000] combined_raw=[829700, 803500, 759800, 727400, 666100, 747600, 676200, 930200, 788900, 747400, 1096800, 722500, 639400, 933700, 763100] cpp_raw=[752100, 754400, 875000, 739800, 710500, 789800, 589000, 841500, 680000, 731700, 749200, 637900, 691600, 909700, 692800] public_ns=97658800 bounds_ns=9286100 execute_ns=89090300 combined_ns=759800 cpp_ns=739800 source=a98d88b93a2d4711 result=cd84131d95f48cf1
case op=convert-ubyte-float w=2048 h=512 layout=negative-source public_raw=[486432500, 488562500, 486653700, 493310700, 474038700, 455494000, 469893300, 487752100, 495435500, 478022500, 503864100, 481528100, 476519900, 475080000, 472614000] bounds_raw=[9596800, 8847000, 9820400, 10588000, 8999500, 9892000, 10021900, 9112900, 11252600, 8847900, 9667800, 9224100, 12595400, 9827700, 9906500] execute_raw=[476173600, 477616900, 465068600, 483220500, 470844500, 477492400, 482654200, 441768900, 473605100, 477688400, 500011400, 475261900, 452040400, 472097300, 462718600] combined_raw=[833800, 937400, 896600, 982700, 1026700, 1014200, 1608100, 964300, 1111700, 723200, 882800, 601700, 987700, 930000, 901400] cpp_raw=[202400, 151300, 121000, 167200, 331300, 168200, 214000, 243000, 123600, 169100, 108700, 123000, 192800, 121200, 237600] public_ns=481528100 bounds_ns=9820400 execute_ns=475261900 combined_ns=937400 cpp_ns=168200 source=ae83cf5b1e4efaa5 result=a6f0b1d68eba713d
case op=copy-ubyte w=2048 h=512 layout=negative-both public_raw=[100446500, 103876600, 102075600, 101318300, 100327300, 98396500, 102963500, 105982300, 100382200, 97118000, 96612500, 95959200, 99792700, 98251400, 104396800] bounds_raw=[8925300, 8527400, 8834900, 9199500, 9192900, 9058700, 12598000, 9800700, 8380100, 8740100, 9977900, 8529800, 10008200, 8586400, 10076600] execute_raw=[89873200, 98185500, 90644800, 94742200, 90851900, 93432400, 92805300, 90142700, 92787200, 88406600, 87838800, 89295500, 90693400, 87962600, 95713500] combined_raw=[45900, 60100, 51800, 45300, 41800, 38600, 61400, 209200, 40200, 111000, 135100, 148200, 68900, 300400, 147100] cpp_raw=[41000, 95500, 29700, 28500, 45500, 30800, 31200, 31400, 30500, 37500, 69500, 37400, 33900, 32300, 134300] public_ns=100382200 bounds_ns=9058700 execute_ns=90693400 combined_ns=61400 cpp_ns=33900 source=ae83cf5b1e4efaa5 result=824b457e72415e3d
case op=copy-float w=2048 h=512 layout=negative-both public_raw=[105849200, 101105700, 99966700, 101429000, 99333500, 104407600, 105247200, 112725200, 106712100, 105436100, 105319200, 105282900, 115138600, 114677900, 104427800] bounds_raw=[9201200, 9440600, 9439300, 9136000, 9282800, 9813700, 11096500, 10044600, 10254600, 9891400, 9163600, 10130700, 11208000, 9433000, 9212700] execute_raw=[91236000, 91151500, 91473100, 86611600, 89612800, 90611800, 90343700, 98600000, 95259600, 88355200, 97657800, 93900200, 101904500, 89961300, 94026300] combined_raw=[348400, 359800, 318800, 252100, 257300, 242400, 401700, 282700, 280600, 319000, 270300, 232500, 195300, 301300, 226300] cpp_raw=[202700, 214800, 244500, 192100, 235900, 244200, 189100, 423000, 213000, 265600, 426300, 214900, 164000, 231200, 288400] public_ns=105282900 bounds_ns=9440600 execute_ns=91236000 combined_ns=280600 cpp_ns=231200 source=f707132824e3b60b result=7e1f3007cb46713d
case op=copy-Pod w=2048 h=512 layout=negative-both public_raw=[101818400, 136103200, 117847000, 105017700, 118573100, 111863800, 99806400, 106119800, 97803000, 106626400, 103775000, 101225100, 100834500, 101880400, 98778400] bounds_raw=[9442700, 9136900, 9422900, 11009300, 15306600, 10006800, 9847900, 9133400, 12608800, 10725000, 9468000, 9166600, 9399500, 9177900, 9897500] execute_raw=[100419500, 95880300, 104511300, 112441900, 111659900, 100374100, 96635700, 88265600, 90058700, 95550800, 99837000, 94108200, 91454300, 91127700, 99273600] combined_raw=[811600, 1110200, 860800, 808000, 1029300, 854200, 646300, 639600, 948900, 656300, 737700, 803800, 893900, 775100, 1892500] cpp_raw=[782900, 832500, 879900, 1052200, 783600, 786500, 621000, 716000, 1013500, 614000, 559500, 664300, 792400, 751200, 662200] public_ns=103775000 bounds_ns=9468000 execute_ns=96635700 combined_ns=811600 cpp_ns=782900 source=a98d88b93a2d4711 result=35d2d67477ff8cf1
case op=convert-ubyte-float w=2048 h=512 layout=negative-both public_raw=[511993300, 479713500, 497158600, 509296900, 505477500, 479594100, 516845700, 499034900, 492447500, 469478400, 456525900, 467590400, 468071600, 472372000, 475573400] bounds_raw=[9904700, 9423300, 15268100, 9798000, 9030600, 9807400, 12395700, 10416400, 10547200, 9416000, 9374300, 10898600, 9061700, 9574100, 8885600] execute_raw=[475067800, 491117600, 481644600, 500694700, 467057100, 453365400, 474585100, 479138300, 476041000, 457138800, 451853000, 467113900, 463829300, 452285000, 491568700] combined_raw=[1079400, 1102900, 1207800, 1075200, 833900, 916400, 683500, 909100, 667400, 988300, 627100, 1003300, 932200, 902800, 939300] cpp_raw=[187700, 134200, 154700, 242600, 210200, 136200, 161700, 298800, 215600, 175400, 150800, 122800, 134600, 174000, 148700] public_ns=479713500 bounds_ns=9798000 execute_ns=474585100 combined_ns=932200 cpp_ns=161700 source=ae83cf5b1e4efaa5 result=a6f0b1d68eba713d
case op=copy-ubyte w=2048 h=512 layout=universal public_raw=[101857900, 99189600, 104412500, 103020300, 100399900, 99404800, 100279800, 97907400, 100432800, 98759300, 95523600, 98066700, 103365700, 104551700, 98341600] bounds_raw=[10939100, 9108200, 10403600, 9097200, 8422200, 9226400, 13892900, 11835400, 11366500, 9729100, 11471900, 8639800, 8735300, 9218200, 9460700] execute_raw=[99898000, 103525100, 95815300, 95662500, 98619800, 95594500, 106887000, 96833900, 97139500, 93331800, 99249000, 99628000, 97523500, 97828700, 109194400] combined_raw=[9338100, 12425400, 8904200, 9154800, 8729700, 8702800, 8835700, 9855300, 9056000, 8913700, 9908700, 9120600, 9132000, 8769400, 11581100] cpp_raw=[3569400, 3632600, 3406000, 3463300, 3783400, 3205000, 3495600, 3241400, 3752900, 3183700, 3317000, 3236400, 3720100, 3368800, 3266700] public_ns=100279800 bounds_ns=9460700 execute_ns=97828700 combined_ns=9120600 cpp_ns=3406000 source=546dc88cf162767b result=b53972f2ee1fc8cf
case op=copy-float w=2048 h=512 layout=universal public_raw=[105532500, 104845600, 110970700, 104834200, 101609300, 108047100, 100564400, 109815100, 116315300, 99632500, 98940600, 98883400, 96919900, 107937700, 109529000] bounds_raw=[9245000, 9396400, 9386400, 9356500, 10230900, 9753800, 9496300, 8978000, 9080600, 12718500, 9078700, 10257000, 8895500, 10686500, 9619000] execute_raw=[102637000, 104600100, 100902800, 99347100, 105132200, 107693300, 101131800, 120479300, 108987900, 122325500, 99651000, 103928900, 100813700, 96961800, 97963100] combined_raw=[9664300, 9680200, 9862300, 8930000, 9460500, 11188100, 10406200, 9232900, 11250300, 9205000, 11311100, 11245200, 9202600, 11455900, 9356100] cpp_raw=[3709700, 3972500, 3708600, 3895000, 3491300, 5694200, 3982700, 4163200, 4448100, 3797900, 3519300, 5684000, 4589500, 3892100, 3790200] public_ns=104845600 bounds_ns=9396400 execute_ns=102637000 combined_ns=9680200 cpp_ns=3895000 source=4f1036148aacde48 result=1d8ea0b52256e94f
case op=copy-Pod w=2048 h=512 layout=universal public_raw=[111807100, 110681600, 103806300, 111688000, 100132300, 103678600, 102039800, 110057200, 129215300, 120316500, 121012100, 106229300, 101963500, 122056700, 102134000] bounds_raw=[12380200, 9083400, 8632300, 10500000, 12731300, 9013800, 9128200, 13229000, 10062800, 9094800, 10038000, 9840900, 9143900, 8863200, 8585900] execute_raw=[109576700, 116583200, 110601300, 105045900, 101204100, 101076300, 107899700, 110389200, 112069400, 105114500, 123146900, 111992700, 99844200, 105368300, 96538600] combined_raw=[14394200, 13629300, 10160300, 13150400, 9688300, 10215900, 10119300, 9343700, 10192100, 9607800, 12081800, 9512000, 9399200, 9240100, 8896100] cpp_raw=[4205200, 4728400, 3553900, 4482400, 3852400, 3474300, 3871700, 3636200, 6381800, 3923500, 4068500, 3552600, 3605400, 3719800, 3613000] public_ns=110057200 bounds_ns=9143900 execute_ns=107899700 combined_ns=10119300 cpp_ns=3852400 source=196bf4d6cf5eb812 result=fc9731c7256835ba
case op=convert-ubyte-float w=2048 h=512 layout=universal public_raw=[288310000, 331451700, 284534600, 290858700, 302611600, 303510100, 293152500, 315596900, 288668300, 278917300, 261955400, 274061000, 291369800, 259719600, 274952400] bounds_raw=[9475700, 10508300, 9636700, 10989100, 10471400, 10022700, 9598500, 10567000, 9251900, 10582100, 8879800, 9167100, 8994200, 9075100, 10194500] execute_raw=[278699600, 279431500, 298487400, 301008400, 328872000, 309003200, 313502300, 308302200, 271277200, 266822000, 266659700, 284253600, 266916400, 266224500, 266670700] combined_raw=[9678900, 10340200, 8998500, 9922400, 11744300, 10336000, 10655100, 11795700, 9552400, 9054000, 11073500, 9072400, 9588200, 8990500, 8619100] cpp_raw=[673000, 739700, 672600, 771700, 763900, 783800, 672900, 677200, 792500, 663500, 675900, 821000, 721600, 678300, 727700] public_ns=288668300 bounds_ns=9636700 execute_ns=279431500 combined_ns=9678900 cpp_ns=721600 source=546dc88cf162767b result=24fea8e2dff2e94f
case op=copy-ubyte w=2048 h=512 layout=universal-negative public_raw=[107485600, 100681700, 102818500, 102873200, 107767000, 102769100, 99191200, 102184800, 111803900, 104063400, 100301100, 97866100, 108018000, 106813800, 106645700] bounds_raw=[8619600, 9122200, 9252800, 8698600, 9081300, 8618400, 8397400, 9793200, 9205100, 9468200, 8744100, 11517100, 8902300, 9142900, 8751200] execute_raw=[106454500, 99393700, 96955700, 98922200, 101255400, 94099300, 93985200, 111282200, 105268500, 100839800, 100591400, 97362900, 98689400, 96102000, 105818800] combined_raw=[9128100, 8996100, 8642600, 9024300, 9698800, 8470200, 8410100, 9128100, 8857100, 8869200, 8841800, 8672700, 8808900, 9134900, 10553300] cpp_raw=[3182900, 3659800, 3262200, 4357000, 3560500, 3194400, 3185200, 3397700, 3194900, 3683700, 3438300, 3187600, 3297800, 3334500, 3343000] public_ns=102873200 bounds_ns=9081300 execute_ns=99393700 combined_ns=8869200 cpp_ns=3334500 source=46067b9fc62767b result=6220d181b93fc8cf
case op=copy-float w=2048 h=512 layout=universal-negative public_raw=[100430300, 103719100, 114946400, 112584100, 108417900, 114534800, 106096300, 111268600, 112282000, 123247000, 111798600, 116020200, 101483300, 99227300, 99124900] bounds_raw=[9698900, 9872000, 10484800, 11868400, 9308600, 9195100, 10397900, 11481100, 13426700, 10189500, 10602900, 10126600, 9194300, 9281400, 11297500] execute_raw=[103652300, 104031600, 103925000, 105918400, 111775600, 108277200, 116229400, 107643000, 111473100, 116704900, 107220700, 120281600, 115876400, 96759800, 96092300] combined_raw=[9251000, 10013900, 8864400, 11228400, 10852100, 9229800, 9227200, 9119500, 10528700, 9001500, 9803300, 12238800, 11453600, 9294900, 9138500] cpp_raw=[3497900, 3705400, 3747400, 3781700, 3635300, 4144700, 3759200, 3764800, 3610900, 3626500, 3712100, 5655400, 3556200, 3623100, 3501300] public_ns=111268600 bounds_ns=10189500 execute_ns=107643000 combined_ns=9294900 cpp_ns=3705400 source=51109e231b84de48 result=d2e235024092e94f
case op=copy-Pod w=2048 h=512 layout=universal-negative public_raw=[101743900, 115113000, 115376100, 137824400, 113037700, 108006300, 104893100, 132151300, 104571900, 101114800, 102513600, 103186000, 101159800, 125221700, 114076100] bounds_raw=[9686900, 9764300, 9970700, 11379400, 12802400, 8800400, 9709200, 10424000, 10630900, 8803800, 9017000, 8960800, 13307000, 10086100, 10051300] execute_raw=[110708800, 113765800, 101425000, 115564600, 108819500, 101704900, 106088700, 117001100, 103178100, 100579000, 103563300, 102001500, 98480500, 103253200, 105862700] combined_raw=[9265100, 10009400, 15029400, 12238000, 9466000, 8828800, 8957000, 10105600, 10092500, 9145000, 10373000, 9547300, 11452300, 11631100, 9641800] cpp_raw=[3530700, 5022600, 4250600, 4210300, 3772500, 3692400, 3736400, 4964300, 3575900, 3799700, 4104400, 3575000, 3913600, 3850600, 4214500] public_ns=108006300 bounds_ns=9970700 execute_ns=103563300 combined_ns=10009400 cpp_ns=3850600 source=e1be015f3a91b812 result=17fc2f38b61735ba
case op=convert-ubyte-float w=2048 h=512 layout=universal-negative public_raw=[300113400, 290047300, 298940600, 312733500, 335254200, 302250100, 310343200, 301841200, 308001400, 306170700, 316838600, 333687400, 311881300, 310332900, 336456100] bounds_raw=[9367500, 9409300, 9300800, 9396600, 12432700, 9184400, 9865500, 9271400, 9555900, 9470400, 9309800, 9399600, 10313800, 9151300, 9996600] execute_raw=[290812100, 285728300, 299317100, 311138000, 361338100, 297282400, 298333000, 334153500, 313865700, 317511300, 296418800, 286177600, 363628400, 298080200, 308502800] combined_raw=[9010300, 8800500, 9226300, 9072600, 9163500, 8821200, 9039100, 11424200, 9033600, 9775600, 8996400, 9653000, 12313800, 10566900, 9847500] cpp_raw=[776200, 661900, 787900, 792500, 1366600, 663500, 680600, 722000, 675700, 1051200, 746700, 734100, 680300, 826800, 726800] public_ns=310332900 bounds_ns=9399600 execute_ns=299317100 combined_ns=9163500 cpp_ns=734100 source=46067b9fc62767b result=940c5552cb46e94f
case op=copy-ubyte w=2048 h=512 layout=repeated-source public_raw=[105783900, 125053600, 107285300, 113910900, 104280100, 110454500, 100111800, 96522900, 98089500, 97236300, 93752100, 95271700, 93706500, 96528900, 98638500] bounds_raw=[12175100, 9665900, 8869000, 9113600, 8713500, 9080100, 9398200, 9584200, 8574900, 8330100, 8648900, 9034900, 8366900, 9133100, 8352900] execute_raw=[103993600, 86036400, 94868700, 90365100, 89379300, 94735800, 85965200, 87917000, 87822900, 82461700, 83856500, 82468000, 83484300, 82349300, 82018600] combined_raw=[18100, 19500, 18400, 17600, 18900, 18100, 18000, 18000, 17200, 17700, 18500, 18000, 17700, 16300, 17800] cpp_raw=[14300, 14100, 14100, 14800, 14700, 14100, 14000, 14900, 14500, 14400, 14200, 14200, 13800, 13800, 13900] public_ns=98638500 bounds_ns=9034900 execute_ns=86036400 combined_ns=18000 cpp_ns=14200 source=6e453727bce9f2a5 result=824b457e72415e3d
case op=copy-float w=2048 h=512 layout=repeated-source public_raw=[101322300, 104433600, 108218400, 113691000, 106419900, 97290500, 101773400, 95764800, 95190500, 101601400, 99257600, 98055200, 96963000, 94930800, 100067200] bounds_raw=[9663000, 9733800, 9447600, 9732300, 10258800, 8680400, 8616900, 8679500, 8675200, 9112000, 9033100, 8645600, 9003000, 8747300, 8790400] execute_raw=[93855200, 86926300, 93255400, 93083600, 88570800, 86349100, 85716800, 85838100, 82812800, 83416500, 83188400, 86003900, 85914400, 82802700, 85185000] combined_raw=[63600, 63700, 63100, 59500, 62300, 64400, 63700, 62200, 62100, 76500, 60800, 63400, 59800, 61200, 69300] cpp_raw=[58500, 60400, 60700, 60200, 89800, 58800, 72800, 61000, 59700, 60500, 60200, 60300, 110400, 59700, 63000] public_ns=100067200 bounds_ns=9003000 execute_ns=85914400 combined_ns=63100 cpp_ns=60400 source=1890cde25c8499ab result=7e1f3007cb46713d
case op=copy-Pod w=2048 h=512 layout=repeated-source public_raw=[105897800, 98587500, 99517100, 104741200, 97575800, 99488600, 106753800, 96723700, 98522500, 100002900, 99163300, 106649600, 96604000, 102917800, 99669700] bounds_raw=[8683700, 9081100, 8746400, 8883700, 12900700, 8736100, 9136100, 11658800, 9228700, 9326900, 9444200, 9148400, 9198300, 9139100, 8983900] execute_raw=[93900400, 86827800, 86515000, 85981400, 85487300, 85506600, 84394500, 89583100, 88727200, 87359600, 90798500, 91157900, 88181600, 88706800, 110637600] combined_raw=[140200, 148600, 135400, 205300, 248900, 168000, 172400, 168300, 431600, 534000, 348700, 315700, 312100, 144000, 187700] cpp_raw=[155300, 141300, 131000, 183700, 172000, 133600, 136100, 149900, 260900, 214600, 155400, 141800, 143000, 164900, 141200] public_ns=99517100 bounds_ns=9139100 execute_ns=88181600 combined_ns=187700 cpp_ns=149900 source=20f0ed2a5964e151 result=29ff1e71f7668cf1
case op=convert-ubyte-float w=2048 h=512 layout=repeated-source public_raw=[481614600, 469726700, 454984100, 451499600, 453460500, 492680800, 458329600, 466638700, 482899200, 455704900, 515013800, 531408300, 449947800, 457726300, 488058100] bounds_raw=[9842500, 9168300, 9140300, 9894400, 9360700, 9295500, 8839500, 9143800, 10691100, 9619900, 9018400, 9298800, 10947600, 9476600, 9254000] execute_raw=[458669500, 475105000, 463979800, 450552900, 451338000, 454989700, 466650800, 441404400, 475502000, 482718600, 485009100, 460627000, 442026500, 435079700, 473476100] combined_raw=[900700, 855900, 1042600, 854900, 884800, 875200, 598200, 860500, 783500, 878900, 628800, 867700, 1010700, 848000, 844300] cpp_raw=[86800, 86300, 109500, 85600, 87000, 86300, 89300, 98200, 86800, 86700, 87300, 156800, 98200, 85500, 98200] public_ns=466638700 bounds_ns=9298800 execute_ns=460627000 combined_ns=860500 cpp_ns=87000 source=6e453727bce9f2a5 result=a6f0b1d68eba713d
case op=copy-ubyte w=2048 h=512 layout=zero-source public_raw=[31495300, 33125800, 33747200, 32854400, 30701300, 30874400, 33361800, 31570400, 41002400, 31478700, 31432400, 31844700, 31059300, 34677400, 30756100] bounds_raw=[8558900, 8668700, 8940600, 8317600, 8740600, 8297000, 8719500, 8560200, 8923800, 8654900, 10589800, 8468100, 8637900, 8374800, 8484500] execute_raw=[34011300, 31517500, 38972600, 32790700, 32144000, 31932900, 31206700, 31529800, 31792100, 32013400, 31904600, 31048400, 31413800, 31065700, 31166300] combined_raw=[8776600, 8797100, 8914500, 8544600, 8615900, 8544300, 9613200, 8442300, 8496000, 9211100, 8439300, 8425100, 8500400, 8525400, 8508100] cpp_raw=[3250900, 3314600, 3799600, 3941300, 3174400, 3289300, 3200300, 3168400, 3184100, 3270900, 3164800, 3265400, 3170800, 3875500, 3165900] public_ns=31570400 bounds_ns=8637900 execute_ns=31792100 combined_ns=8544300 cpp_ns=3250900 source=ea3b47c803d61b61 result=f48fba1f72215e3d
case op=copy-float w=2048 h=512 layout=zero-source public_raw=[31129900, 36163200, 37459800, 32100300, 32869100, 33652100, 32406900, 31914700, 32014900, 32223900, 31979600, 33861500, 34212200, 33309600, 32567500] bounds_raw=[8939100, 8924100, 9599100, 8701000, 8990800, 8718300, 8949600, 8897900, 8662400, 8785900, 8699200, 8707200, 9645200, 9185100, 8924400] execute_raw=[31389500, 32067500, 32202600, 33452500, 31701100, 32115700, 39408000, 32058700, 35943700, 32976400, 31749400, 32068100, 31758700, 34205000, 32409600] combined_raw=[8706700, 8877100, 10486900, 9223100, 9282500, 9234900, 9683800, 8755000, 9042700, 9160500, 9364200, 9919100, 9038900, 8608100, 10770800] cpp_raw=[3545400, 5240900, 3660400, 3495400, 3542000, 3567700, 3573900, 3564500, 3485800, 3565400, 3535400, 3598900, 3553200, 3700900, 4265900] public_ns=32567500 bounds_ns=8924100 execute_ns=32115700 combined_ns=9223100 cpp_ns=3565400 source=3ee659a586185a17 result=3010c258495a713d
case op=copy-Pod w=2048 h=512 layout=zero-source public_raw=[31812000, 31376800, 34581500, 31623500, 36973200, 32668400, 31483800, 33013300, 31713700, 31713200, 35681900, 32805300, 31990500, 33530600, 33922200] bounds_raw=[8893500, 8728100, 8986200, 8773900, 8885900, 8671100, 8968500, 8653400, 8678300, 8908600, 9732300, 9196600, 9059600, 9265200, 11140900] execute_raw=[33149200, 31262600, 31812300, 31671300, 31555300, 32007700, 31944200, 31506600, 31617900, 33986200, 35972000, 33795400, 34059200, 33203300, 32720100] combined_raw=[9189900, 8860000, 8726700, 12719000, 9175700, 8863700, 8994500, 9184200, 8845200, 9102000, 10757500, 9139200, 9360300, 9160100, 9902400] cpp_raw=[3499400, 3589900, 3687400, 3561300, 3699500, 3651900, 3512900, 3479500, 3471500, 3829600, 3601300, 4141400, 3645000, 3709900, 3473700] public_ns=32668400 bounds_ns=8908600 execute_ns=32007700 combined_ns=9160100 cpp_ns=3601300 source=10734a11a61fbe06 result=14eb8df45bd38cf1
case op=convert-ubyte-float w=2048 h=512 layout=zero-source public_raw=[79476000, 79675700, 78305000, 82420200, 89083600, 77292900, 76354300, 77435300, 75516300, 80777700, 77292800, 76983100, 77763000, 79887800, 78429300] bounds_raw=[9317200, 9780700, 9473400, 9547700, 9448600, 8719300, 9263600, 9306200, 9177700, 11167800, 8979100, 8965300, 9277600, 9734700, 9883100] execute_raw=[80148400, 81480900, 77328300, 78899900, 75720000, 77327300, 78831400, 75215800, 75020800, 85249100, 78243600, 77365200, 77710400, 77802200, 84600200] combined_raw=[9389200, 10133800, 9298100, 9511300, 9528200, 9068200, 9101000, 9180200, 9233200, 8674900, 8832500, 8846700, 9159500, 9287100, 9956500] cpp_raw=[688200, 671800, 796500, 747400, 656700, 679600, 688600, 669400, 688200, 692800, 656700, 656500, 685300, 656900, 761100] public_ns=78305000 bounds_ns=9317200 execute_ns=77802200 combined_ns=9233200 cpp_ns=685300 source=ea3b47c803d61b61 result=1ea1c940ba66713d
m3_copy_conversion_candidates PASS cases=96 sink=3470652223959823994
