contracts PASS four-public-paths four-operations invalid/shape/noninjective/overlap/empty/no-write shared-disjoint
semantic PASS cases=32 bitwise-copy all256-conversion source-padding
case op=copy-ubyte w=31 h=17 layout=contiguous public_raw=[0, 0, 0, 0, 0, 0, 0, 0, 0, 0, 0, 0, 0, 0, 0] bounds_raw=[0, 0, 0, 0, 0, 0, 0, 0, 0, 0, 0, 0, 0, 0, 0] execute_raw=[0, 0, 0, 0, 0, 0, 0, 0, 0, 0, 0, 0, 0, 0, 0] combined_raw=[0, 0, 0, 0, 0, 0, 0, 0, 0, 0, 0, 0, 0, 0, 0] cpp_raw=[0, 0, 0, 0, 0, 0, 0, 0, 0, 0, 0, 0, 0, 0, 0] public_ns=0 bounds_ns=0 execute_ns=0 combined_ns=0 cpp_ns=0 source=e1cb0bb018788cd9 result=6b280f993832c319
case op=copy-float w=31 h=17 layout=contiguous public_raw=[0, 0, 0, 0, 0, 0, 0, 0, 0, 0, 0, 0, 0, 0, 0] bounds_raw=[0, 0, 0, 0, 0, 0, 0, 0, 0, 0, 0, 0, 0, 0, 0] execute_raw=[0, 0, 0, 0, 0, 0, 0, 0, 0, 0, 0, 0, 0, 0, 0] combined_raw=[0, 0, 0, 0, 0, 0, 0, 0, 0, 0, 0, 0, 0, 0, 0] cpp_raw=[0, 0, 0, 0, 0, 0, 0, 0, 0, 0, 0, 0, 0, 0, 0] public_ns=0 bounds_ns=0 execute_ns=0 combined_ns=0 cpp_ns=0 source=6128204049c0da83 result=264b3169180ebd4b
case op=copy-Pod w=31 h=17 layout=contiguous public_raw=[100, 100, 100, 0, 0, 100, 0, 100, 100, 100, 100, 100, 100, 0, 100] bounds_raw=[100, 100, 100, 100, 100, 100, 100, 100, 100, 100, 100, 0, 0, 100, 100] execute_raw=[100, 100, 100, 100, 100, 100, 100, 100, 100, 100, 100, 0, 0, 100, 100] combined_raw=[100, 100, 0, 100, 100, 100, 100, 100, 100, 100, 0, 100, 100, 100, 0] cpp_raw=[100, 100, 100, 100, 100, 100, 100, 100, 100, 100, 100, 100, 100, 100, 100] public_ns=100 bounds_ns=100 execute_ns=100 combined_ns=100 cpp_ns=100 source=db360484f487691a result=968b62c61598975a
case op=convert-ubyte-float w=31 h=17 layout=contiguous public_raw=[2000, 2100, 2000, 2000, 2000, 2000, 2000, 2000, 2000, 2000, 2000, 2000, 2000, 2000, 2000] bounds_raw=[2100, 2000, 2000, 2000, 2000, 2000, 2000, 2000, 2000, 2000, 2000, 2000, 2000, 2000, 2000] execute_raw=[100, 100, 100, 100, 100, 100, 100, 100, 100, 100, 100, 100, 100, 100, 100] combined_raw=[100, 100, 100, 100, 100, 100, 100, 100, 100, 100, 100, 100, 100, 100, 100] cpp_raw=[100, 100, 100, 100, 100, 100, 100, 100, 100, 100, 100, 100, 100, 100, 100] public_ns=2000 bounds_ns=2000 execute_ns=100 combined_ns=100 cpp_ns=100 source=e1cb0bb018788cd9 result=1bb7b2c2179a648f
case op=copy-ubyte w=31 h=17 layout=padded public_raw=[41500, 41400, 41400, 41400, 100500, 41500, 41400, 41400, 41400, 41400, 41400, 41400, 41400, 41400, 41400] bounds_raw=[1200, 1100, 1100, 1100, 1600, 1100, 1100, 1100, 1100, 1100, 1100, 1100, 1100, 1100, 1100] execute_raw=[40500, 40500, 40500, 40500, 40700, 52100, 40500, 40500, 40500, 40500, 40500, 40500, 40500, 40500, 40500] combined_raw=[200, 200, 200, 200, 300, 200, 200, 200, 200, 200, 200, 600, 200, 200, 200] cpp_raw=[0, 0, 0, 0, 0, 0, 0, 0, 0, 0, 0, 0, 0, 0, 0] public_ns=41400 bounds_ns=1100 execute_ns=40500 combined_ns=200 cpp_ns=0 source=4d0b0939d89e40d9 result=5f21f5ea6035ff19
case op=copy-float w=31 h=17 layout=padded public_raw=[41400, 41400, 41300, 41300, 41300, 41300, 41300, 41500, 41500, 41500, 41500, 41400, 41500, 41400, 41400] bounds_raw=[1100, 1200, 1100, 1100, 1100, 1200, 1100, 1200, 1100, 1200, 1100, 1100, 1100, 1100, 1100] execute_raw=[40400, 40400, 40400, 40500, 40500, 40500, 40500, 206400, 44400, 40500, 40700, 40500, 40500, 40500, 40500] combined_raw=[200, 200, 200, 200, 200, 200, 200, 400, 200, 200, 200, 200, 200, 200, 200] cpp_raw=[0, 0, 0, 0, 0, 0, 0, 0, 0, 0, 0, 0, 0, 0, 0] public_ns=41400 bounds_ns=1100 execute_ns=40500 combined_ns=200 cpp_ns=0 source=ebb5b7eaf5f43283 result=3851810ac565964b
case op=copy-Pod w=31 h=17 layout=padded public_raw=[41500, 41500, 41400, 41400, 41600, 41600, 41700, 41500, 41500, 41500, 41500, 41500, 41500, 41500, 41400] bounds_raw=[1200, 1200, 1200, 1200, 1300, 1200, 1200, 1200, 1200, 1200, 1200, 1200, 1200, 1300, 1200] execute_raw=[40500, 40500, 40500, 86300, 40700, 59700, 40600, 40500, 40500, 40500, 40500, 40500, 40500, 40600, 40500] combined_raw=[300, 300, 300, 300, 300, 400, 300, 300, 300, 300, 300, 200, 300, 300, 300] cpp_raw=[0, 0, 0, 100, 100, 100, 100, 0, 0, 0, 0, 0, 0, 100, 0] public_ns=41500 bounds_ns=1200 execute_ns=40500 combined_ns=300 cpp_ns=0 source=b28d4f242a91b51a result=7438cdf3ee88135a
case op=convert-ubyte-float w=31 h=17 layout=padded public_raw=[175700, 162700, 176600, 162100, 162100, 215600, 162900, 162400, 162400, 162600, 162500, 162800, 162800, 162800, 176300] bounds_raw=[1300, 1200, 1200, 1200, 1200, 1300, 1200, 1200, 1200, 1300, 1200, 1200, 1300, 1200, 1200] execute_raw=[160300, 160200, 160200, 160300, 160200, 174600, 160700, 160700, 173500, 161700, 161800, 161600, 160300, 160200, 160200] combined_raw=[200, 100, 100, 100, 100, 300, 100, 100, 100, 200, 100, 100, 200, 100, 200] cpp_raw=[100, 100, 100, 100, 100, 100, 100, 100, 100, 100, 100, 100, 100, 100, 100] public_ns=162800 bounds_ns=1200 execute_ns=160300 combined_ns=100 cpp_ns=100 source=4d0b0939d89e40d9 result=5a1bf5670dd4dc8f
case op=copy-ubyte w=31 h=17 layout=negative-source public_raw=[41600, 41600, 41600, 41600, 65400, 41700, 41600, 41600, 44100, 41600, 41600, 41600, 41600, 41600, 41600] bounds_raw=[1200, 1200, 1200, 1200, 1400, 1300, 1300, 1200, 1200, 1200, 1200, 1200, 1400, 1200, 1200] execute_raw=[40600, 40500, 40600, 40600, 40700, 50900, 40500, 40700, 40600, 40600, 40600, 40500, 40600, 41100, 40600] combined_raw=[200, 200, 200, 200, 300, 200, 200, 200, 200, 200, 200, 200, 200, 200, 200] cpp_raw=[0, 0, 0, 0, 0, 0, 0, 0, 0, 0, 0, 0, 0, 0, 0] public_ns=41600 bounds_ns=1200 execute_ns=40600 combined_ns=200 cpp_ns=0 source=1218578f96e3de39 result=5f21f5ea6035ff19
case op=copy-float w=31 h=17 layout=negative-source public_raw=[41600, 41500, 41400, 41500, 41500, 41500, 41500, 41400, 41500, 41600, 41600, 41600, 41600, 41600, 41500] bounds_raw=[1100, 1100, 1200, 1200, 1200, 1200, 1100, 1200, 1200, 1300, 1200, 1200, 1100, 1300, 1300] execute_raw=[40600, 40600, 40600, 40600, 40600, 40600, 40600, 40600, 52600, 40500, 40500, 40500, 40500, 40600, 40600] combined_raw=[200, 200, 200, 200, 200, 200, 200, 200, 200, 300, 200, 200, 200, 200, 200] cpp_raw=[0, 0, 0, 0, 0, 0, 0, 0, 0, 0, 0, 0, 0, 0, 0] public_ns=41500 bounds_ns=1200 execute_ns=40600 combined_ns=200 cpp_ns=0 source=d55c0938ea65990b result=3851810ac565964b
case op=copy-Pod w=31 h=17 layout=negative-source public_raw=[41600, 41600, 41600, 41500, 41500, 41600, 60500, 41600, 47000, 41600, 41500, 41500, 41500, 41500, 64100] bounds_raw=[1200, 1200, 1200, 1200, 1200, 1200, 1200, 1200, 1400, 1200, 1200, 1200, 1200, 1200, 1700] execute_raw=[56700, 40600, 40600, 40600, 40600, 40600, 40600, 40700, 41800, 40600, 40600, 40600, 40600, 40600, 40800] combined_raw=[300, 300, 300, 300, 300, 300, 300, 300, 300, 600, 300, 300, 300, 300, 300] cpp_raw=[100, 0, 100, 100, 0, 0, 100, 100, 100, 0, 0, 0, 100, 100, 0] public_ns=41600 bounds_ns=1200 execute_ns=40600 combined_ns=300 cpp_ns=100 source=4cb52a65f8334f3a result=7438cdf3ee88135a
case op=convert-ubyte-float w=31 h=17 layout=negative-source public_raw=[162600, 162600, 162400, 183600, 162600, 162500, 162600, 162500, 162500, 175400, 162400, 175200, 165700, 163300, 163200] bounds_raw=[1200, 1200, 1200, 1300, 1200, 1200, 1200, 1200, 1200, 1300, 1200, 1200, 1300, 1200, 1200] execute_raw=[223300, 160300, 160200, 160700, 160600, 185600, 176100, 160800, 160800, 160900, 160800, 160800, 171300, 161800, 173800] combined_raw=[400, 200, 300, 200, 400, 400, 300, 300, 200, 300, 300, 200, 400, 300, 400] cpp_raw=[100, 100, 100, 100, 100, 100, 100, 100, 100, 100, 100, 100, 100, 100, 100] public_ns=162600 bounds_ns=1200 execute_ns=160800 combined_ns=300 cpp_ns=100 source=1218578f96e3de39 result=5a1bf5670dd4dc8f
case op=copy-ubyte w=31 h=17 layout=negative-both public_raw=[41400, 41400, 41400, 41400, 41400, 41400, 41400, 41400, 41300, 41300, 41300, 41300, 41300, 41300, 41300] bounds_raw=[1200, 1200, 1200, 1100, 1100, 1200, 1100, 1200, 1100, 1100, 1100, 1200, 1100, 1100, 1100] execute_raw=[40400, 40400, 40400, 40400, 40400, 40500, 40400, 53300, 40400, 40400, 40400, 40400, 40400, 40400, 40400] combined_raw=[200, 200, 200, 200, 200, 200, 200, 200, 200, 200, 200, 200, 200, 200, 200] cpp_raw=[0, 0, 0, 0, 0, 0, 0, 0, 0, 0, 0, 0, 0, 0, 0] public_ns=41400 bounds_ns=1100 execute_ns=40400 combined_ns=200 cpp_ns=0 source=1218578f96e3de39 result=14b2232dcdfde519
case op=copy-float w=31 h=17 layout=negative-both public_raw=[56100, 41500, 41300, 41400, 41300, 41300, 41300, 41300, 41300, 41400, 57000, 41500, 41500, 41500, 41500] bounds_raw=[1300, 1200, 1200, 1200, 1100, 1100, 1200, 1200, 1200, 1200, 1200, 1200, 1200, 1200, 1100] execute_raw=[40600, 40500, 40500, 40500, 40400, 40500, 40400, 40400, 40400, 40400, 40600, 40500, 40500, 40500, 40500] combined_raw=[300, 200, 200, 200, 200, 200, 200, 200, 200, 200, 300, 200, 200, 200, 200] cpp_raw=[0, 0, 0, 0, 0, 0, 0, 0, 0, 0, 0, 0, 0, 0, 0] public_ns=41400 bounds_ns=1200 execute_ns=40500 combined_ns=200 cpp_ns=0 source=d55c0938ea65990b result=88af284ef50a9e03
case op=copy-Pod w=31 h=17 layout=negative-both public_raw=[41500, 55500, 41500, 41400, 41400, 41400, 41400, 55800, 41700, 41500, 41400, 122200, 41600, 41500, 41500] bounds_raw=[1200, 1200, 1300, 1200, 1200, 1200, 1200, 1200, 1200, 1300, 1200, 1200, 1400, 1200, 1700] execute_raw=[40500, 40500, 40600, 40500, 40500, 40500, 40500, 40500, 40800, 40600, 40500, 165400, 94300, 40500, 40800] combined_raw=[300, 300, 300, 300, 300, 300, 300, 300, 300, 300, 300, 900, 500, 400, 300] cpp_raw=[100, 0, 100, 0, 0, 0, 0, 0, 0, 100, 100, 200, 100, 100, 0] public_ns=41500 bounds_ns=1200 execute_ns=40500 combined_ns=300 cpp_ns=0 source=4cb52a65f8334f3a result=ba5b3439bff1663a
case op=convert-ubyte-float w=31 h=17 layout=negative-both public_raw=[204800, 162000, 162000, 184100, 162300, 162300, 162000, 161900, 161900, 162500, 163100, 162700, 162500, 162400, 192400] bounds_raw=[1300, 1200, 1200, 1300, 1200, 1200, 1200, 1300, 1200, 1300, 1300, 1200, 1300, 1200, 1300] execute_raw=[170600, 160200, 160200, 160600, 160300, 190100, 197100, 160800, 279100, 160600, 160500, 180400, 160400, 160200, 160500] combined_raw=[400, 300, 200, 200, 400, 400, 400, 200, 200, 400, 300, 300, 300, 300, 400] cpp_raw=[100, 100, 100, 100, 100, 100, 100, 100, 100, 100, 100, 100, 100, 100, 100] public_ns=162400 bounds_ns=1200 execute_ns=160600 combined_ns=300 cpp_ns=100 source=1218578f96e3de39 result=a84d7158b568dc8f
case op=copy-ubyte w=31 h=17 layout=universal public_raw=[41500, 41400, 41400, 43300, 41400, 41500, 41400, 41500, 41500, 41400, 41400, 41400, 43900, 64200, 41500] bounds_raw=[1200, 1100, 1100, 1200, 1100, 1200, 1100, 1100, 1200, 1100, 1100, 1100, 1600, 1300, 1100] execute_raw=[41900, 41900, 42000, 41900, 65900, 41900, 41900, 41900, 42000, 41900, 41900, 41900, 41900, 42000, 41900] combined_raw=[1600, 1600, 1600, 1600, 1800, 1600, 1600, 1600, 1600, 1700, 1600, 1600, 1600, 1700, 1700] cpp_raw=[1600, 1600, 1600, 1600, 1600, 1600, 1600, 1600, 12200, 1600, 1600, 1600, 1600, 1600, 1600] public_ns=41500 bounds_ns=1100 execute_ns=41900 combined_ns=1600 cpp_ns=1600 source=104e8d8f8fae3401 result=94a85d26ce182761
case op=copy-float w=31 h=17 layout=universal public_raw=[42700, 41500, 41500, 41400, 41500, 43400, 41500, 41400, 41500, 41500, 41500, 41500, 53200, 41500, 41600] bounds_raw=[1200, 1200, 1100, 1100, 1100, 1200, 1200, 1200, 1200, 1100, 1200, 1100, 1200, 1100, 1300] execute_raw=[44800, 41900, 41800, 41800, 59900, 41800, 41700, 41700, 41700, 42900, 41700, 41700, 41700, 55700, 41700] combined_raw=[1500, 1500, 1500, 1500, 2200, 1600, 1500, 1500, 1500, 1500, 1500, 1500, 1500, 1500, 1500] cpp_raw=[1700, 1700, 1700, 1700, 1700, 1700, 1700, 1700, 1700, 1700, 1700, 1700, 1700, 1700, 1700] public_ns=41500 bounds_ns=1200 execute_ns=41800 combined_ns=1500 cpp_ns=1700 source=48f4c2fdc1746a4f result=d2f02840ab86d547
case op=copy-Pod w=31 h=17 layout=universal public_raw=[41700, 41400, 41500, 41600, 41500, 41500, 41500, 41500, 41500, 41500, 41700, 41400, 41500, 41500, 41400] bounds_raw=[1200, 1200, 24500, 1200, 1200, 1200, 1200, 1200, 1200, 1300, 1200, 1200, 1200, 1200, 1200] execute_raw=[42000, 42000, 42800, 42000, 41900, 41900, 41900, 42000, 42000, 42000, 42100, 42000, 42000, 41900, 41900] combined_raw=[1700, 1700, 1800, 1700, 1700, 1600, 1700, 1600, 1600, 1700, 1700, 1700, 1600, 1700, 1700] cpp_raw=[1700, 1700, 1700, 1700, 1700, 1700, 1700, 1700, 1700, 1700, 1700, 1700, 1700, 1700, 1700] public_ns=41500 bounds_ns=1200 execute_ns=42000 combined_ns=1700 cpp_ns=1700 source=a443bfcbbed0823e result=e7d6d6f5c5dc3c8e
case op=convert-ubyte-float w=31 h=17 layout=universal public_raw=[95500, 95400, 95400, 95400, 95400, 95400, 118100, 95300, 95300, 95300, 95500, 95300, 95200, 95200, 95300] bounds_raw=[1200, 1200, 1200, 1200, 1200, 1200, 1200, 1300, 1200, 1200, 1300, 1200, 1200, 1200, 1200] execute_raw=[95100, 95100, 119000, 94500, 94500, 94500, 125900, 94600, 94600, 94600, 94800, 105100, 94600, 94600, 94600] combined_raw=[1500, 1500, 1500, 1500, 1500, 1500, 1600, 1700, 1500, 12300, 1500, 1500, 1500, 1500, 1500] cpp_raw=[300, 300, 300, 300, 300, 300, 300, 300, 300, 300, 300, 300, 300, 300, 300] public_ns=95400 bounds_ns=1200 execute_ns=94600 combined_ns=1500 cpp_ns=300 source=104e8d8f8fae3401 result=91affb8b2dfc4eb7
case op=copy-ubyte w=31 h=17 layout=universal-negative public_raw=[41000, 40900, 40900, 40900, 40900, 40900, 40900, 40900, 40900, 55300, 40700, 40700, 40700, 40700, 42800] bounds_raw=[1200, 1100, 1100, 1100, 1100, 1100, 1100, 1100, 1100, 1200, 1100, 1100, 1100, 1100, 1100] execute_raw=[41400, 41300, 41300, 41400, 41300, 41300, 42000, 41300, 41400, 41200, 41100, 41100, 41100, 41100, 41200] combined_raw=[1700, 1600, 1600, 1600, 1600, 1600, 1600, 1600, 1600, 1700, 1600, 1600, 1600, 1600, 1600] cpp_raw=[1800, 1700, 1700, 1700, 1700, 1700, 1700, 1700, 1700, 1700, 1700, 1700, 1700, 1700, 1700] public_ns=40900 bounds_ns=1100 execute_ns=41300 combined_ns=1600 cpp_ns=1700 source=705335b9cf6847c1 result=2bfddff94a971f61
case op=copy-float w=31 h=17 layout=universal-negative public_raw=[40700, 40800, 40900, 40800, 40800, 40700, 40800, 40700, 40800, 40800, 51600, 40800, 40700, 40800, 40900] bounds_raw=[1200, 1200, 1200, 1300, 1100, 1100, 1200, 1100, 1100, 1100, 1300, 1200, 1200, 1100, 1400] execute_raw=[41300, 41300, 41100, 41200, 41100, 41100, 41100, 41100, 41100, 41100, 41100, 41100, 41000, 101800, 41100] combined_raw=[1500, 1600, 1500, 1500, 1500, 1500, 1500, 1500, 1500, 1500, 1500, 1500, 1500, 1500, 1600] cpp_raw=[1700, 1800, 1700, 1700, 1700, 1700, 1700, 1700, 1700, 1700, 1700, 1700, 1700, 1700, 1700] public_ns=40800 bounds_ns=1200 execute_ns=41100 combined_ns=1500 cpp_ns=1700 source=eada538057fb86ef result=faa4d5eeeda68847
case op=copy-Pod w=31 h=17 layout=universal-negative public_raw=[61000, 41100, 41000, 41000, 40900, 40900, 41000, 41000, 41200, 40900, 41000, 41100, 41000, 41200, 41000] bounds_raw=[1800, 1400, 1400, 1400, 1400, 1400, 1400, 1600, 1400, 1700, 1400, 1400, 3900, 1400, 1800] execute_raw=[42000, 41500, 41500, 41500, 41500, 41500, 54700, 41400, 41900, 41600, 41700, 564100, 41500, 41500, 41700] combined_raw=[1900, 1900, 2000, 2000, 1900, 1900, 2000, 1900, 1900, 1900, 1900, 2300, 2000, 2100, 1900] cpp_raw=[1800, 1700, 1700, 1700, 1700, 1700, 1700, 1700, 1700, 2100, 1700, 2100, 1700, 1800, 1700] public_ns=41000 bounds_ns=1400 execute_ns=41500 combined_ns=1900 cpp_ns=1700 source=7483a89971f477de result=c1c9f074f82c752e
case op=convert-ubyte-float w=31 h=17 layout=universal-negative public_raw=[97700, 111400, 97700, 97600, 97600, 97700, 97700, 97500, 97600, 129000, 117800, 97700, 97700, 99800, 97500] bounds_raw=[1200, 1200, 1200, 1200, 1200, 1200, 1200, 1200, 1200, 1300, 1300, 1200, 1200, 1200, 1200] execute_raw=[97200, 97100, 97100, 96900, 96800, 153900, 187000, 96900, 96900, 97500, 97200, 97200, 97200, 97200, 108500] combined_raw=[1500, 1500, 1600, 1500, 1500, 1700, 1700, 1500, 1500, 1600, 1600, 1500, 1500, 1500, 1600] cpp_raw=[300, 300, 300, 300, 300, 300, 300, 300, 300, 300, 300, 300, 300, 300, 300] public_ns=97700 bounds_ns=1200 execute_ns=97200 combined_ns=1500 cpp_ns=300 source=705335b9cf6847c1 result=6cdfcfcdfb5c4eb7
case op=copy-ubyte w=31 h=17 layout=repeated-source public_raw=[41500, 41500, 41500, 41500, 41500, 41500, 41500, 53500, 41500, 41400, 41400, 41400, 41400, 41400, 41400] bounds_raw=[1100, 1100, 1100, 1100, 1100, 1100, 1100, 1300, 1100, 1100, 1100, 1100, 1100, 1100, 1100] execute_raw=[40600, 40600, 40600, 40600, 40600, 40600, 40600, 40600, 40600, 40500, 40500, 40500, 40500, 40500, 40500] combined_raw=[200, 200, 200, 200, 200, 200, 200, 200, 300, 200, 200, 200, 200, 200, 200] cpp_raw=[100, 0, 0, 0, 0, 0, 0, 0, 100, 0, 0, 0, 0, 0, 0] public_ns=41500 bounds_ns=1100 execute_ns=40600 combined_ns=200 cpp_ns=0 source=e456631d381264c9 result=79abf60b12593ba9
case op=copy-float w=31 h=17 layout=repeated-source public_raw=[41400, 41300, 41300, 41200, 41200, 41200, 41200, 41100, 41200, 41100, 60500, 41100, 41000, 41000, 52600] bounds_raw=[1200, 1200, 1300, 1200, 1100, 1200, 1200, 1200, 1100, 1100, 1600, 1100, 1100, 1100, 1300] execute_raw=[52200, 40200, 40200, 40300, 40200, 40200, 40300, 52000, 40200, 122600, 40500, 40100, 40100, 40100, 40200] combined_raw=[200, 200, 200, 200, 200, 200, 200, 200, 200, 400, 300, 200, 200, 200, 300] cpp_raw=[100, 0, 0, 0, 0, 0, 0, 0, 0, 0, 0, 0, 0, 0, 0] public_ns=41200 bounds_ns=1200 execute_ns=40200 combined_ns=200 cpp_ns=0 source=187f646e4a13563f result=adddf47c9b74a697
case op=copy-Pod w=31 h=17 layout=repeated-source public_raw=[41300, 41200, 41200, 41100, 41200, 41100, 41200, 41100, 41100, 41100, 41100, 41100, 41100, 41100, 41100] bounds_raw=[1200, 1200, 1300, 1200, 1200, 1200, 1200, 1200, 1200, 1200, 1300, 1200, 1200, 1200, 1200] execute_raw=[40400, 60200, 40200, 40200, 40300, 40200, 40200, 40200, 40200, 40200, 40200, 40100, 40100, 40100, 40100] combined_raw=[300, 400, 300, 300, 300, 300, 300, 300, 300, 300, 300, 300, 300, 300, 300] cpp_raw=[100, 100, 100, 100, 100, 100, 100, 100, 100, 100, 100, 100, 100, 0, 0] public_ns=41100 bounds_ns=1200 execute_ns=40200 combined_ns=300 cpp_ns=100 source=af5c371632147dfa result=b77ad4f97670f65a
case op=convert-ubyte-float w=31 h=17 layout=repeated-source public_raw=[162100, 162400, 162300, 162200, 162700, 162500, 182900, 162300, 162200, 181400, 163300, 191400, 351700, 162800, 183900] bounds_raw=[1200, 1200, 1300, 1200, 1300, 1200, 1200, 1300, 1200, 1300, 1200, 1200, 1500, 1200, 1200] execute_raw=[189600, 270900, 160000, 258800, 160000, 170300, 160000, 160800, 242300, 160200, 160100, 160100, 183600, 160800, 160200] combined_raw=[300, 400, 100, 100, 200, 200, 100, 300, 100, 300, 100, 100, 500, 200, 200] cpp_raw=[100, 100, 100, 100, 100, 100, 100, 100, 100, 100, 100, 100, 100, 100, 100] public_ns=162700 bounds_ns=1200 execute_ns=160800 combined_ns=200 cpp_ns=100 source=e456631d381264c9 result=9364c6c0b904dc8f
case op=copy-ubyte w=31 h=17 layout=zero-source public_raw=[10000, 10000, 10000, 10000, 10000, 10000, 13400, 10000, 10000, 10000, 10000, 10000, 10000, 10000, 10000] bounds_raw=[1100, 1100, 1100, 1100, 1100, 1100, 1100, 1200, 1100, 1100, 1100, 1100, 1100, 1100, 1100] execute_raw=[10500, 10500, 10400, 10500, 10500, 10500, 10500, 60700, 10400, 10500, 10400, 10400, 10400, 10500, 10500] combined_raw=[1600, 1600, 1600, 1600, 1600, 1600, 1600, 1800, 1600, 1600, 1600, 1600, 1600, 1600, 1600] cpp_raw=[1600, 1600, 1600, 1600, 1600, 1600, 1600, 1600, 1600, 1600, 1600, 1600, 1600, 1600, 1600] public_ns=10000 bounds_ns=1100 execute_ns=10500 combined_ns=1600 cpp_ns=1600 source=53e35892b0900a36 result=c64ce8b5472789e4
case op=copy-float w=31 h=17 layout=zero-source public_raw=[10700, 10600, 10600, 10600, 10700, 10600, 10700, 10600, 10700, 10700, 10700, 10700, 10700, 10700, 10700] bounds_raw=[1200, 1200, 1300, 1200, 1200, 1100, 1200, 1200, 1200, 1100, 1200, 1200, 1200, 1200, 1200] execute_raw=[10900, 10900, 35400, 11000, 11000, 11000, 11000, 10900, 11000, 11000, 11000, 11000, 11000, 10900, 11000] combined_raw=[1500, 1500, 1500, 1500, 1500, 1500, 1500, 1500, 1500, 1500, 1500, 1500, 1500, 1500, 1500] cpp_raw=[1700, 1700, 1700, 1700, 1700, 1700, 1700, 1700, 1700, 1700, 1700, 1700, 1700, 1700, 1700] public_ns=10700 bounds_ns=1200 execute_ns=11000 combined_ns=1500 cpp_ns=1700 source=48a265c435185a17 result=a412cbd3d3c5dc8f
case op=copy-Pod w=31 h=17 layout=zero-source public_raw=[10700, 10700, 10700, 10700, 13500, 10700, 10900, 10700, 10600, 10700, 10700, 10700, 10600, 10700, 10700] bounds_raw=[1200, 1200, 1200, 1200, 1800, 1200, 1200, 1300, 1200, 1200, 1200, 1200, 1200, 1200, 1200] execute_raw=[11200, 11100, 11100, 11100, 11300, 11100, 11100, 11100, 11100, 11100, 11100, 11100, 11100, 11100, 11100] combined_raw=[1600, 1600, 1600, 1600, 1700, 1600, 1600, 1800, 1600, 1600, 1600, 1600, 1600, 1600, 1600] cpp_raw=[1700, 1700, 1700, 1700, 1700, 1700, 1900, 1700, 1700, 1700, 1700, 1700, 1700, 1700, 1700] public_ns=10700 bounds_ns=1200 execute_ns=11100 combined_ns=1600 cpp_ns=1700 source=6b0827ecdc4a539a result=3ed4b3ed28cdbf2
case op=convert-ubyte-float w=31 h=17 layout=zero-source public_raw=[27900, 28000, 28000, 27900, 28100, 28000, 28000, 28000, 28000, 28000, 62000, 27900, 27900, 27900, 27900] bounds_raw=[1200, 1200, 1300, 1200, 1200, 1200, 1200, 1200, 1200, 1200, 1700, 1200, 1200, 1200, 1200] execute_raw=[27200, 27200, 138000, 46400, 27200, 27200, 27200, 27200, 27200, 27200, 27700, 27200, 27200, 27200, 27200] combined_raw=[1500, 1500, 1700, 1500, 1600, 1500, 1500, 1500, 1500, 1500, 1500, 1500, 1500, 1500, 1500] cpp_raw=[300, 300, 300, 300, 300, 300, 300, 300, 300, 300, 300, 300, 300, 300, 300] public_ns=28000 bounds_ns=1200 execute_ns=27200 combined_ns=1500 cpp_ns=300 source=53e35892b0900a36 result=7db46195730ddc8f
case op=copy-ubyte w=256 h=128 layout=contiguous public_raw=[700, 600, 600, 600, 1000, 700, 600, 700, 600, 600, 600, 600, 600, 600, 700] bounds_raw=[700, 600, 700, 600, 600, 600, 600, 700, 600, 600, 600, 700, 600, 600, 700] execute_raw=[600, 600, 600, 700, 600, 600, 600, 600, 600, 700, 600, 1000, 700, 900, 600] combined_raw=[700, 600, 900, 600, 600, 600, 600, 600, 600, 600, 600, 600, 600, 600, 700] cpp_raw=[700, 700, 800, 700, 700, 700, 700, 700, 700, 700, 700, 700, 700, 700, 700] public_ns=600 bounds_ns=600 execute_ns=600 combined_ns=600 cpp_ns=700 source=e61b28efac3482a5 result=19f1026d069dd2bd
case op=copy-float w=256 h=128 layout=contiguous public_raw=[2300, 2300, 2300, 2300, 2300, 2300, 2300, 2300, 2300, 2300, 2300, 2300, 2300, 2300, 2500] bounds_raw=[2300, 2800, 2300, 2300, 2300, 3900, 2400, 2300, 2300, 2300, 2800, 2300, 2300, 2300, 2300] execute_raw=[2300, 2400, 2300, 2400, 2300, 2400, 2400, 2300, 2300, 2300, 2400, 2400, 2500, 2400, 2300] combined_raw=[2300, 2300, 2300, 2300, 2300, 2700, 2300, 2300, 2300, 2300, 2300, 2300, 2300, 2300, 2400] cpp_raw=[2500, 2200, 2200, 2500, 2200, 2300, 2200, 2200, 2300, 2200, 2300, 2200, 2400, 2200, 2200] public_ns=2300 bounds_ns=2300 execute_ns=2400 combined_ns=2300 cpp_ns=2200 source=94c035f8504217ab result=e20bab30ff99efbd
case op=copy-Pod w=256 h=128 layout=contiguous public_raw=[8800, 5000, 5000, 4800, 5500, 5000, 5300, 5200, 4900, 5300, 8800, 4800, 5200, 6000, 71700] bounds_raw=[5100, 5500, 5100, 5200, 5300, 4900, 4800, 10100, 5400, 5000, 6000, 5200, 5100, 5300, 5900] execute_raw=[5600, 4900, 4900, 4900, 5300, 5100, 5100, 5100, 4900, 4800, 5700, 56500, 6200, 4900, 5100] combined_raw=[5700, 4900, 6000, 5200, 6100, 5000, 4900, 21500, 5300, 5600, 8100, 5800, 5100, 4900, 5000] cpp_raw=[4700, 4800, 5400, 4700, 4600, 4900, 4700, 5300, 5000, 4900, 6600, 5200, 4700, 4600, 4800] public_ns=5200 bounds_ns=5200 execute_ns=5100 combined_ns=5300 cpp_ns=4800 source=780acdd2b0446151 result=3e08e0fcd50e93b1
case op=convert-ubyte-float w=256 h=128 layout=contiguous public_raw=[124300, 135100, 124300, 124300, 124200, 124400, 143000, 176400, 124300, 124300, 124300, 124300, 136800, 124200, 124300] bounds_raw=[146600, 124300, 124300, 124200, 126900, 124200, 124300, 124400, 124200, 209700, 124200, 145900, 124300, 124200, 115500] execute_raw=[3000, 2800, 3100, 2900, 6800, 7500, 6900, 6700, 6900, 6900, 6700, 2900, 2800, 2900, 6700] combined_raw=[3000, 2900, 2900, 2900, 6900, 7500, 6700, 7400, 6800, 7500, 6700, 2900, 2800, 2900, 6700] cpp_raw=[2800, 2800, 2700, 2700, 2700, 3000, 3000, 3000, 3100, 3100, 3000, 2800, 2700, 2800, 2700] public_ns=124300 bounds_ns=124300 execute_ns=6700 combined_ns=6700 cpp_ns=2800 source=e61b28efac3482a5 result=8edc22d932e14fbd
case op=copy-ubyte w=256 h=128 layout=padded public_raw=[2726700, 2714500, 2492900, 2702000, 2820800, 2975100, 2597700, 2457500, 2905200, 2471700, 2394900, 2641700, 2535100, 2817000, 2516900] bounds_raw=[68800, 68200, 68600, 68700, 71900, 530900, 70700, 69100, 103100, 68600, 69200, 68700, 69500, 69800, 69500] execute_raw=[2398000, 2613100, 2545600, 2350700, 3179000, 2607800, 2486100, 2375200, 2452000, 2350100, 2703700, 2450600, 2576500, 2550600, 2380800] combined_raw=[2300, 2800, 2500, 2000, 2500, 2600, 2300, 2200, 2100, 2100, 2200, 2200, 2300, 2100, 2400] cpp_raw=[700, 700, 700, 700, 700, 700, 700, 800, 700, 700, 800, 700, 1200, 700, 700] public_ns=2641700 bounds_ns=69200 execute_ns=2486100 combined_ns=2300 cpp_ns=700 source=e5a18b0018a9faa5 result=d702cf3fb5e29e3d
case op=copy-float w=256 h=128 layout=padded public_raw=[2917700, 2411000, 2414000, 2662200, 2438800, 2688900, 2419800, 2612700, 2402200, 2494700, 2440000, 2562500, 2859000, 2503400, 2619700] bounds_raw=[74200, 122000, 68300, 72700, 75000, 73200, 95700, 74100, 76000, 76500, 90000, 75100, 73200, 74800, 74300] execute_raw=[2908400, 2480600, 2506400, 2406900, 2394400, 2518700, 2399300, 2321500, 2586200, 2759800, 2384400, 2772500, 2693000, 2333000, 2329200] combined_raw=[3700, 3400, 3800, 3200, 7700, 3400, 3400, 3300, 3300, 3500, 3700, 4000, 3600, 3600, 3300] cpp_raw=[5400, 2500, 3000, 2500, 2500, 2700, 2400, 2500, 2400, 2500, 2500, 2500, 2500, 2400, 2500] public_ns=2503400 bounds_ns=74800 execute_ns=2480600 combined_ns=3500 cpp_ns=2500 source=36662a215b68a60b result=bf1783c6025d513d
case op=copy-Pod w=256 h=128 layout=padded public_raw=[2415600, 2915400, 2738600, 2482300, 2825300, 2500600, 2841400, 2520400, 2482000, 2648400, 2448100, 2504900, 2765800, 3592300, 2774700] bounds_raw=[94000, 74500, 74600, 74300, 76100, 75000, 75900, 74900, 75700, 74500, 74600, 76400, 74600, 75200, 74900] execute_raw=[2465900, 2678100, 2412500, 2577300, 2695600, 2535900, 4915700, 2443200, 2402700, 2582900, 2525400, 2502200, 2389200, 2535900, 2510100] combined_raw=[6600, 5800, 8400, 5700, 8100, 6100, 11200, 6200, 8700, 6200, 6400, 5900, 7200, 6400, 6400] cpp_raw=[5100, 4900, 5000, 5400, 6700, 6100, 8000, 5200, 5000, 6400, 5900, 5600, 5200, 5500, 7800] public_ns=2648400 bounds_ns=74900 execute_ns=2525400 combined_ns=6400 cpp_ns=5500 source=49f9223bca7c6711 result=6d7da255f160ecf1
case op=convert-ubyte-float w=256 h=128 layout=padded public_raw=[10442400, 10674500, 10003900, 9860200, 10518900, 10194800, 11303800, 10229500, 10622900, 10308100, 10914600, 10922400, 10893900, 10838300, 11220400] bounds_raw=[73900, 73700, 75000, 111500, 73800, 151700, 73400, 111600, 73900, 73800, 74000, 73500, 74100, 73800, 76100] execute_raw=[11173900, 12224500, 10061900, 10187700, 10045000, 9571500, 11298400, 10234700, 10708600, 11440000, 10119500, 13225900, 9964300, 10555700, 10437700] combined_raw=[8300, 7700, 3900, 3100, 3500, 8500, 8700, 4100, 3200, 3800, 3700, 4600, 3800, 3200, 4300] cpp_raw=[3300, 3300, 2800, 2900, 2900, 3900, 3100, 3000, 3100, 3200, 7100, 3100, 3100, 2800, 2900] public_ns=10622900 bounds_ns=73900 execute_ns=10437700 combined_ns=3900 cpp_ns=3100 source=e5a18b0018a9faa5 result=8d94738f899eb13d
case op=copy-ubyte w=256 h=128 layout=negative-source public_raw=[2715500, 2746600, 2479500, 2606800, 2758400, 3132100, 2536500, 2566400, 2486000, 2379000, 2430900, 6906000, 3176600, 2631900, 3099700] bounds_raw=[68700, 69300, 68700, 68400, 69400, 89800, 97900, 68900, 69900, 70700, 69600, 68900, 70000, 68400, 91900] execute_raw=[2343200, 3104700, 2447500, 2460000, 2699600, 4422700, 3383300, 2503600, 2353200, 2408600, 2814500, 2349500, 2568300, 2718600, 2507600] combined_raw=[2200, 2300, 2300, 2100, 2300, 2700, 2300, 2200, 2100, 2500, 2200, 2000, 2500, 2300, 2100] cpp_raw=[1000, 900, 700, 700, 800, 1000, 700, 700, 700, 1000, 700, 700, 700, 800, 700] public_ns=2631900 bounds_ns=69400 execute_ns=2507600 combined_ns=2300 cpp_ns=700 source=e5a18b0018a9faa5 result=d702cf3fb5e29e3d
case op=copy-float w=256 h=128 layout=negative-source public_raw=[2524500, 2672700, 2543000, 2567200, 2507000, 2433700, 2452100, 3015900, 2503700, 2642900, 2690000, 3104700, 2566100, 2671600, 2893900] bounds_raw=[68900, 73800, 125000, 76200, 69600, 264600, 76000, 73200, 70600, 74300, 73300, 75700, 73900, 73600, 269600] execute_raw=[2651900, 2423200, 2462800, 2768300, 2379800, 2511400, 2529000, 2521000, 2563400, 2417300, 2478800, 2926500, 2716400, 2560100, 2420200] combined_raw=[3600, 3600, 3700, 3900, 3500, 3900, 3800, 3500, 3900, 3400, 3700, 3600, 3600, 3600, 3900] cpp_raw=[2500, 2500, 2500, 2500, 2500, 2500, 2800, 2500, 2500, 2700, 2500, 2900, 3800, 2500, 2500] public_ns=2567200 bounds_ns=73900 execute_ns=2521000 combined_ns=3600 cpp_ns=2500 source=36662a215b68a60b result=bf1783c6025d513d
case op=copy-Pod w=256 h=128 layout=negative-source public_raw=[2790600, 2460100, 2624100, 2421700, 2708700, 2728400, 2631400, 2636400, 2657900, 2613900, 3115300, 3012700, 2765400, 2661900, 2496000] bounds_raw=[80100, 78300, 75400, 74200, 92500, 74700, 74100, 90000, 74000, 74100, 75800, 74600, 75100, 74800, 77000] execute_raw=[2588700, 2585700, 2581800, 2912400, 2434900, 2678500, 2770300, 2491800, 2337900, 2777000, 2668700, 2723900, 2519000, 2637600, 2574600] combined_raw=[6000, 6000, 6000, 6400, 5800, 7000, 6100, 5900, 6100, 7000, 6000, 6800, 6600, 55700, 5700] cpp_raw=[5000, 6000, 5400, 5000, 5100, 5100, 6300, 6000, 4900, 5200, 5000, 5100, 5100, 5800, 5500] public_ns=2657900 bounds_ns=75100 execute_ns=2588700 combined_ns=6100 cpp_ns=5100 source=7247388808cf2711 result=6d7da255f160ecf1
case op=convert-ubyte-float w=256 h=128 layout=negative-source public_raw=[11334200, 10246100, 10321900, 9949500, 10099600, 10156100, 9980000, 9887400, 10662900, 9963000, 11070000, 12885200, 11619500, 10440600, 11809500] bounds_raw=[75400, 73100, 114000, 73800, 75200, 73800, 73000, 104200, 75200, 73400, 77800, 73000, 75300, 74700, 75100] execute_raw=[10466200, 10167200, 10239100, 10234200, 9715900, 9508500, 9682600, 9957500, 10031700, 10139800, 10567000, 10300300, 10785700, 10089000, 10425000] combined_raw=[13500, 13900, 13800, 13300, 14000, 13300, 13600, 13800, 13200, 14100, 13900, 13700, 14500, 13400, 13600] cpp_raw=[3200, 3300, 3500, 5600, 3100, 3000, 2900, 3400, 2900, 3200, 3500, 2800, 2900, 3000, 3200] public_ns=10321900 bounds_ns=75100 execute_ns=10167200 combined_ns=13700 cpp_ns=3200 source=e5a18b0018a9faa5 result=8d94738f899eb13d
case op=copy-ubyte w=256 h=128 layout=negative-both public_raw=[2551200, 2413300, 2408400, 2407100, 2674300, 2678100, 2579500, 2702800, 2611300, 2864100, 2522200, 2444700, 2553900, 2419300, 2519100] bounds_raw=[70200, 69700, 69700, 71100, 69000, 68500, 69900, 116300, 68700, 68400, 68800, 68800, 68800, 69800, 138600] execute_raw=[2544700, 2387400, 2304200, 2384800, 2390600, 2444900, 2611400, 2617100, 2409200, 2899800, 4525300, 2332400, 2560300, 2392900, 2583100] combined_raw=[2100, 2100, 2100, 2000, 2100, 2600, 2400, 2400, 2100, 2200, 2700, 2000, 2400, 2400, 2200] cpp_raw=[800, 700, 700, 700, 700, 800, 700, 700, 700, 700, 700, 700, 700, 700, 700] public_ns=2551200 bounds_ns=69700 execute_ns=2444900 combined_ns=2200 cpp_ns=700 source=e5a18b0018a9faa5 result=d702cf3fb5e29e3d
case op=copy-float w=256 h=128 layout=negative-both public_raw=[2413400, 2427100, 3274600, 2756900, 3583600, 3716700, 2589300, 2394600, 2703400, 2897900, 3044200, 2615000, 2805800, 2501100, 2965000] bounds_raw=[72800, 69500, 77000, 322300, 142900, 77500, 69500, 73200, 75400, 76300, 75000, 73500, 70000, 293900, 74000] execute_raw=[2422900, 2306900, 3238400, 3036200, 3937700, 2413800, 2769400, 2797000, 3370800, 2367800, 2581200, 2474000, 2638600, 2479500, 2594400] combined_raw=[3600, 3300, 4000, 3400, 4500, 3500, 3700, 3500, 3400, 3400, 3500, 3500, 3700, 3400, 4700] cpp_raw=[2400, 2800, 2600, 2400, 2500, 3100, 2800, 2600, 2700, 2400, 2400, 2400, 2400, 2400, 11500] public_ns=2756900 bounds_ns=75000 execute_ns=2594400 combined_ns=3500 cpp_ns=2500 source=36662a215b68a60b result=bf1783c6025d513d
case op=copy-Pod w=256 h=128 layout=negative-both public_raw=[2805100, 3357400, 2598400, 3460800, 2686800, 4756200, 2502200, 2565300, 2429200, 2565200, 2640200, 2537900, 2493500, 4312400, 2402200] bounds_raw=[76900, 128900, 77200, 176400, 77000, 89400, 75800, 94600, 75800, 76400, 74700, 74900, 76900, 94000, 74700] execute_raw=[2767100, 3244000, 2992000, 3308800, 2718700, 3309600, 2551300, 2450200, 2556500, 2377600, 2337600, 4086900, 2645400, 2939600, 2352900] combined_raw=[7000, 11300, 6600, 5900, 6300, 8500, 5600, 5500, 27000, 6000, 5500, 6200, 8400, 5500, 5800] cpp_raw=[5400, 6100, 4800, 4900, 7900, 5000, 4800, 5600, 5300, 5000, 5400, 6000, 6300, 5200, 4900] public_ns=2598400 bounds_ns=76900 execute_ns=2718700 combined_ns=6200 cpp_ns=5300 source=7247388808cf2711 result=9cc58c133fed2cf1
case op=convert-ubyte-float w=256 h=128 layout=negative-both public_raw=[10339900, 10524800, 9794300, 10653400, 10004100, 9929800, 10511200, 10676100, 10542500, 9644100, 9940300, 10215500, 11008100, 10143000, 11120700] bounds_raw=[74600, 74500, 110700, 295600, 74400, 74100, 73800, 74300, 73700, 81900, 74900, 73600, 77000, 73400, 101200] execute_raw=[10799200, 10890500, 9693600, 9764700, 10355400, 10233000, 10298200, 9714300, 9545400, 10679800, 10318600, 9899600, 9992300, 11563800, 11178100] combined_raw=[14200, 14700, 14100, 13200, 15400, 14400, 14500, 14300, 13500, 13600, 13500, 13900, 13400, 13000, 13900] cpp_raw=[5700, 3500, 3000, 2900, 3400, 3800, 3100, 3400, 3300, 3400, 4300, 2800, 3700, 3100, 3200] public_ns=10339900 bounds_ns=74500 execute_ns=10298200 combined_ns=13900 cpp_ns=3400 source=e5a18b0018a9faa5 result=8d94738f899eb13d
case op=copy-ubyte w=256 h=128 layout=universal public_raw=[2575300, 2451700, 2474600, 2437300, 2690100, 2450600, 2425800, 2441400, 2442900, 2467400, 2596500, 2562500, 2618100, 2489300, 2648100] bounds_raw=[69000, 70500, 69000, 68500, 70500, 79500, 68900, 102800, 68600, 70100, 72700, 85900, 69400, 94900, 71100] execute_raw=[2442500, 2774200, 2430200, 2594100, 2673700, 2665900, 2731200, 2471500, 2733300, 2771200, 2608700, 2815000, 2489900, 2498700, 2560500] combined_raw=[99400, 99900, 98900, 100700, 126600, 140400, 99800, 99400, 99000, 100500, 99000, 100000, 111200, 99600, 101100] cpp_raw=[116100, 98200, 98200, 98400, 98200, 98300, 98200, 98300, 98200, 152800, 98200, 98200, 98200, 127200, 162700] public_ns=2474600 bounds_ns=70500 execute_ns=2608700 combined_ns=99900 cpp_ns=98200 source=2ca74caf843b767b result=186aee41ab7388cf
case op=copy-float w=256 h=128 layout=universal public_raw=[2428100, 2493700, 2848900, 2848600, 2742500, 2549000, 5317600, 2777500, 2620000, 2412100, 2779300, 2421000, 2548100, 2866200, 2447300] bounds_raw=[73100, 75500, 112300, 102800, 75200, 75000, 75000, 76000, 69600, 74000, 74000, 73900, 71000, 73900, 76000] execute_raw=[2480400, 2545800, 2530000, 2508000, 2829400, 2585700, 6985100, 4570800, 2777000, 2578600, 2579700, 2618500, 2802900, 2684000, 2527200] combined_raw=[92800, 93600, 93000, 94400, 93900, 92500, 108600, 96000, 92600, 129500, 94700, 94600, 92900, 94300, 92700] cpp_raw=[107300, 107300, 107100, 107100, 107100, 107100, 137300, 107300, 107200, 132300, 127000, 107100, 107200, 107100, 107100] public_ns=2620000 bounds_ns=75000 execute_ns=2585700 combined_ns=93900 cpp_ns=107200 source=2602f36fdf024e48 result=a35a34c9a114294f
case op=copy-Pod w=256 h=128 layout=universal public_raw=[2774600, 2958900, 2567500, 2392400, 2470400, 2620700, 2465000, 2476900, 2418300, 2553700, 2489600, 2525400, 3273300, 2418700, 2615700] bounds_raw=[175400, 77500, 381100, 98000, 79000, 75900, 100500, 76000, 105400, 76100, 76900, 101900, 98300, 77200, 76800] execute_raw=[3010600, 2437800, 2742700, 2422800, 2989800, 2674500, 3084500, 2783600, 2625100, 3019000, 3085700, 2840600, 2826000, 2487000, 2381600] combined_raw=[104600, 150600, 105500, 104300, 104600, 181400, 178400, 105500, 105700, 131200, 110800, 132000, 132900, 155400, 104500] cpp_raw=[107500, 110600, 107800, 107200, 283000, 151600, 107200, 107300, 107100, 147100, 177700, 107900, 107200, 237900, 107800] public_ns=2525400 bounds_ns=79000 execute_ns=2783600 combined_ns=110800 cpp_ns=107800 source=e9e6a4e830f5d812 result=65aae9126466d5ba
case op=convert-ubyte-float w=256 h=128 layout=universal public_raw=[5957800, 8056700, 5852900, 5711700, 5719700, 5876500, 5799500, 5838000, 5671600, 5644600, 7397100, 5674500, 5730500, 5856000, 5974200] bounds_raw=[75300, 74600, 105500, 73600, 109900, 74000, 73700, 75500, 73700, 75000, 74100, 86000, 74300, 74100, 73800] execute_raw=[7264900, 6925300, 7526300, 5727300, 5795500, 5758600, 6041500, 6816800, 5631700, 6522900, 5702200, 5847400, 5695000, 5615400, 6054600] combined_raw=[94200, 352700, 93900, 93200, 94500, 94700, 95000, 95500, 108300, 95200, 94600, 93700, 94800, 94100, 242700] cpp_raw=[19300, 19200, 19100, 18800, 18800, 18800, 31200, 19000, 18900, 19100, 19100, 18700, 19000, 18600, 18900] public_ns=5838000 bounds_ns=74300 execute_ns=5847400 combined_ns=94700 cpp_ns=19000 source=2ca74caf843b767b result=9981b35893e1a94f
case op=copy-ubyte w=256 h=128 layout=universal-negative public_raw=[2411300, 2608200, 2627200, 2531500, 2351900, 2363300, 2360000, 2357600, 2359400, 4107700, 4836300, 4836400, 2636000, 3635900, 4582800] bounds_raw=[84500, 68700, 69400, 69000, 68700, 68700, 95300, 69000, 129000, 111100, 71700, 252500, 155700, 95900, 91000] execute_raw=[2382400, 2503200, 2475100, 2443700, 2445800, 2462200, 2365800, 2395300, 3023000, 3375900, 3285300, 3954100, 3998600, 2902300, 3104300] combined_raw=[99000, 99600, 98900, 99900, 99200, 100200, 99500, 101000, 114100, 121800, 100900, 103000, 124700, 100100, 184300] cpp_raw=[98200, 98200, 99000, 98200, 118300, 98200, 98400, 98200, 117200, 98200, 121200, 102100, 141400, 98300, 188300] public_ns=2608200 bounds_ns=84500 execute_ns=2503200 combined_ns=100200 cpp_ns=98400 source=aee6fc6fec93767b result=e78d431e19cc88cf
case op=copy-float w=256 h=128 layout=universal-negative public_raw=[3081800, 2350600, 2427400, 2714900, 2526300, 2379500, 2525500, 2382000, 2474900, 2688100, 2560900, 2347900, 2402800, 2466400, 2426700] bounds_raw=[75000, 74900, 74900, 79300, 74000, 77000, 76500, 241700, 74300, 74000, 73700, 93500, 74300, 71700, 72100] execute_raw=[2426000, 2601200, 2502300, 2681100, 2558200, 2460700, 2732600, 2396600, 2475400, 2733400, 2537400, 2503700, 2412900, 2415500, 2613300] combined_raw=[113300, 93500, 93500, 94200, 95600, 94400, 93700, 93000, 98200, 93200, 134500, 95600, 94400, 95600, 93600] cpp_raw=[108300, 107300, 107200, 107100, 107100, 122500, 131900, 107100, 107200, 107100, 143200, 152500, 107200, 120000, 107100] public_ns=2466400 bounds_ns=74900 execute_ns=2503700 combined_ns=94400 cpp_ns=107200 source=a257b6291ff8ce48 result=6438f003893e294f
case op=copy-Pod w=256 h=128 layout=universal-negative public_raw=[2602100, 2377500, 2367200, 3205900, 2886400, 2417800, 2708200, 2432200, 2442100, 2513900, 2497100, 3442600, 2517500, 2393200, 3241900] bounds_raw=[76700, 76000, 90800, 76400, 78700, 78100, 75900, 75800, 77000, 92500, 76300, 80700, 76100, 76400, 99100] execute_raw=[2425900, 2552300, 2381600, 2458800, 2573900, 2636400, 2382400, 2571500, 2547500, 2472100, 2543700, 2462400, 2497500, 2861000, 2513200] combined_raw=[103600, 104800, 104600, 103400, 105000, 104800, 122000, 104400, 103500, 104400, 105700, 104200, 106300, 104400, 124400] cpp_raw=[107900, 107800, 107200, 107100, 121800, 107500, 108200, 167500, 107300, 108600, 107300, 116800, 108200, 121200, 107500] public_ns=2513900 bounds_ns=76700 execute_ns=2513200 combined_ns=104600 cpp_ns=107900 source=9d3846764beed812 result=da53e1b7f4d855ba
case op=convert-ubyte-float w=256 h=128 layout=universal-negative public_raw=[5617400, 5659700, 5648500, 6205600, 5819400, 5563900, 6140100, 5608500, 5660300, 5580900, 6050600, 5949200, 6156300, 5950900, 7687400] bounds_raw=[76000, 89100, 74800, 76000, 74200, 74000, 73800, 74200, 75200, 74500, 74500, 75600, 74700, 75200, 105600] execute_raw=[8237400, 6810100, 5973900, 5953500, 5891300, 5546200, 5586700, 5609600, 5680200, 5513600, 6028600, 5683100, 5608100, 5981500, 5846200] combined_raw=[95300, 94500, 115300, 94500, 239500, 94400, 109800, 94100, 94100, 94300, 95000, 95200, 94600, 94300, 94300] cpp_raw=[18300, 18100, 18200, 18100, 18100, 18100, 18100, 18100, 18100, 18000, 18100, 18100, 18200, 18400, 18400] public_ns=5819400 bounds_ns=74800 execute_ns=5846200 combined_ns=94500 cpp_ns=18100 source=aee6fc6fec93767b result=b595bddcda97a94f
case op=copy-ubyte w=256 h=128 layout=repeated-source public_raw=[2916600, 2471100, 2543200, 2583900, 3488900, 2675700, 2551300, 2566900, 2646500, 2366800, 3228000, 3109400, 2429700, 2769000, 2359200] bounds_raw=[70200, 69000, 69400, 68900, 70300, 71600, 69000, 70200, 68800, 70300, 69600, 68600, 79900, 70200, 69000] execute_raw=[2910600, 2386500, 2610300, 2650700, 2484300, 2630300, 2401300, 2367900, 2317300, 2581300, 2290200, 2531200, 2518200, 2518900, 2408200] combined_raw=[2400, 2300, 2300, 2100, 2500, 2200, 2200, 2200, 2200, 2300, 2100, 2200, 2500, 2300, 2300] cpp_raw=[800, 600, 700, 600, 600, 700, 600, 700, 800, 700, 700, 700, 700, 700, 700] public_ns=2583900 bounds_ns=69600 execute_ns=2518200 combined_ns=2300 cpp_ns=700 source=b801a0f8ceb910a5 result=d702cf3fb5e29e3d
case op=copy-float w=256 h=128 layout=repeated-source public_raw=[4475100, 5657800, 2430000, 2386100, 2456700, 5211200, 4140600, 2381700, 2447800, 2773600, 2366100, 2390000, 2387800, 2489200, 2480800] bounds_raw=[73100, 74800, 73400, 68300, 75400, 72600, 75700, 88600, 68500, 73100, 78700, 72600, 74900, 137200, 76200] execute_raw=[6097900, 4551600, 3511900, 2321000, 4509700, 2978300, 5602900, 2512000, 2720300, 2455200, 2616600, 2429500, 2433200, 2437500, 2579400] combined_raw=[3800, 3900, 3500, 3400, 3900, 3500, 3700, 3700, 3300, 3400, 3400, 3300, 3500, 3200, 3800] cpp_raw=[2100, 2000, 2100, 1900, 2000, 2300, 2000, 2000, 2000, 1900, 2000, 1900, 1900, 1900, 1900] public_ns=2456700 bounds_ns=74800 execute_ns=2616600 combined_ns=3500 cpp_ns=2000 source=2ab4dac9ab1576eb result=bf1783c6025d513d
case op=copy-Pod w=256 h=128 layout=repeated-source public_raw=[2495700, 2516000, 2475400, 2391200, 2526300, 2701200, 2432200, 2363900, 2500500, 2786500, 2723000, 4419900, 4389600, 2362200, 2379900] bounds_raw=[75800, 74500, 74700, 74900, 75200, 75600, 77500, 74900, 74600, 75200, 74800, 74400, 74700, 74300, 74700] execute_raw=[2485100, 2421200, 2468100, 2512100, 2345300, 2448000, 2317300, 2351300, 2427100, 2528600, 4230500, 4429100, 2358500, 4347400, 4337500] combined_raw=[4500, 4800, 4800, 4600, 4900, 4600, 4500, 4500, 4500, 4900, 4700, 4700, 5000, 4600, 4700] cpp_raw=[3000, 2900, 3100, 3100, 3000, 3100, 3000, 3000, 3000, 3000, 3000, 3000, 3000, 3000, 3000] public_ns=2500500 bounds_ns=74800 execute_ns=2468100 combined_ns=4700 cpp_ns=3000 source=eeeb850fb0e39951 result=fb16e77c4b15ecf1
case op=convert-ubyte-float w=256 h=128 layout=repeated-source public_raw=[11588000, 11619700, 11552800, 13972300, 9648700, 13167900, 9702100, 10364400, 10959900, 11525600, 9721200, 10180200, 10133600, 10264200, 10013500] bounds_raw=[73600, 72800, 73500, 75700, 74700, 73400, 72900, 73200, 72800, 73500, 74100, 109100, 73000, 73300, 73700] execute_raw=[11496100, 11842400, 12336200, 9396400, 10013400, 10835900, 9951500, 9505000, 9669300, 9850100, 10266100, 9461700, 9806300, 10173900, 9447400] combined_raw=[7500, 4300, 3700, 3200, 3600, 4000, 3600, 3900, 6900, 3800, 4600, 3600, 8300, 6900, 3700] cpp_raw=[3400, 3000, 3000, 2900, 2900, 3200, 2800, 2900, 3100, 3300, 3000, 2900, 5400, 3100, 3200] public_ns=10364400 bounds_ns=73500 execute_ns=9951500 combined_ns=3900 cpp_ns=3000 source=b801a0f8ceb910a5 result=8d94738f899eb13d
case op=copy-ubyte w=256 h=128 layout=zero-source public_raw=[1602200, 898300, 649900, 620600, 629200, 609300, 673700, 631300, 615900, 628500, 631600, 619200, 606000, 699200, 607800] bounds_raw=[69300, 92800, 69200, 70000, 68900, 68600, 125400, 69200, 68700, 70400, 68700, 68500, 68400, 68900, 68900] execute_raw=[1692300, 793600, 915500, 695700, 773400, 637300, 638600, 661900, 705100, 653700, 642300, 697000, 638100, 700200, 648600] combined_raw=[99900, 125200, 99400, 99700, 100200, 98900, 98700, 99800, 99900, 122800, 101200, 99100, 99100, 113700, 99300] cpp_raw=[120500, 99000, 103900, 99000, 99000, 99100, 99100, 99000, 117800, 99000, 99200, 99200, 99000, 99000, 139200] public_ns=629200 bounds_ns=68900 execute_ns=695700 combined_ns=99800 cpp_ns=99100 source=ea3b47c803d61b61 result=805f2b0ca3e19e3d
case op=copy-float w=256 h=128 layout=zero-source public_raw=[627700, 667200, 611800, 612600, 713800, 712800, 653400, 630700, 647600, 770000, 816200, 645500, 721800, 628700, 802800] bounds_raw=[118900, 75300, 72200, 75700, 76700, 76000, 78200, 76100, 75700, 73900, 72900, 75700, 75800, 76000, 76000] execute_raw=[677600, 742200, 716700, 656700, 685500, 646900, 660700, 664000, 770800, 652600, 724200, 652900, 636400, 640400, 718400] combined_raw=[92900, 92500, 92000, 91000, 94500, 105400, 164000, 94500, 93900, 93300, 91500, 151500, 92300, 91600, 92400] cpp_raw=[239900, 226200, 107100, 131400, 107200, 107000, 107000, 107200, 107000, 107000, 107000, 151700, 107000, 107100, 107000] public_ns=653400 bounds_ns=75800 execute_ns=664000 combined_ns=92900 cpp_ns=107100 source=3ee659a586185a17 result=d3a2f65955b6b13d
case op=copy-Pod w=256 h=128 layout=zero-source public_raw=[640700, 612200, 625200, 620400, 633600, 671400, 672800, 611500, 659600, 620300, 743400, 681500, 638900, 613000, 624600] bounds_raw=[74600, 73900, 75800, 74500, 78200, 74200, 74500, 75100, 73900, 73900, 76100, 74800, 122200, 75500, 75000] execute_raw=[687000, 654300, 700600, 768100, 665100, 670600, 662600, 665000, 645400, 648500, 655800, 751200, 648600, 641000, 676600] combined_raw=[128100, 103000, 103500, 103000, 106600, 102000, 103000, 103400, 102600, 102300, 103700, 102100, 102800, 103600, 101900] cpp_raw=[107100, 118800, 107100, 128700, 107000, 107000, 107200, 118400, 107800, 107100, 394400, 107000, 108000, 129000, 107200] public_ns=633600 bounds_ns=74800 execute_ns=665000 combined_ns=103000 cpp_ns=107200 source=52489578602bbe06 result=ef186d4d74d56cf1
case op=convert-ubyte-float w=256 h=128 layout=zero-source public_raw=[1604800, 1876000, 1765900, 1706600, 1684900, 1904700, 1629000, 1648800, 1663800, 1653900, 1814000, 1654300, 1653200, 1856300, 1705600] bounds_raw=[85700, 108100, 73000, 72900, 74900, 70400, 73900, 72900, 73900, 73200, 73000, 72700, 73000, 74600, 74100] execute_raw=[1615700, 1564500, 1608600, 1632600, 1602900, 1665500, 1625400, 1607000, 1598900, 1790600, 1712900, 1622300, 1752800, 1573900, 1714400] combined_raw=[107700, 93900, 93200, 112000, 92200, 92600, 91900, 91900, 93400, 92600, 92300, 92800, 127500, 152300, 93000] cpp_raw=[17900, 18000, 18000, 17900, 17900, 18000, 17900, 17900, 17900, 17900, 18100, 17900, 18000, 17900, 18000] public_ns=1684900 bounds_ns=73200 execute_ns=1622300 combined_ns=93000 cpp_ns=17900 source=ea3b47c803d61b61 result=fb8549580c3ab13d
case op=copy-ubyte w=2048 h=512 layout=contiguous public_raw=[146000, 23400, 26600, 43100, 24000, 23700, 26500, 32200, 26000, 23700, 25200, 41100, 25400, 23400, 23800] bounds_raw=[41300, 32600, 26400, 25600, 23000, 23600, 23900, 28500, 26800, 33900, 23700, 24200, 23600, 23000, 24300] execute_raw=[24100, 28000, 25300, 24900, 23800, 25600, 32100, 28400, 23800, 27200, 24700, 23800, 31400, 23200, 23400] combined_raw=[23600, 24400, 24200, 24800, 24600, 28500, 26300, 25500, 31700, 26900, 25100, 34800, 49300, 24700, 24500] cpp_raw=[29800, 28700, 33900, 30800, 28400, 28400, 34200, 31400, 38500, 29100, 29900, 32100, 29100, 30500, 30000] public_ns=25400 bounds_ns=24300 execute_ns=24900 combined_ns=25100 cpp_ns=30000 source=2330a0f18d4d82a5 result=80d2fb93a399d2bd
case op=copy-float w=2048 h=512 layout=contiguous public_raw=[114600, 113700, 174800, 128900, 152300, 120600, 121100, 161600, 125300, 136500, 119500, 307500, 138600, 159300, 187000] bounds_raw=[232100, 135700, 132800, 173100, 122700, 220100, 155500, 153900, 111500, 139000, 132100, 117100, 421000, 176100, 134200] execute_raw=[126800, 161300, 109200, 230700, 111500, 198600, 138500, 140600, 114400, 200100, 138200, 143200, 398300, 186100, 122100] combined_raw=[206400, 121300, 124700, 167300, 219400, 174400, 134700, 154000, 113500, 144000, 154000, 137900, 146000, 156600, 128600] cpp_raw=[248700, 119000, 166600, 143400, 178600, 123000, 122300, 204800, 128400, 120800, 141800, 173900, 134300, 157000, 184800] public_ns=136500 bounds_ns=139000 execute_ns=140600 combined_ns=146000 cpp_ns=143400 source=13b5de7322d2f7ab result=d89816c09b0f4fbd
case op=copy-Pod w=2048 h=512 layout=contiguous public_raw=[607900, 548400, 540200, 603900, 553800, 567800, 575300, 710800, 491000, 415400, 537600, 593100, 502300, 583400, 577800] bounds_raw=[500100, 867200, 594200, 771100, 595000, 624700, 882900, 581800, 518200, 474600, 470100, 567200, 540600, 1014400, 507600] execute_raw=[623400, 530500, 514800, 537200, 663700, 561100, 561100, 781100, 711100, 436500, 456500, 535700, 554800, 623400, 548700] combined_raw=[685900, 704500, 586100, 647500, 572500, 551400, 1584200, 556600, 745200, 442400, 528400, 557400, 576900, 564700, 518100] cpp_raw=[527400, 505600, 486300, 478900, 869100, 476000, 580700, 563300, 514600, 439500, 422900, 544200, 613700, 473700, 649800] public_ns=567800 bounds_ns=581800 execute_ns=554800 combined_ns=572500 cpp_ns=514600 source=d8cd6555f4166151 result=59e0883c487093b1
case op=convert-ubyte-float w=2048 h=512 layout=contiguous public_raw=[4055300, 3769500, 3765000, 4065000, 3985600, 3774600, 3774400, 3770600, 4045600, 3769000, 3795900, 4261200, 3977400, 3851300, 4071000] bounds_raw=[4719200, 4148600, 3852700, 4071900, 3828900, 3817700, 3922900, 4053600, 4326100, 4084300, 4064900, 3836900, 5680600, 4061100, 4066400] execute_raw=[92700, 219900, 93100, 223600, 221400, 93100, 93900, 223400, 92900, 93000, 93100, 95200, 92600, 224500, 94500] combined_raw=[106600, 248200, 91800, 225500, 218100, 92100, 92900, 92800, 91500, 247500, 227600, 93100, 229300, 242200, 92200] cpp_raw=[85000, 100400, 86000, 96900, 98700, 85200, 85600, 85900, 84700, 97000, 104100, 98100, 97100, 85600, 97700] public_ns=3851300 bounds_ns=4064900 execute_ns=93900 combined_ns=106600 cpp_ns=96900 source=2330a0f18d4d82a5 result=8830660fbe034fbd
case op=copy-ubyte w=2048 h=512 layout=padded public_raw=[44900600, 41026600, 43447000, 42446200, 41994800, 48732700, 42804700, 43533700, 43196700, 46846400, 43288700, 41545300, 40344000, 41510700, 41890500] bounds_raw=[2325600, 2245300, 2246000, 2453200, 2353200, 2233500, 2226500, 2266100, 4420200, 2266900, 3048700, 4188400, 2366000, 2237300, 2315900] execute_raw=[41416300, 40762200, 41085900, 43781700, 43188800, 39498400, 39390600, 40924600, 54373800, 42646800, 43641000, 40375700, 39554800, 38721100, 42367400] combined_raw=[38200, 44000, 59800, 35400, 58900, 61100, 43400, 39800, 35800, 47700, 41100, 56200, 59900, 36300, 38000] cpp_raw=[28100, 29800, 48800, 34500, 31700, 32100, 30100, 30600, 31300, 57000, 59100, 31700, 31300, 34100, 42000] public_ns=42804700 bounds_ns=2315900 execute_ns=41085900 combined_ns=43400 cpp_ns=31700 source=ae83cf5b1e4efaa5 result=824b457e72415e3d
case op=copy-float w=2048 h=512 layout=padded public_raw=[41664200, 43406000, 41081000, 42945400, 42852100, 47497100, 57834500, 39998800, 40440900, 41081400, 41140200, 40979600, 41208400, 41758400, 40182600] bounds_raw=[2527100, 2635800, 2514900, 2562900, 2506800, 2534700, 2531400, 2477000, 2519200, 2481300, 2472400, 2545700, 2479500, 2622000, 2463100] execute_raw=[38846100, 38741600, 40110600, 39373900, 41721600, 39476700, 40337500, 73221800, 39232500, 39004800, 40568600, 39575700, 39420700, 39986700, 38881800] combined_raw=[145200, 132500, 159600, 116100, 179800, 151600, 166600, 153900, 125300, 144300, 176700, 127800, 139700, 150000, 138500] cpp_raw=[125200, 123800, 114100, 106500, 124500, 115900, 123300, 158200, 116400, 153600, 113800, 112600, 112600, 174900, 142600] public_ns=41208400 bounds_ns=2519200 execute_ns=39476700 combined_ns=145200 cpp_ns=123300 source=f707132824e3b60b result=7e1f3007cb46713d
case op=copy-Pod w=2048 h=512 layout=padded public_raw=[42600300, 40885800, 44517400, 42804200, 42377500, 40666000, 40876300, 40522100, 41357200, 40996100, 40804100, 43539800, 42077300, 40770400, 41197700] bounds_raw=[2440700, 2418600, 2870100, 2467900, 2445000, 2468200, 2652900, 2576100, 2577700, 2509100, 2445200, 2417000, 2576200, 2497200, 2817200] execute_raw=[40479300, 40466700, 39632600, 39183000, 41257900, 39469600, 39240300, 44368500, 41309600, 39579200, 41768000, 38796400, 39030700, 39072800, 39870300] combined_raw=[503200, 410000, 431100, 414000, 384200, 459300, 491700, 421000, 486700, 392900, 449900, 417700, 479700, 735000, 426600] cpp_raw=[422400, 500600, 700800, 438500, 440100, 427300, 431700, 457500, 386000, 560100, 389800, 437400, 399400, 513100, 412800] public_ns=41197700 bounds_ns=2497200 execute_ns=39632600 combined_ns=431100 cpp_ns=437400 source=e31314711d294711 result=cd84131d95f48cf1
case op=convert-ubyte-float w=2048 h=512 layout=padded public_raw=[164605100, 163666000, 162566400, 163814000, 180061600, 174226100, 189046600, 177397900, 174369200, 168120300, 168511900, 167070500, 168584100, 168242800, 168029900] bounds_raw=[2690000, 2384700, 2510000, 2398200, 2392400, 2652000, 2450300, 2462200, 2618300, 2618800, 2557200, 2512200, 2654300, 2853900, 2527600] execute_raw=[155741700, 160537600, 156688500, 162131200, 170914400, 161803600, 155642400, 166901900, 164229800, 161830800, 167928000, 166203700, 163747800, 172252000, 163015100] combined_raw=[95300, 96000, 94800, 224500, 226100, 95500, 197800, 233800, 228700, 95800, 94400, 166000, 216600, 219900, 94700] cpp_raw=[86100, 86700, 85500, 97600, 88000, 85600, 86200, 119000, 85400, 87600, 85400, 85900, 97500, 97600, 98900] public_ns=168242800 bounds_ns=2527600 execute_ns=163015100 combined_ns=166000 cpp_ns=86700 source=ae83cf5b1e4efaa5 result=a6f0b1d68eba713d
case op=copy-ubyte w=2048 h=512 layout=negative-source public_raw=[42573300, 42632700, 45272200, 43728100, 42163600, 42291600, 43326900, 45200200, 46110400, 44959400, 45296600, 42453300, 45821200, 43911500, 44188600] bounds_raw=[2404400, 2700100, 2739100, 2341300, 2402800, 2409400, 2417100, 2388700, 2469800, 2331900, 2329100, 2272200, 2639400, 2445600, 2321500] execute_raw=[40269400, 39096500, 39753000, 41689000, 42013200, 42647100, 40462500, 40911400, 46212800, 48532300, 43156300, 40328000, 42730200, 38764500, 40938700] combined_raw=[43000, 44100, 49200, 33000, 42200, 45900, 42100, 42200, 37700, 72100, 92000, 64400, 88000, 58200, 53100] cpp_raw=[35800, 32500, 31600, 30500, 43800, 30700, 30200, 29800, 33300, 70200, 36600, 33300, 52100, 34800, 61300] public_ns=43911500 bounds_ns=2404400 execute_ns=40938700 combined_ns=45900 cpp_ns=33300 source=ae83cf5b1e4efaa5 result=824b457e72415e3d
case op=copy-float w=2048 h=512 layout=negative-source public_raw=[43134700, 41644400, 42083400, 44579400, 46563900, 44044100, 43315000, 42081800, 42997500, 42720400, 43403700, 41575500, 42504500, 45412300, 45359300] bounds_raw=[2581300, 2695500, 2627000, 2706100, 2578300, 2733100, 2664400, 2638300, 2695900, 2647100, 2530600, 2686500, 2593800, 2496500, 2822100] execute_raw=[40461400, 40693100, 39703400, 40137700, 39630600, 41243200, 40379000, 41497500, 39970200, 39786000, 40698600, 40964500, 39662200, 42055200, 39525500] combined_raw=[257900, 237100, 229700, 167400, 241700, 350100, 209700, 442100, 280100, 258400, 245000, 254800, 247500, 208200, 213800] cpp_raw=[148200, 229200, 138000, 205300, 259100, 157200, 190600, 188600, 189000, 228500, 137500, 144300, 146700, 187800, 237600] public_ns=43134700 bounds_ns=2647100 execute_ns=40379000 combined_ns=245000 cpp_ns=188600 source=f707132824e3b60b result=7e1f3007cb46713d
case op=copy-Pod w=2048 h=512 layout=negative-source public_raw=[52825400, 40192000, 43845900, 49450000, 45752900, 41058200, 41282200, 40886200, 41365800, 41013300, 42490500, 44005800, 42214400, 40741600, 41502300] bounds_raw=[2710600, 2708500, 3084300, 2891100, 3010500, 2747300, 2692200, 2717800, 2771400, 2698600, 3597000, 2733600, 2767400, 2701700, 3080200] execute_raw=[38145800, 38683600, 42789300, 42511800, 42261700, 41357200, 38731800, 41557900, 38934300, 39179600, 40062000, 44407300, 39573800, 39906300, 38382600] combined_raw=[743500, 715100, 799300, 874800, 743200, 866100, 757600, 690800, 715900, 785900, 826100, 774900, 782900, 666800, 823900] cpp_raw=[696700, 724200, 672100, 653200, 775000, 774700, 617900, 644500, 639500, 654700, 764400, 706700, 735200, 922400, 658400] public_ns=41502300 bounds_ns=2747300 execute_ns=39906300 combined_ns=774900 cpp_ns=696700 source=a98d88b93a2d4711 result=cd84131d95f48cf1
case op=convert-ubyte-float w=2048 h=512 layout=negative-source public_raw=[162615400, 163591500, 170520500, 171782100, 173029800, 185606600, 156833200, 158202200, 156709100, 163300100, 156461600, 162404000, 155115000, 156245600, 156153200] bounds_raw=[2528500, 2483500, 3073600, 2552900, 2751400, 3753000, 2705600, 2433800, 2393600, 2502800, 2392900, 2451800, 2447700, 2434500, 2418200] execute_raw=[159273400, 159827400, 161878700, 174555500, 177829700, 162267200, 158040400, 152254400, 157174800, 153782000, 154297200, 154519000, 158195700, 155034300, 158918700] combined_raw=[462300, 447800, 528800, 456000, 434400, 437000, 436400, 483600, 448700, 449100, 439400, 430100, 486400, 433600, 438900] cpp_raw=[128700, 120600, 176700, 193900, 257300, 173200, 106500, 170900, 124700, 138900, 101000, 102300, 108300, 116800, 150000] public_ns=162404000 bounds_ns=2483500 execute_ns=158195700 combined_ns=447800 cpp_ns=128700 source=ae83cf5b1e4efaa5 result=a6f0b1d68eba713d
case op=copy-ubyte w=2048 h=512 layout=negative-both public_raw=[42649800, 42912100, 46400500, 44847400, 44880200, 45726200, 43622100, 44539700, 43732100, 46037000, 43807800, 44668700, 41681300, 42622900, 40938700] bounds_raw=[2261800, 2297000, 2373500, 2573300, 2323100, 3016700, 2305000, 2227400, 2389800, 2283200, 2541100, 2351000, 2492100, 2226200, 2252000] execute_raw=[44926000, 40075100, 38712600, 45439000, 44127900, 42629000, 45721600, 41846700, 41432000, 46192300, 40305300, 46664100, 40613600, 40065300, 39394900] combined_raw=[37100, 34100, 33700, 36200, 38000, 52900, 34300, 44700, 33000, 52300, 49000, 79100, 37500, 32100, 30700] cpp_raw=[30800, 27600, 29000, 36400, 45300, 43700, 27400, 31200, 26900, 36900, 40100, 54400, 29300, 29800, 38100] public_ns=43807800 bounds_ns=2323100 execute_ns=41846700 combined_ns=37100 cpp_ns=31200 source=ae83cf5b1e4efaa5 result=824b457e72415e3d
case op=copy-float w=2048 h=512 layout=negative-both public_raw=[43822500, 44592300, 43523900, 41790000, 41309200, 48287300, 51684000, 42240300, 43129200, 43064500, 42692500, 44060700, 42114200, 42131700, 42362200] bounds_raw=[2766100, 2563000, 2847900, 2654400, 2723100, 2998400, 2512000, 2489000, 2517000, 2916400, 2650000, 2605700, 2970100, 2791700, 2801500] execute_raw=[44359500, 39832800, 45096100, 42012500, 46540200, 42415800, 41618600, 40783400, 43968500, 40167800, 39975600, 40509700, 40253800, 41475300, 40508900] combined_raw=[257600, 306200, 467200, 261800, 2488500, 380900, 366000, 300200, 141200, 490900, 199900, 291500, 279700, 215900, 289900] cpp_raw=[190500, 193800, 257400, 209600, 280400, 174000, 224600, 208600, 142700, 248800, 326300, 197200, 192800, 149200, 302000] public_ns=43064500 bounds_ns=2723100 execute_ns=41475300 combined_ns=291500 cpp_ns=208600 source=f707132824e3b60b result=7e1f3007cb46713d
case op=copy-Pod w=2048 h=512 layout=negative-both public_raw=[42678900, 41486700, 43754400, 41519100, 41306500, 41720600, 42692600, 44384300, 42676000, 46100500, 42500600, 42514700, 42364600, 42303900, 43816900] bounds_raw=[2743800, 3160400, 2581000, 2585900, 2693200, 2729700, 2579200, 2607000, 3403400, 2804400, 2589300, 2654600, 2627200, 2855200, 2690200] execute_raw=[42060600, 39456400, 40345800, 40620000, 40172100, 40185300, 40578100, 40629500, 49443000, 41021800, 39572200, 39702800, 40066900, 40151500, 40182300] combined_raw=[700000, 673300, 591400, 657400, 531500, 655300, 678700, 836000, 626600, 622600, 715600, 688300, 536400, 578200, 701700] cpp_raw=[628200, 558500, 590500, 678400, 563300, 576700, 732400, 612500, 660000, 671200, 771200, 805500, 610400, 549800, 690100] public_ns=42514700 bounds_ns=2690200 execute_ns=40185300 combined_ns=657400 cpp_ns=628200 source=a98d88b93a2d4711 result=35d2d67477ff8cf1
case op=convert-ubyte-float w=2048 h=512 layout=negative-both public_raw=[160919600, 162933900, 163563500, 161099200, 202055000, 167244600, 169650400, 167726600, 165853500, 163064700, 165471200, 166106900, 164100400, 163890500, 165957000] bounds_raw=[2611000, 2546800, 2482500, 2426000, 2652800, 2600100, 2445900, 2523300, 2611600, 2624200, 2746900, 3083400, 2473000, 2408500, 2398900] execute_raw=[160205500, 157294400, 157931500, 159268200, 167327700, 165388800, 167347600, 170581300, 161553300, 163786800, 159700000, 160009600, 165582200, 160025100, 166561100] combined_raw=[450700, 452800, 495600, 462100, 440500, 476900, 434100, 460500, 450200, 451600, 484100, 457800, 448900, 429700, 454300] cpp_raw=[204800, 128200, 124900, 127400, 168600, 141100, 213300, 140000, 246100, 171200, 111500, 156300, 137400, 113600, 149500] public_ns=165471200 bounds_ns=2546800 execute_ns=161553300 combined_ns=452800 cpp_ns=141100 source=ae83cf5b1e4efaa5 result=a6f0b1d68eba713d
case op=copy-ubyte w=2048 h=512 layout=universal public_raw=[42987800, 42337000, 42449000, 41635300, 44782000, 49619300, 44974100, 40293800, 41801700, 41725500, 40359900, 40760400, 40855100, 41285600, 41546800] bounds_raw=[2446200, 2271200, 2271800, 2428900, 2459400, 3360400, 2501200, 3236800, 2362900, 2321700, 2350600, 2255100, 2231600, 2224500, 2327500] execute_raw=[44451800, 44007500, 45185000, 43539700, 45580300, 46690200, 46070400, 43612000, 42398200, 41684300, 43391200, 42238800, 42264300, 41473100, 43116900] combined_raw=[3250600, 3573100, 3509200, 3411400, 3408700, 4275100, 3309800, 3359900, 3953200, 3400000, 3342000, 3319300, 3286900, 3249800, 3458000] cpp_raw=[3200900, 3839400, 3370800, 3316500, 4191600, 3711300, 3592300, 3662300, 3190700, 3264100, 3245300, 3219400, 3189400, 3180000, 3238700] public_ns=41725500 bounds_ns=2350600 execute_ns=43539700 combined_ns=3400000 cpp_ns=3264100 source=546dc88cf162767b result=b53972f2ee1fc8cf
case op=copy-float w=2048 h=512 layout=universal public_raw=[46220300, 42597700, 41870300, 44052200, 46382600, 43013000, 43568700, 42470800, 42430700, 44106100, 42617500, 40872500, 43429000, 40968900, 41145500] bounds_raw=[2981400, 2840500, 2526900, 2612600, 2792100, 2565000, 2479000, 2805600, 2559600, 2664300, 2654600, 2534700, 2555400, 2519600, 2504400] execute_raw=[43578600, 43121000, 43968600, 42234400, 42218700, 42994300, 43922000, 42352600, 46196300, 42230600, 42099300, 41594900, 42070700, 40298600, 40066500] combined_raw=[3402200, 3204600, 3419500, 3188200, 3027000, 3052300, 3076500, 3188400, 3061700, 3051000, 3269300, 3343700, 3127800, 3223900, 3076600] cpp_raw=[3812000, 3637900, 4032000, 3534900, 3815900, 3826200, 3752400, 4231600, 4153900, 3758200, 3553300, 3594700, 4114000, 4374900, 3504000] public_ns=42617500 bounds_ns=2565000 execute_ns=42234400 combined_ns=3188200 cpp_ns=3812000 source=4f1036148aacde48 result=1d8ea0b52256e94f
case op=copy-Pod w=2048 h=512 layout=universal public_raw=[39691300, 39499100, 39915000, 39657300, 39398400, 40243300, 41836400, 40867900, 40237300, 39944100, 39479800, 43764000, 40410400, 40292800, 40109800] bounds_raw=[2520400, 2460400, 2463900, 2520000, 2486000, 2804200, 2463600, 2535300, 2673700, 2512800, 2512100, 2488800, 2585100, 2477600, 2455400] execute_raw=[40441400, 40524700, 40636400, 41155100, 40398400, 41284900, 40497900, 40769300, 45143500, 41044300, 40281600, 40333800, 40965100, 41173600, 40298400] combined_raw=[3798500, 3547600, 3426200, 3408800, 3368400, 3398000, 3423700, 3412700, 3472200, 3413200, 3425600, 3425500, 3709000, 3499400, 3416900] cpp_raw=[4805200, 3599000, 3502800, 3574800, 3529800, 3497700, 3502200, 3499000, 3475100, 3522500, 3496000, 3631800, 3526900, 3548000, 3523100] public_ns=40109800 bounds_ns=2512100 execute_ns=40636400 combined_ns=3425500 cpp_ns=3523100 source=196bf4d6cf5eb812 result=fc9731c7256835ba
case op=convert-ubyte-float w=2048 h=512 layout=universal public_raw=[91858300, 94661900, 92660500, 96278200, 95015400, 94795000, 97526800, 94138800, 106003300, 97361700, 98412100, 94548600, 93523300, 94663400, 93513900] bounds_raw=[2462000, 2440800, 2410800, 2642000, 2639900, 2661600, 2573900, 2500900, 2420300, 3353600, 2440000, 2651700, 2454700, 2743600, 2430300] execute_raw=[90715000, 89478000, 90086600, 94875600, 94541200, 100486500, 93703500, 95944900, 96239200, 93079400, 92191900, 92661000, 91418500, 96198200, 100694000] combined_raw=[3158600, 3056200, 3047300, 3065600, 3067400, 3301800, 3209200, 3214700, 3157800, 3053900, 3074200, 3971000, 3116800, 3067400, 3058500] cpp_raw=[722400, 672500, 673200, 676100, 658600, 678100, 674400, 661900, 689300, 699300, 783500, 716000, 676500, 674100, 676000] public_ns=94663400 bounds_ns=2500900 execute_ns=93703500 combined_ns=3074200 cpp_ns=676100 source=546dc88cf162767b result=24fea8e2dff2e94f
case op=copy-ubyte w=2048 h=512 layout=universal-negative public_raw=[40601900, 39926900, 40236600, 41325900, 40244700, 40445400, 40430600, 40151300, 41569700, 40402900, 39229700, 41599600, 42219600, 41407300, 42820800] bounds_raw=[2292500, 2345100, 2270300, 2373100, 2279500, 2253100, 2289100, 2320000, 2252000, 2324800, 2271200, 2231700, 2636900, 2248800, 2266400] execute_raw=[41741100, 41059300, 41674700, 43119200, 41698300, 41480700, 41562500, 41633400, 41538200, 40871600, 41121200, 41005100, 44079400, 40496400, 42211000] combined_raw=[3313300, 3398400, 3233800, 3323600, 3307500, 3295700, 3229700, 3294000, 3204100, 3624400, 3228300, 3326900, 3252800, 3410900, 3323400] cpp_raw=[3173000, 3169500, 3181000, 3496800, 3226800, 3262700, 3237300, 3183600, 3182000, 3196700, 3165500, 3531700, 3234100, 3692200, 3554900] public_ns=40445400 bounds_ns=2279500 execute_ns=41562500 combined_ns=3307500 cpp_ns=3226800 source=46067b9fc62767b result=6220d181b93fc8cf
case op=copy-float w=2048 h=512 layout=universal-negative public_raw=[44942300, 42404300, 42453500, 43122600, 41874700, 42957200, 42334400, 41760600, 41705000, 41855300, 41332700, 42240200, 40568500, 41163400, 45532000] bounds_raw=[2631500, 2684000, 2582600, 2650200, 2673600, 2693700, 2626500, 2615700, 2778600, 2517000, 2502600, 2479800, 2569200, 2508900, 2811800] execute_raw=[41478300, 43279200, 44297000, 41524300, 41083400, 41935100, 41410300, 41113700, 41850000, 41364200, 40614200, 42157200, 41604200, 41899400, 42276100] combined_raw=[3033100, 3408200, 3107200, 3147800, 3081400, 3103700, 3037900, 3064200, 3110900, 3047100, 3072500, 3209300, 3198600, 3051700, 4706800] cpp_raw=[3814600, 3478100, 3504000, 3547800, 3479600, 3751100, 4401400, 3622300, 3494100, 3508000, 3779800, 3808500, 3779000, 3550000, 5368400] public_ns=42240200 bounds_ns=2626500 execute_ns=41604200 combined_ns=3103700 cpp_ns=3622300 source=51109e231b84de48 result=d2e235024092e94f
case op=copy-Pod w=2048 h=512 layout=universal-negative public_raw=[42734300, 41311000, 41359500, 41422500, 45108000, 41454200, 42842200, 42074900, 43119000, 46351200, 51168100, 44487900, 46308700, 42724300, 41799100] bounds_raw=[2951200, 2508100, 2521700, 2687300, 3368000, 2674700, 2624400, 2547500, 2507000, 2959400, 2696800, 2736300, 3067400, 2576800, 2960600] execute_raw=[43807300, 45124300, 42393800, 42263900, 43082500, 43243300, 43778100, 43890000, 46670300, 48623000, 48334900, 49161200, 46925900, 43500400, 43919600] combined_raw=[3787300, 3430900, 3588400, 3416500, 3627700, 3806500, 3578300, 3776300, 3435200, 3927300, 4020400, 3669600, 4420600, 5001400, 5496900] cpp_raw=[3531700, 3500700, 3519200, 3522400, 3620500, 3618400, 4040300, 3558200, 3556800, 3795100, 3807100, 3722000, 3625100, 3792300, 3967400] public_ns=42734300 bounds_ns=2687300 execute_ns=43890000 combined_ns=3776300 cpp_ns=3620500 source=e1be015f3a91b812 result=17fc2f38b61735ba
case op=convert-ubyte-float w=2048 h=512 layout=universal-negative public_raw=[96710300, 96638600, 104056200, 98796100, 98173800, 99301100, 99901400, 102847600, 115747600, 101935500, 114455100, 92699000, 99249800, 110781300, 111490400] bounds_raw=[2548300, 2540300, 2613700, 2705900, 2589300, 2440100, 2435400, 2749000, 2508400, 2535300, 2469300, 2443100, 2506600, 2502700, 2676300] execute_raw=[98185200, 98701900, 96448100, 97862500, 97409100, 96073100, 97199000, 97774700, 106058900, 103634800, 91333000, 91263100, 95875100, 106907400, 96734800] combined_raw=[3406600, 3281800, 3194500, 3626000, 3225300, 3270900, 3286000, 3052300, 3360900, 3326800, 3067000, 3086400, 3199000, 3120700, 3255700] cpp_raw=[674100, 661300, 815100, 658100, 696100, 683700, 950400, 783200, 699300, 661100, 677300, 659700, 686900, 788700, 675300] public_ns=99901400 bounds_ns=2535300 execute_ns=97409100 combined_ns=3255700 cpp_ns=683700 source=46067b9fc62767b result=940c5552cb46e94f
case op=copy-ubyte w=2048 h=512 layout=repeated-source public_raw=[43639000, 42883700, 42721100, 42965000, 42028700, 42038000, 40959100, 41483300, 44342600, 44143200, 45247800, 45846600, 45484000, 46219400, 46281000] bounds_raw=[2420900, 2255400, 2878800, 2318800, 2513400, 2275100, 2413700, 2384800, 2690700, 2294900, 2464100, 3517900, 2763600, 2312700, 2587800] execute_raw=[40615700, 41376900, 41075900, 41065100, 40843100, 43211100, 39527800, 39754800, 41001700, 41865000, 43343700, 49310300, 44216300, 44231900, 50630200] combined_raw=[25400, 26800, 24100, 157000, 20200, 20200, 19600, 19700, 20000, 19800, 28200, 19600, 19800, 19500, 19500] cpp_raw=[15000, 16200, 14600, 14200, 13300, 13200, 13200, 13200, 13000, 13500, 13700, 13400, 13200, 13200, 13400] public_ns=43639000 bounds_ns=2420900 execute_ns=41376900 combined_ns=20000 cpp_ns=13400 source=6e453727bce9f2a5 result=824b457e72415e3d
case op=copy-float w=2048 h=512 layout=repeated-source public_raw=[41113400, 41034800, 46432900, 43069700, 41508200, 43962000, 48134500, 44425000, 46556900, 42820600, 41759400, 44173500, 60032800, 82207400, 44120300] bounds_raw=[2678900, 2571900, 2572200, 2561000, 2463600, 2736600, 2628900, 3046700, 2739100, 2525300, 2560500, 2612800, 4541000, 4545100, 2540900] execute_raw=[38795100, 40051600, 41025400, 40243600, 40242100, 40110100, 42663500, 43975900, 39722900, 39793400, 41928300, 40968800, 43621600, 50642400, 42983300] combined_raw=[65400, 191300, 64000, 62600, 65100, 66100, 64100, 151200, 64000, 65000, 70900, 65100, 101000, 68600, 64900] cpp_raw=[58600, 118600, 59700, 59100, 62000, 59200, 59900, 60000, 62500, 70000, 59600, 60300, 59500, 2146000, 61200] public_ns=44120300 bounds_ns=2612800 execute_ns=40968800 combined_ns=65100 cpp_ns=60000 source=1890cde25c8499ab result=7e1f3007cb46713d
case op=copy-Pod w=2048 h=512 layout=repeated-source public_raw=[45875700, 44717800, 49626800, 45709400, 47874600, 44096500, 46779500, 42951300, 42813400, 43246400, 43339000, 43693200, 43948000, 45083300, 45566900] bounds_raw=[3128800, 2677800, 2606900, 2983100, 3949800, 2531800, 2936500, 2766200, 2693800, 2571200, 2927900, 2858400, 4011600, 2773900, 2507300] execute_raw=[46775400, 46358700, 46706100, 45380600, 46159000, 43581100, 40448500, 44199900, 42138600, 43115200, 41867300, 42370600, 42601200, 41746600, 40259200] combined_raw=[540500, 424200, 158300, 188900, 347100, 142400, 233300, 380200, 276400, 135900, 169700, 198400, 139500, 202300, 137100] cpp_raw=[139300, 300300, 144600, 333500, 168100, 134200, 127300, 132900, 137500, 131300, 213900, 204900, 137500, 131000, 146700] public_ns=44717800 bounds_ns=2773900 execute_ns=43115200 combined_ns=198400 cpp_ns=139300 source=20f0ed2a5964e151 result=29ff1e71f7668cf1
case op=convert-ubyte-float w=2048 h=512 layout=repeated-source public_raw=[162431200, 163860500, 165563400, 173577800, 178638000, 179787600, 168574300, 166153400, 172517900, 166024900, 158653400, 164895800, 157815500, 157487800, 160642300] bounds_raw=[2458400, 2487300, 2526000, 2534000, 2405900, 3360400, 2566500, 2868300, 2465500, 2523200, 2395900, 2510000, 2478000, 2379800, 2534200] execute_raw=[159522100, 158047500, 163466500, 160062000, 175693600, 175350700, 169661600, 169248700, 167130000, 152157000, 164079500, 156240500, 159855700, 159488500, 159752200] combined_raw=[93000, 315200, 224600, 230400, 235600, 93200, 218600, 94700, 91300, 93500, 200100, 92800, 239400, 94400, 93400] cpp_raw=[85900, 241300, 97300, 97500, 111100, 85500, 85600, 102000, 113200, 97300, 85600, 97600, 85400, 85400, 85700] public_ns=165563400 bounds_ns=2510000 execute_ns=160062000 combined_ns=94700 cpp_ns=97300 source=6e453727bce9f2a5 result=a6f0b1d68eba713d
case op=copy-ubyte w=2048 h=512 layout=zero-source public_raw=[11553800, 14244500, 14779000, 11352900, 11328200, 11089600, 11292500, 11170700, 11301600, 11273300, 11152600, 11385000, 11510600, 11418600, 11352100] bounds_raw=[2566000, 2489000, 2269500, 2249900, 2266700, 2223100, 2226500, 2240200, 2221300, 2432000, 2234800, 2467600, 2228200, 2338700, 2476100] execute_raw=[12409400, 12560500, 12378100, 12209200, 12068500, 12113700, 12070100, 12101300, 12045100, 12100900, 12475300, 12076300, 12513200, 12151300, 12298600] combined_raw=[3317400, 3302800, 3317300, 3316700, 3342400, 3224800, 3212600, 3221500, 3245000, 3308100, 3215800, 3336000, 3222900, 3231700, 3258100] cpp_raw=[3240500, 3325600, 4603600, 3340000, 3308600, 3183200, 3164000, 3237500, 3261200, 3184900, 3167900, 3187200, 3178500, 3178200, 3179100] public_ns=11352100 bounds_ns=2266700 execute_ns=12151300 combined_ns=3258100 cpp_ns=3187200 source=ea3b47c803d61b61 result=f48fba1f72215e3d
case op=copy-float w=2048 h=512 layout=zero-source public_raw=[15126800, 11794600, 11412400, 11465200, 12896600, 11590600, 11607300, 11772700, 11678000, 11498300, 11781900, 11419500, 11235100, 11358200, 11521800] bounds_raw=[2479900, 2625600, 2404000, 2434200, 2589500, 2580100, 2478700, 2565100, 2523200, 2560700, 2452400, 2473600, 2490700, 2371200, 2436000] execute_raw=[13172500, 11963000, 11795100, 11927700, 12050800, 12208700, 12262900, 11990800, 13837500, 13197900, 12178800, 11793900, 12383300, 11923600, 14649000] combined_raw=[3150700, 3007200, 3017600, 2997800, 3112500, 3140000, 3049600, 2990900, 3078500, 3154300, 3021500, 2988700, 3059500, 2986000, 2991000] cpp_raw=[3747600, 3629100, 3664800, 3497300, 3478100, 3637900, 3577800, 3475200, 3494300, 3572100, 3472200, 3481700, 3468900, 3692800, 3482700] public_ns=11590600 bounds_ns=2479900 execute_ns=12178800 combined_ns=3021500 cpp_ns=3497300 source=3ee659a586185a17 result=3010c258495a713d
case op=copy-Pod w=2048 h=512 layout=zero-source public_raw=[11204100, 11425700, 11522400, 11349600, 11663500, 11640200, 11921000, 11292100, 11273200, 11581700, 13827200, 11430800, 11175800, 11493500, 11813000] bounds_raw=[2393200, 2410000, 2426700, 2559000, 2659300, 2539100, 2513400, 2405400, 2447700, 2435900, 2479800, 2449700, 2409000, 2852100, 2735300] execute_raw=[12598100, 12526100, 13316700, 12440100, 12729200, 12403300, 12832900, 13306100, 12069400, 12278700, 12380300, 12338500, 12159400, 12090400, 12516900] combined_raw=[3330600, 3332400, 3436100, 3576500, 3483000, 3354600, 3624100, 3335100, 3350700, 3343900, 3493400, 3321300, 3391300, 3333300, 3366000] cpp_raw=[3881300, 3682400, 3791000, 3680200, 3926600, 3800700, 3676800, 3821100, 3824700, 3748000, 3994900, 3969700, 3775900, 3825900, 3817100] public_ns=11493500 bounds_ns=2449700 execute_ns=12440100 combined_ns=3354600 cpp_ns=3817100 source=10734a11a61fbe06 result=14eb8df45bd38cf1
case op=convert-ubyte-float w=2048 h=512 layout=zero-source public_raw=[28435700, 28746800, 29306000, 30446500, 29291400, 28654900, 28407600, 31168500, 29654700, 28909800, 28477700, 29374900, 29459000, 28672300, 28601200] bounds_raw=[2413300, 2510200, 2433400, 2659100, 2402600, 2388500, 2483000, 2449800, 2550600, 2380200, 2610700, 2388000, 2597300, 2390900, 2512700] execute_raw=[28162600, 27384200, 28511500, 27368800, 27632400, 28317000, 27854500, 30004700, 27666900, 27246500, 27691100, 27155900, 27497700, 27126800, 27505700] combined_raw=[3854600, 3025100, 3156300, 3125200, 3023100, 3472100, 3096000, 3094800, 3134000, 3057300, 3040400, 3049800, 3061800, 3129600, 3019100] cpp_raw=[721200, 756700, 656500, 682100, 656700, 754200, 656900, 656700, 656800, 657100, 670200, 670900, 670700, 687000, 746000] public_ns=28909800 bounds_ns=2449800 execute_ns=27632400 combined_ns=3094800 cpp_ns=670700 source=ea3b47c803d61b61 result=1ea1c940ba66713d
m3_copy_conversion_candidates PASS cases=96 sink=3470652223959823994
