contracts PASS four-public-paths four-operations invalid/shape/noninjective/overlap/empty/no-write shared-disjoint
semantic PASS cases=32 bitwise-copy all256-conversion source-padding
case op=copy-ubyte w=31 h=17 layout=contiguous public_raw=[0, 0, 0, 0, 0, 0, 0, 0, 0, 0, 0, 0, 0, 0, 0] bounds_raw=[0, 0, 0, 0, 0, 0, 0, 0, 0, 0, 0, 0, 0, 0, 0] execute_raw=[0, 0, 0, 0, 0, 0, 0, 0, 0, 0, 0, 0, 0, 0, 0] combined_raw=[0, 0, 0, 0, 0, 0, 0, 0, 0, 0, 0, 0, 0, 0, 0] cpp_raw=[0, 0, 0, 0, 0, 0, 0, 0, 0, 0, 0, 0, 0, 0, 0] public_ns=0 bounds_ns=0 execute_ns=0 combined_ns=0 cpp_ns=0 source=e1cb0bb018788cd9 result=6b280f993832c319
case op=copy-float w=31 h=17 layout=contiguous public_raw=[0, 0, 0, 0, 0, 100, 200, 100, 100, 0, 0, 0, 0, 0, 0] bounds_raw=[0, 0, 0, 0, 0, 100, 100, 100, 100, 0, 0, 0, 0, 0, 0] execute_raw=[0, 0, 0, 0, 0, 100, 100, 100, 100, 0, 0, 0, 0, 0, 0] combined_raw=[0, 0, 0, 0, 100, 100, 100, 100, 100, 0, 0, 0, 0, 0, 0] cpp_raw=[0, 0, 0, 0, 0, 100, 100, 100, 0, 0, 0, 0, 0, 0, 0] public_ns=0 bounds_ns=0 execute_ns=0 combined_ns=0 cpp_ns=0 source=6128204049c0da83 result=264b3169180ebd4b
case op=copy-Pod w=31 h=17 layout=contiguous public_raw=[100, 100, 0, 100, 100, 0, 100, 0, 100, 0, 100, 100, 0, 100, 100] bounds_raw=[100, 100, 100, 100, 100, 100, 0, 100, 100, 0, 100, 0, 0, 0, 0] execute_raw=[100, 100, 0, 100, 100, 100, 0, 0, 100, 100, 0, 100, 0, 100, 0] combined_raw=[100, 100, 0, 100, 100, 0, 100, 0, 100, 0, 100, 0, 0, 0, 100] cpp_raw=[100, 100, 0, 100, 100, 100, 100, 100, 100, 100, 100, 100, 100, 100, 100] public_ns=100 bounds_ns=100 execute_ns=100 combined_ns=100 cpp_ns=100 source=db360484f487691a result=968b62c61598975a
case op=convert-ubyte-float w=31 h=17 layout=contiguous public_raw=[2100, 2000, 2000, 2000, 2000, 2000, 2000, 2000, 2000, 2000, 2000, 2000, 2000, 2000, 2000] bounds_raw=[2000, 2000, 2000, 2000, 2000, 2000, 2000, 2000, 2000, 2000, 2000, 2000, 2000, 2000, 2000] execute_raw=[100, 100, 100, 100, 100, 100, 100, 100, 100, 100, 100, 100, 100, 100, 100] combined_raw=[100, 100, 100, 100, 100, 100, 100, 100, 100, 100, 100, 100, 100, 100, 100] cpp_raw=[100, 100, 100, 100, 100, 100, 100, 100, 100, 100, 100, 100, 100, 100, 100] public_ns=2000 bounds_ns=2000 execute_ns=100 combined_ns=100 cpp_ns=100 source=e1cb0bb018788cd9 result=1bb7b2c2179a648f
case op=copy-ubyte w=31 h=17 layout=padded public_raw=[41600, 41500, 41500, 41500, 41500, 41500, 41500, 41500, 41500, 41500, 41500, 41500, 41400, 41400, 41400] bounds_raw=[1100, 1700, 1100, 1100, 1100, 1100, 1100, 1100, 1100, 1100, 1100, 1100, 1200, 1100, 1100] execute_raw=[40600, 41700, 40600, 40600, 40600, 40600, 40600, 40600, 40700, 40600, 40600, 51600, 40500, 40500, 44600] combined_raw=[200, 300, 200, 200, 200, 200, 200, 200, 200, 200, 200, 400, 200, 200, 300] cpp_raw=[0, 0, 0, 0, 0, 0, 0, 0, 0, 0, 0, 0, 0, 0, 0] public_ns=41500 bounds_ns=1100 execute_ns=40600 combined_ns=200 cpp_ns=0 source=4d0b0939d89e40d9 result=5f21f5ea6035ff19
case op=copy-float w=31 h=17 layout=padded public_raw=[41600, 41500, 62800, 41500, 41500, 41500, 41500, 41500, 41500, 41500, 41500, 62600, 41600, 41600, 41500] bounds_raw=[1100, 1100, 1300, 1200, 1100, 1100, 1200, 1200, 1200, 1100, 1200, 1300, 1300, 1100, 1200] execute_raw=[40600, 40600, 40600, 40700, 40600, 40600, 40600, 40600, 40600, 40600, 112100, 40500, 42900, 40600, 40600] combined_raw=[200, 200, 200, 200, 200, 200, 200, 200, 200, 200, 300, 200, 300, 200, 200] cpp_raw=[0, 0, 0, 0, 0, 0, 0, 0, 0, 0, 0, 0, 0, 0, 0] public_ns=41500 bounds_ns=1200 execute_ns=40600 combined_ns=200 cpp_ns=0 source=ebb5b7eaf5f43283 result=3851810ac565964b
case op=copy-Pod w=31 h=17 layout=padded public_raw=[41700, 41700, 92200, 41700, 41600, 41800, 41600, 41600, 41600, 43400, 41600, 41700, 41600, 41600, 41700] bounds_raw=[1300, 1300, 1500, 1300, 1300, 1300, 1300, 1300, 1300, 1400, 1400, 1300, 1300, 1300, 1500] execute_raw=[40600, 40600, 41500, 40600, 40500, 40500, 40500, 40500, 40500, 40700, 40600, 40600, 40600, 273500, 64000] combined_raw=[300, 300, 400, 400, 400, 300, 300, 300, 300, 300, 300, 300, 300, 300, 400] cpp_raw=[0, 0, 100, 100, 100, 100, 0, 100, 0, 100, 100, 100, 100, 0, 100] public_ns=41700 bounds_ns=1300 execute_ns=40600 combined_ns=300 cpp_ns=100 source=b28d4f242a91b51a result=7438cdf3ee88135a
case op=convert-ubyte-float w=31 h=17 layout=padded public_raw=[189800, 163800, 188100, 163500, 163000, 229200, 165300, 166100, 235800, 239900, 162600, 165500, 170800, 165300, 165400] bounds_raw=[1400, 1200, 1400, 1200, 1200, 1400, 1200, 1300, 1400, 1300, 1200, 1500, 1400, 1700, 1200] execute_raw=[161300, 243700, 160400, 160400, 409400, 161000, 224100, 185100, 246300, 193600, 161800, 163700, 343600, 163700, 338800] combined_raw=[200, 400, 100, 200, 400, 300, 300, 200, 100, 400, 300, 300, 500, 200, 400] cpp_raw=[100, 100, 100, 100, 100, 100, 100, 100, 100, 100, 100, 100, 100, 100, 100] public_ns=165500 bounds_ns=1300 execute_ns=185100 combined_ns=300 cpp_ns=100 source=4d0b0939d89e40d9 result=5a1bf5670dd4dc8f
case op=copy-ubyte w=31 h=17 layout=negative-source public_raw=[41500, 41500, 41400, 41500, 41600, 41600, 41600, 41500, 41500, 41600, 41500, 41500, 41500, 41500, 41500] bounds_raw=[1100, 1200, 1100, 1100, 1300, 1200, 1100, 1100, 1100, 1500, 1100, 1200, 1100, 1100, 1100] execute_raw=[136900, 40500, 40500, 167100, 211500, 40700, 40800, 40600, 61600, 40600, 86200, 40600, 40600, 40600, 40600] combined_raw=[300, 200, 200, 200, 400, 200, 200, 200, 200, 300, 200, 200, 200, 200, 200] cpp_raw=[100, 0, 0, 0, 0, 100, 0, 0, 0, 200, 0, 0, 0, 0, 0] public_ns=41500 bounds_ns=1100 execute_ns=40600 combined_ns=200 cpp_ns=0 source=1218578f96e3de39 result=5f21f5ea6035ff19
case op=copy-float w=31 h=17 layout=negative-source public_raw=[44000, 41600, 117100, 41600, 41500, 41600, 41600, 41600, 41600, 41600, 88800, 41600, 44600, 86300, 41600] bounds_raw=[1200, 1200, 1400, 1100, 1100, 1200, 1200, 1100, 1200, 1100, 1300, 1200, 47400, 1200, 1100] execute_raw=[40700, 40600, 41100, 40600, 40600, 40600, 40600, 40600, 40600, 40600, 40700, 40600, 63500, 41700, 40600] combined_raw=[200, 200, 400, 400, 200, 200, 200, 200, 200, 200, 300, 200, 200, 300, 300] cpp_raw=[0, 0, 0, 100, 0, 0, 0, 0, 0, 0, 0, 0, 0, 0, 0] public_ns=41600 bounds_ns=1200 execute_ns=40600 combined_ns=200 cpp_ns=0 source=d55c0938ea65990b result=3851810ac565964b
case op=copy-Pod w=31 h=17 layout=negative-source public_raw=[41700, 41700, 42200, 41500, 41500, 41500, 41500, 41500, 59100, 41700, 41700, 41600, 41600, 41600, 41600] bounds_raw=[1300, 1300, 1400, 1300, 1300, 1300, 1300, 1300, 1400, 1300, 1300, 1300, 1300, 1300, 1300] execute_raw=[40600, 40600, 62100, 40500, 40400, 40400, 40400, 40400, 40700, 40700, 40500, 40600, 40500, 40600, 40500] combined_raw=[300, 300, 600, 300, 300, 300, 300, 300, 300, 300, 300, 300, 300, 300, 300] cpp_raw=[100, 0, 100, 0, 100, 0, 0, 0, 0, 100, 100, 0, 0, 0, 0] public_ns=41600 bounds_ns=1300 execute_ns=40500 combined_ns=300 cpp_ns=0 source=4cb52a65f8334f3a result=7438cdf3ee88135a
case op=convert-ubyte-float w=31 h=17 layout=negative-source public_raw=[162500, 174700, 162900, 162800, 174400, 162800, 177600, 162400, 162300, 166000, 186300, 165100, 179800, 351100, 167800] bounds_raw=[1200, 1300, 1300, 1200, 1200, 1200, 1200, 1200, 1200, 1400, 1300, 1200, 1300, 1400, 1200] execute_raw=[160300, 160200, 160500, 160300, 160400, 160300, 160200, 172700, 186200, 221200, 163900, 163700, 163700, 163400, 162800] combined_raw=[300, 200, 400, 300, 300, 200, 300, 500, 200, 500, 400, 200, 300, 300, 400] cpp_raw=[100, 100, 100, 100, 100, 100, 100, 100, 100, 100, 100, 100, 100, 100, 100] public_ns=166000 bounds_ns=1200 execute_ns=162800 combined_ns=300 cpp_ns=100 source=1218578f96e3de39 result=5a1bf5670dd4dc8f
case op=copy-ubyte w=31 h=17 layout=negative-both public_raw=[41300, 45600, 41400, 41300, 63700, 44100, 41400, 41300, 41300, 41300, 41300, 41300, 41300, 41300, 41400] bounds_raw=[1100, 1100, 1200, 1100, 1800, 1400, 1200, 1100, 1100, 1100, 1100, 1100, 1100, 1100, 1300] execute_raw=[40400, 40400, 40600, 344500, 42300, 94400, 40400, 40400, 40400, 40400, 40400, 40400, 40400, 85300, 40500] combined_raw=[200, 200, 300, 200, 400, 400, 200, 200, 200, 200, 200, 200, 200, 200, 200] cpp_raw=[0, 0, 100, 0, 100, 100, 0, 0, 0, 0, 0, 0, 0, 0, 0] public_ns=41300 bounds_ns=1100 execute_ns=40400 combined_ns=200 cpp_ns=0 source=1218578f96e3de39 result=14b2232dcdfde519
case op=copy-float w=31 h=17 layout=negative-both public_raw=[41600, 41500, 41400, 94600, 41400, 41400, 41400, 41400, 41400, 41400, 41400, 41400, 41200, 41300, 41300] bounds_raw=[1100, 1200, 1200, 1300, 1100, 1100, 1200, 1200, 1100, 1200, 1200, 1200, 1200, 1100, 1200] execute_raw=[40500, 40400, 40500, 41600, 40400, 80300, 40400, 40400, 40400, 40400, 40400, 40400, 40400, 40400, 40400] combined_raw=[200, 200, 200, 200, 300, 400, 200, 200, 200, 200, 200, 200, 200, 200, 200] cpp_raw=[0, 0, 0, 0, 100, 0, 0, 0, 0, 0, 0, 0, 0, 0, 0] public_ns=41400 bounds_ns=1200 execute_ns=40400 combined_ns=200 cpp_ns=0 source=d55c0938ea65990b result=88af284ef50a9e03
case op=copy-Pod w=31 h=17 layout=negative-both public_raw=[41600, 41500, 41500, 41500, 41700, 41700, 41600, 41500, 41500, 41500, 41500, 41500, 54100, 41600, 41600] bounds_raw=[1300, 1300, 1300, 1300, 1400, 1300, 1300, 1300, 1300, 1300, 1300, 1300, 1300, 1300, 1300] execute_raw=[40500, 40500, 40500, 40500, 40700, 40600, 40500, 40400, 40400, 40400, 40400, 40400, 40400, 40600, 40500] combined_raw=[300, 300, 300, 400, 300, 300, 300, 300, 300, 300, 300, 300, 300, 300, 300] cpp_raw=[100, 0, 0, 0, 0, 100, 0, 0, 0, 0, 0, 0, 100, 100, 0] public_ns=41500 bounds_ns=1300 execute_ns=40500 combined_ns=300 cpp_ns=0 source=4cb52a65f8334f3a result=ba5b3439bff1663a
case op=convert-ubyte-float w=31 h=17 layout=negative-both public_raw=[162200, 162000, 176700, 162000, 162000, 369300, 165000, 178700, 164600, 164500, 164700, 164700, 220000, 215300, 165600] bounds_raw=[1300, 1200, 1300, 1200, 1200, 1400, 1200, 1300, 1200, 1200, 1300, 1200, 1300, 1300, 1200] execute_raw=[161000, 161100, 161000, 160200, 160000, 163200, 162500, 165400, 162500, 209600, 184500, 162500, 162400, 162700, 162500] combined_raw=[300, 300, 300, 300, 400, 400, 200, 300, 300, 300, 500, 300, 300, 300, 300] cpp_raw=[100, 100, 100, 100, 100, 100, 100, 100, 100, 100, 100, 100, 100, 100, 100] public_ns=164700 bounds_ns=1200 execute_ns=162500 combined_ns=300 cpp_ns=100 source=1218578f96e3de39 result=a84d7158b568dc8f
case op=copy-ubyte w=31 h=17 layout=universal public_raw=[41500, 41500, 41500, 41400, 41500, 41500, 41500, 41500, 41500, 41500, 41500, 41400, 41400, 41500, 41400] bounds_raw=[1200, 1100, 1200, 1100, 1100, 1100, 1100, 1100, 1100, 1100, 1200, 1100, 1100, 1100, 1100] execute_raw=[41900, 41900, 104100, 42000, 41900, 41900, 41900, 41900, 41900, 61800, 41900, 41900, 41900, 41900, 41900] combined_raw=[1600, 1600, 1600, 1600, 1600, 1600, 1600, 1600, 1600, 1800, 1600, 1600, 1600, 1600, 1600] cpp_raw=[1600, 1600, 1600, 1600, 1600, 1600, 1600, 1600, 1600, 1600, 1600, 1600, 1600, 1600, 1600] public_ns=41500 bounds_ns=1100 execute_ns=41900 combined_ns=1600 cpp_ns=1600 source=104e8d8f8fae3401 result=94a85d26ce182761
case op=copy-float w=31 h=17 layout=universal public_raw=[41500, 41500, 41500, 41500, 41500, 41500, 41500, 41500, 43600, 41500, 166300, 42400, 42400, 42400, 42300] bounds_raw=[1200, 1200, 1300, 1100, 1100, 1100, 1200, 1200, 1200, 1200, 1200, 1200, 1100, 1100, 1200] execute_raw=[41800, 54000, 41800, 41800, 41800, 41800, 41800, 41800, 41800, 41800, 42800, 42700, 42700, 42700, 42700] combined_raw=[1500, 1500, 1500, 1500, 1500, 1500, 1500, 1500, 1500, 1500, 1600, 1500, 1500, 1500, 1500] cpp_raw=[1700, 1700, 1700, 1700, 1700, 1700, 1700, 1700, 1700, 1700, 1800, 1700, 1700, 1700, 1700] public_ns=41500 bounds_ns=1200 execute_ns=41800 combined_ns=1500 cpp_ns=1700 source=48f4c2fdc1746a4f result=d2f02840ab86d547
case op=copy-Pod w=31 h=17 layout=universal public_raw=[42400, 42400, 42400, 42400, 42400, 42500, 42500, 42400, 42500, 42400, 42800, 42500, 42700, 42500, 42800] bounds_raw=[1400, 1300, 1600, 1300, 1300, 1300, 1300, 1300, 1200, 1300, 1400, 1300, 1400, 1200, 1400] execute_raw=[125200, 42900, 43000, 42800, 42900, 67100, 42900, 42800, 42900, 42800, 43000, 42900, 481000, 81100, 42900] combined_raw=[1900, 1700, 1700, 1700, 1700, 1800, 1700, 1700, 1700, 2600, 2600, 1700, 4500, 1700, 1700] cpp_raw=[1800, 1700, 1700, 1700, 1700, 1800, 1700, 1700, 1700, 1700, 1900, 1700, 1800, 1700, 1800] public_ns=42500 bounds_ns=1300 execute_ns=42900 combined_ns=1700 cpp_ns=1700 source=a443bfcbbed0823e result=e7d6d6f5c5dc3c8e
case op=convert-ubyte-float w=31 h=17 layout=universal public_raw=[95200, 95200, 97500, 97000, 97200, 96900, 109300, 97100, 97000, 152500, 97000, 97000, 96900, 96800, 97300] bounds_raw=[1200, 1200, 1300, 1200, 1200, 1200, 1200, 1200, 1200, 1300, 1300, 1200, 1200, 1200, 1200] execute_raw=[94500, 94500, 175500, 96500, 96400, 96400, 96400, 99300, 96400, 140200, 218900, 96600, 96500, 114200, 116400] combined_raw=[1500, 1500, 1800, 1500, 1500, 1500, 1500, 1800, 1500, 1700, 1600, 1500, 1500, 1500, 1700] cpp_raw=[300, 300, 300, 300, 300, 300, 300, 300, 300, 300, 300, 300, 300, 300, 300] public_ns=97000 bounds_ns=1200 execute_ns=96500 combined_ns=1500 cpp_ns=300 source=104e8d8f8fae3401 result=91affb8b2dfc4eb7
case op=copy-ubyte w=31 h=17 layout=universal-negative public_raw=[40700, 40700, 40700, 40700, 40700, 40700, 40700, 40700, 40700, 40700, 40700, 40700, 40700, 40700, 40700] bounds_raw=[1200, 1100, 1100, 1100, 1100, 1100, 1500, 1200, 1100, 1100, 1100, 1100, 1100, 1100, 1100] execute_raw=[41200, 41200, 41100, 41200, 41200, 87900, 41300, 41200, 41200, 41200, 41200, 41200, 41200, 41200, 41200] combined_raw=[1600, 1600, 1600, 1600, 1600, 2500, 1600, 1600, 1600, 1600, 1600, 1600, 1600, 1600, 1600] cpp_raw=[1600, 1600, 1600, 1600, 1600, 1800, 1600, 1600, 1600, 1600, 1600, 1600, 1600, 1600, 1600] public_ns=40700 bounds_ns=1100 execute_ns=41200 combined_ns=1600 cpp_ns=1600 source=705335b9cf6847c1 result=2bfddff94a971f61
case op=copy-float w=31 h=17 layout=universal-negative public_raw=[41000, 80900, 41700, 41700, 41700, 41700, 78200, 41900, 41900, 41900, 41900, 41900, 41800, 41900, 41700] bounds_raw=[1200, 1100, 1200, 1100, 1100, 1200, 1200, 1200, 1200, 1200, 1200, 1200, 1200, 1200, 1200] execute_raw=[41300, 41300, 42100, 42000, 42000, 42000, 42000, 42300, 42200, 42100, 42100, 42100, 42100, 61200, 42000] combined_raw=[1500, 1500, 1600, 1500, 1500, 1500, 1500, 1600, 1500, 1500, 1500, 1500, 1500, 1500, 1600] cpp_raw=[1700, 4900, 1800, 2900, 1700, 1700, 1700, 1800, 1700, 1700, 1700, 1700, 1700, 1700, 1800] public_ns=41900 bounds_ns=1200 execute_ns=42100 combined_ns=1500 cpp_ns=1700 source=eada538057fb86ef result=faa4d5eeeda68847
case op=copy-Pod w=31 h=17 layout=universal-negative public_raw=[40800, 41000, 40800, 41000, 41000, 40800, 40800, 40800, 40800, 40700, 54800, 819700, 41600, 41700, 41100] bounds_raw=[1200, 1200, 1200, 1200, 1300, 1200, 1200, 1200, 1200, 1200, 1200, 1200, 1300, 1200, 1300] execute_raw=[41300, 41300, 41300, 41400, 41500, 41300, 41300, 41300, 41300, 41300, 41500, 41300, 42400, 42900, 41400] combined_raw=[1800, 1700, 1800, 1700, 1800, 1800, 1700, 1800, 1700, 1800, 1800, 54400, 1900, 1700, 1800] cpp_raw=[1700, 1700, 1700, 1700, 1700, 1800, 1700, 1700, 1700, 1700, 1700, 1700, 1800, 1700, 1700] public_ns=41000 bounds_ns=1200 execute_ns=41300 combined_ns=1800 cpp_ns=1700 source=7483a89971f477de result=c1c9f074f82c752e
case op=convert-ubyte-float w=31 h=17 layout=universal-negative public_raw=[97700, 180000, 122700, 99600, 99400, 99400, 169600, 99500, 436400, 120100, 99800, 99700, 117000, 99400, 99500] bounds_raw=[1200, 1200, 3300, 1300, 1200, 1200, 1200, 1300, 1400, 1300, 1200, 1200, 1200, 1200, 1300] execute_raw=[96900, 96900, 98900, 98900, 98800, 98800, 98800, 98900, 98900, 98900, 98800, 98800, 98800, 132700, 98800] combined_raw=[1500, 1500, 1600, 1600, 1500, 1500, 1500, 1700, 2000, 1700, 1500, 1500, 1500, 1500, 1600] cpp_raw=[300, 300, 300, 300, 300, 300, 300, 300, 300, 400, 300, 300, 300, 300, 300] public_ns=99700 bounds_ns=1200 execute_ns=98800 combined_ns=1500 cpp_ns=300 source=705335b9cf6847c1 result=6cdfcfcdfb5c4eb7
case op=copy-ubyte w=31 h=17 layout=repeated-source public_raw=[107900, 107700, 41500, 41500, 42000, 41500, 41500, 41500, 41500, 41500, 41500, 41500, 41900, 41800, 41800] bounds_raw=[1400, 1100, 1300, 1100, 1200, 1100, 1100, 1100, 1100, 1100, 1100, 1100, 1200, 1100, 1100] execute_raw=[40800, 43300, 40800, 40600, 40600, 40600, 40600, 40600, 40600, 40600, 40600, 40600, 58100, 40900, 40900] combined_raw=[300, 300, 400, 200, 200, 200, 200, 200, 200, 200, 200, 200, 200, 200, 200] cpp_raw=[100, 200, 0, 0, 0, 0, 0, 0, 0, 0, 0, 0, 0, 0, 0] public_ns=41500 bounds_ns=1100 execute_ns=40600 combined_ns=200 cpp_ns=0 source=e456631d381264c9 result=79abf60b12593ba9
case op=copy-float w=31 h=17 layout=repeated-source public_raw=[41100, 43100, 41300, 41300, 61600, 41200, 41200, 41100, 41200, 41200, 41100, 41200, 41200, 41100, 41100] bounds_raw=[1200, 1200, 1400, 1200, 1300, 1200, 1300, 1300, 1300, 1300, 1200, 1200, 1300, 1100, 1200] execute_raw=[40100, 115200, 73100, 40200, 40300, 40200, 40200, 40200, 40200, 128900, 191700, 40200, 40200, 40100, 40100] combined_raw=[200, 300, 300, 200, 300, 200, 200, 200, 200, 300, 400, 200, 200, 300, 200] cpp_raw=[0, 100, 0, 0, 0, 0, 0, 0, 0, 0, 100, 0, 0, 0, 0] public_ns=41200 bounds_ns=1200 execute_ns=40200 combined_ns=200 cpp_ns=0 source=187f646e4a13563f result=adddf47c9b74a697
case op=copy-Pod w=31 h=17 layout=repeated-source public_raw=[41400, 41400, 41400, 93300, 41500, 41300, 41200, 41200, 41200, 41300, 41300, 41200, 41300, 41300, 289500] bounds_raw=[1300, 1300, 1300, 1400, 1300, 1400, 1300, 1300, 1400, 1400, 1300, 1300, 1400, 1300, 1500] execute_raw=[40300, 40300, 40300, 41200, 121200, 40200, 40100, 40100, 40100, 40100, 40100, 40100, 66800, 40200, 41200] combined_raw=[300, 300, 300, 300, 300, 300, 300, 300, 200, 300, 200, 300, 300, 300, 400] cpp_raw=[100, 0, 100, 0, 100, 0, 100, 0, 0, 0, 100, 100, 100, 100, 100] public_ns=41300 bounds_ns=1300 execute_ns=40200 combined_ns=300 cpp_ns=100 source=af5c371632147dfa result=b77ad4f97670f65a
case op=convert-ubyte-float w=31 h=17 layout=repeated-source public_raw=[162200, 185000, 341700, 165200, 165400, 165300, 248400, 165100, 250400, 162400, 162100, 242300, 165000, 162600, 162300] bounds_raw=[1200, 1200, 1400, 1200, 1300, 1200, 1200, 1300, 1300, 1300, 1200, 1200, 1300, 1200, 1300] execute_raw=[160000, 160000, 434000, 184500, 162900, 162800, 274800, 163200, 267000, 160300, 186600, 227500, 160100, 227300, 161000] combined_raw=[200, 200, 400, 200, 300, 200, 200, 300, 100, 300, 300, 400, 300, 100, 200] cpp_raw=[100, 100, 100, 100, 100, 100, 100, 100, 100, 100, 100, 100, 100, 100, 100] public_ns=165200 bounds_ns=1200 execute_ns=163200 combined_ns=200 cpp_ns=100 source=e456631d381264c9 result=9364c6c0b904dc8f
case op=copy-ubyte w=31 h=17 layout=zero-source public_raw=[10000, 10000, 10000, 10000, 10000, 10000, 10000, 10000, 10000, 10000, 12900, 10100, 10100, 10000, 69700] bounds_raw=[1100, 1100, 1100, 1100, 1100, 1100, 1100, 1100, 1100, 1100, 1300, 1200, 1100, 1100, 1200] execute_raw=[10500, 10500, 10500, 10400, 10500, 10500, 10500, 10500, 10500, 10500, 188700, 10600, 10500, 13500, 10500] combined_raw=[1600, 1600, 1600, 1600, 1600, 1600, 1600, 1600, 1600, 1600, 1800, 1600, 1600, 1600, 1600] cpp_raw=[1600, 1600, 1600, 1600, 1600, 1600, 1600, 1600, 1600, 1600, 1600, 1600, 1600, 1600, 1900] public_ns=10000 bounds_ns=1100 execute_ns=10500 combined_ns=1600 cpp_ns=1600 source=53e35892b0900a36 result=c64ce8b5472789e4
case op=copy-float w=31 h=17 layout=zero-source public_raw=[11000, 10600, 10600, 10600, 10700, 10700, 10700, 10700, 10700, 10700, 10700, 10700, 10700, 10700, 10700] bounds_raw=[1200, 1200, 1200, 1200, 1100, 1100, 1200, 1200, 1200, 1100, 1100, 1200, 1200, 1200, 1200] execute_raw=[11000, 11000, 11000, 11000, 11000, 11000, 11000, 11000, 11000, 11000, 11000, 11000, 11000, 11000, 11000] combined_raw=[1500, 1500, 1500, 1500, 1500, 1500, 1500, 1500, 1500, 1500, 1500, 1500, 1500, 1500, 1500] cpp_raw=[1700, 1700, 1700, 1700, 1700, 1700, 1700, 1700, 1700, 1700, 1700, 1700, 1700, 1700, 1700] public_ns=10700 bounds_ns=1200 execute_ns=11000 combined_ns=1500 cpp_ns=1700 source=48a265c435185a17 result=a412cbd3d3c5dc8f
case op=copy-Pod w=31 h=17 layout=zero-source public_raw=[10900, 10700, 10700, 10700, 10700, 10700, 10700, 10700, 10700, 10700, 10600, 10700, 10700, 10700, 10700] bounds_raw=[1200, 1200, 1200, 1400, 1300, 1200, 1200, 1200, 1200, 1200, 1200, 1300, 1300, 1200, 1200] execute_raw=[11200, 11100, 11100, 75100, 11100, 11100, 11100, 11200, 11100, 11100, 11100, 11100, 28600, 11100, 11100] combined_raw=[1600, 1700, 1700, 1600, 1700, 1700, 1600, 1700, 1700, 1700, 1600, 1700, 1700, 1600, 1600] cpp_raw=[1700, 1700, 1700, 1700, 1700, 1700, 1700, 1700, 1700, 1700, 1700, 1700, 1700, 1700, 1700] public_ns=10700 bounds_ns=1200 execute_ns=11100 combined_ns=1700 cpp_ns=1700 source=6b0827ecdc4a539a result=3ed4b3ed28cdbf2
case op=convert-ubyte-float w=31 h=17 layout=zero-source public_raw=[28200, 27900, 27800, 27800, 28400, 28000, 27900, 27900, 28000, 27900, 27900, 27900, 27900, 27900, 27900] bounds_raw=[1300, 1200, 1200, 1200, 1300, 1200, 1200, 1200, 1200, 1200, 1200, 1200, 1200, 1200, 1200] execute_raw=[27300, 27300, 27200, 48000, 27300, 27300, 27200, 27300, 27200, 27300, 27300, 27200, 27300, 27300, 27300] combined_raw=[1500, 1500, 1500, 1500, 1600, 1500, 1500, 1500, 1500, 1500, 1500, 1500, 1500, 1500, 1500] cpp_raw=[300, 300, 300, 300, 600, 300, 300, 300, 300, 300, 300, 300, 300, 300, 300] public_ns=27900 bounds_ns=1200 execute_ns=27300 combined_ns=1500 cpp_ns=300 source=53e35892b0900a36 result=7db46195730ddc8f
case op=copy-ubyte w=256 h=128 layout=contiguous public_raw=[600, 700, 600, 700, 600, 600, 700, 700, 700, 700, 900, 600, 600, 700, 700] bounds_raw=[600, 700, 600, 700, 600, 600, 600, 900, 600, 800, 600, 600, 600, 700, 700] execute_raw=[600, 800, 600, 700, 600, 600, 900, 800, 700, 600, 600, 600, 600, 600, 600] combined_raw=[600, 600, 600, 2100, 600, 600, 1600, 600, 700, 700, 600, 600, 600, 600, 700] cpp_raw=[800, 700, 700, 700, 700, 700, 800, 700, 700, 700, 700, 800, 700, 1300, 700] public_ns=700 bounds_ns=600 execute_ns=600 combined_ns=600 cpp_ns=700 source=e61b28efac3482a5 result=19f1026d069dd2bd
case op=copy-float w=256 h=128 layout=contiguous public_raw=[2400, 2400, 3000, 2500, 3400, 2400, 2300, 2600, 2300, 2300, 2300, 2300, 69000, 2300, 2500] bounds_raw=[2400, 2400, 2700, 2600, 2500, 3200, 2300, 2400, 2800, 2400, 2400, 2300, 2500, 2700, 2300] execute_raw=[2400, 2400, 2400, 2400, 2400, 2500, 2300, 2300, 2300, 2300, 2300, 2300, 2300, 2300, 2300] combined_raw=[2800, 2300, 2300, 2300, 2300, 2400, 2500, 2400, 2300, 2600, 2300, 2300, 2300, 2400, 2700] cpp_raw=[2800, 2300, 2300, 3300, 2300, 2300, 2300, 2300, 2300, 2300, 2200, 2200, 2300, 2300, 2300] public_ns=2400 bounds_ns=2400 execute_ns=2300 combined_ns=2300 cpp_ns=2300 source=94c035f8504217ab result=e20bab30ff99efbd
case op=copy-Pod w=256 h=128 layout=contiguous public_raw=[5200, 5700, 6200, 5400, 5200, 6100, 5400, 6800, 5300, 4900, 5500, 5700, 5100, 6800, 5300] bounds_raw=[5300, 5900, 5500, 4700, 5500, 5200, 5000, 5600, 6100, 4900, 4900, 5200, 8800, 5400, 5800] execute_raw=[5400, 4900, 4900, 5900, 5100, 5000, 5400, 7400, 4900, 5500, 5000, 5400, 5200, 4700, 5800] combined_raw=[5700, 4700, 5900, 4800, 4700, 5200, 6700, 5700, 4800, 5100, 5000, 4800, 5100, 5500, 5400] cpp_raw=[4700, 5900, 4700, 4900, 5300, 5300, 4700, 4700, 4700, 5200, 4700, 5000, 5300, 55700, 4700] public_ns=5400 bounds_ns=5400 execute_ns=5200 combined_ns=5100 cpp_ns=4900 source=780acdd2b0446151 result=3e08e0fcd50e93b1
case op=convert-ubyte-float w=256 h=128 layout=contiguous public_raw=[124600, 124500, 186800, 124500, 124700, 124500, 124700, 144700, 124500, 125500, 153100, 124600, 143000, 124600, 124700] bounds_raw=[126100, 124700, 124800, 143200, 124800, 124700, 141200, 124900, 124800, 124800, 222600, 145400, 196600, 170200, 124700] execute_raw=[2900, 2900, 2900, 7100, 2900, 2900, 3000, 7800, 6800, 2900, 3000, 2900, 2900, 6900, 2900] combined_raw=[3000, 2900, 3000, 3000, 2900, 2900, 6900, 6800, 8000, 3000, 2900, 2900, 2900, 3000, 2900] cpp_raw=[2800, 2800, 2800, 2800, 2700, 2800, 3000, 3000, 3000, 3000, 2800, 2800, 3100, 2700, 2900] public_ns=124700 bounds_ns=124900 execute_ns=2900 combined_ns=3000 cpp_ns=2800 source=e61b28efac3482a5 result=8edc22d932e14fbd
case op=copy-ubyte w=256 h=128 layout=padded public_raw=[3211000, 2678800, 2717000, 2445300, 2764900, 2750000, 2858500, 2485900, 3019500, 2569400, 2600900, 2452600, 2550900, 2570900, 2538600] bounds_raw=[69000, 68800, 69400, 133400, 69000, 69000, 94800, 69200, 69600, 72300, 69000, 68900, 69000, 69400, 84600] execute_raw=[2490700, 2616300, 2523500, 2477400, 2766700, 2881000, 2477900, 2453000, 2677200, 2374200, 2771400, 2551000, 2550000, 2634700, 2445100] combined_raw=[2200, 2400, 2500, 2200, 2700, 2200, 2100, 2200, 2300, 2700, 2200, 2100, 2200, 2200, 2100] cpp_raw=[900, 800, 800, 800, 700, 1000, 700, 700, 700, 700, 700, 700, 700, 800, 900] public_ns=2600900 bounds_ns=69200 execute_ns=2550000 combined_ns=2200 cpp_ns=700 source=e5a18b0018a9faa5 result=d702cf3fb5e29e3d
case op=copy-float w=256 h=128 layout=padded public_raw=[2513200, 2700800, 2590500, 2801100, 2723300, 2521700, 2603800, 2398200, 2464100, 2579800, 2699700, 3945300, 2692400, 2736100, 2727400] bounds_raw=[73400, 72300, 72300, 72400, 73400, 72600, 72300, 76800, 68800, 117600, 73200, 72300, 72500, 76200, 73000] execute_raw=[3744100, 2585000, 2692300, 2478300, 3073900, 2437400, 2817900, 2323300, 2456900, 2337400, 2632700, 3965500, 2566800, 2835600, 2409700] combined_raw=[4100, 3300, 3600, 3300, 3400, 5400, 3600, 3600, 3400, 3600, 3300, 3400, 3300, 3500, 3400] cpp_raw=[2600, 2400, 2500, 2400, 2500, 2700, 2600, 3700, 2400, 2500, 2500, 2500, 2800, 2600, 2500] public_ns=2692400 bounds_ns=72600 execute_ns=2585000 combined_ns=3400 cpp_ns=2500 source=36662a215b68a60b result=bf1783c6025d513d
case op=copy-Pod w=256 h=128 layout=padded public_raw=[2425700, 2512200, 2433100, 2393200, 2786200, 2487900, 2553600, 2477100, 2486100, 2518800, 2491500, 2493800, 2551700, 2538600, 2427700] bounds_raw=[87200, 101800, 74500, 74200, 74400, 76700, 74100, 121100, 91400, 76300, 190300, 74800, 75000, 77300, 74300] execute_raw=[2331600, 2541000, 2370800, 2620300, 2539600, 2336800, 3293800, 2762300, 2628300, 2461100, 2641200, 2454800, 2539000, 2392300, 2318700] combined_raw=[5700, 6600, 5500, 5800, 5900, 5400, 5600, 5900, 6400, 5900, 6300, 5500, 5500, 6900, 5600] cpp_raw=[5100, 4900, 4900, 4900, 5000, 5200, 5800, 4900, 5200, 5300, 5000, 4900, 5600, 5400, 5000] public_ns=2491500 bounds_ns=76300 execute_ns=2539000 combined_ns=5800 cpp_ns=5000 source=49f9223bca7c6711 result=6d7da255f160ecf1
case op=convert-ubyte-float w=256 h=128 layout=padded public_raw=[9888400, 10191500, 10488900, 10172400, 10166200, 10049700, 9872300, 11795300, 9853500, 10506700, 9840600, 10370300, 9661900, 10192700, 10334000] bounds_raw=[73800, 86400, 76200, 73800, 73900, 95600, 76000, 74200, 71400, 74100, 73700, 75900, 213800, 73900, 90800] execute_raw=[9769400, 9862300, 10050000, 10610100, 10005600, 11076400, 10881900, 11661000, 10256800, 9760800, 10079800, 10000900, 11496300, 11063200, 9775000] combined_raw=[3900, 3700, 3600, 7500, 8400, 4000, 9200, 8400, 3500, 3500, 8500, 8500, 4100, 7200, 7300] cpp_raw=[3000, 3300, 2800, 3200, 2900, 3200, 28100, 3600, 3200, 3100, 3400, 3200, 3100, 3100, 3100] public_ns=10172400 bounds_ns=74200 execute_ns=10079800 combined_ns=7200 cpp_ns=3200 source=e5a18b0018a9faa5 result=8d94738f899eb13d
case op=copy-ubyte w=256 h=128 layout=negative-source public_raw=[2385100, 2563800, 2447100, 2594200, 2451500, 2826800, 2459500, 2498000, 2438800, 2429800, 2655100, 2639100, 2446900, 2580500, 2418000] bounds_raw=[69600, 68900, 75000, 71400, 71300, 69000, 83100, 69200, 68600, 69000, 71300, 68700, 68900, 68900, 68600] execute_raw=[2469300, 2473000, 2317900, 2815500, 2475700, 2429900, 2355300, 2383700, 2319100, 2509000, 2590600, 2669000, 2478700, 2314000, 2356400] combined_raw=[2400, 2700, 2200, 2200, 2300, 2100, 2000, 2100, 2600, 2100, 2300, 2300, 2200, 2000, 2000] cpp_raw=[800, 1600, 800, 700, 700, 700, 700, 800, 700, 800, 800, 700, 700, 700, 700] public_ns=2459500 bounds_ns=69000 execute_ns=2469300 combined_ns=2200 cpp_ns=700 source=e5a18b0018a9faa5 result=d702cf3fb5e29e3d
case op=copy-float w=256 h=128 layout=negative-source public_raw=[2445400, 2439100, 2404800, 2463000, 3089200, 2548100, 2566200, 2520600, 2531600, 2592100, 2427200, 2677100, 2783200, 2544200, 2473700] bounds_raw=[71700, 76900, 77200, 73200, 94100, 73600, 73000, 74300, 73500, 73700, 73800, 73600, 73900, 73800, 73800] execute_raw=[2517200, 2314000, 2331800, 3253400, 3162700, 2481100, 2508700, 2360100, 2640600, 2501000, 2330100, 2628400, 2417500, 2378900, 2700500] combined_raw=[4000, 3200, 3600, 3200, 4500, 3800, 3400, 3400, 4300, 3400, 3300, 3500, 3800, 4100, 3600] cpp_raw=[2600, 2500, 2500, 2400, 2500, 2500, 2500, 2500, 2500, 2500, 2500, 2500, 2500, 2500, 2500] public_ns=2531600 bounds_ns=73800 execute_ns=2501000 combined_ns=3600 cpp_ns=2500 source=36662a215b68a60b result=bf1783c6025d513d
case op=copy-Pod w=256 h=128 layout=negative-source public_raw=[2429800, 2457000, 2783600, 2559400, 2404200, 2688900, 2427200, 2475200, 2418600, 2550500, 2808200, 2475500, 2425300, 2472800, 2570300] bounds_raw=[74100, 218700, 76700, 75300, 74400, 74300, 79700, 77500, 74400, 74600, 74700, 74300, 75200, 75600, 76400] execute_raw=[2437700, 2666400, 2443800, 2603400, 2414700, 2428700, 3483800, 2608500, 2342300, 2626200, 2577100, 2418800, 2632900, 2502500, 2481300] combined_raw=[5600, 11000, 5600, 6000, 6400, 7200, 6400, 5900, 5500, 6400, 7000, 6100, 5700, 5600, 6200] cpp_raw=[5600, 6200, 6700, 5200, 6900, 10000, 5300, 4900, 5400, 5200, 4900, 5600, 7600, 6700, 5300] public_ns=2475200 bounds_ns=75200 execute_ns=2502500 combined_ns=6100 cpp_ns=5600 source=7247388808cf2711 result=6d7da255f160ecf1
case op=convert-ubyte-float w=256 h=128 layout=negative-source public_raw=[9609000, 10028300, 9966300, 9748000, 9739900, 9683000, 9793400, 10007100, 9884900, 10083500, 9800100, 10751600, 10006800, 9953700, 10150700] bounds_raw=[74200, 98300, 74200, 99400, 74000, 74200, 108500, 112000, 70600, 74500, 74300, 75600, 74400, 74100, 73800] execute_raw=[11126400, 10247700, 9513800, 10210800, 10445200, 9715500, 10011500, 9940200, 9937300, 9798800, 10351800, 10816700, 9733200, 9797100, 9828700] combined_raw=[13700, 13900, 13500, 13300, 14600, 13500, 13900, 13600, 12900, 13600, 13400, 14700, 14200, 13000, 14000] cpp_raw=[3500, 2900, 3300, 3400, 3100, 3200, 3100, 3300, 3100, 3200, 3700, 3200, 2900, 3200, 2800] public_ns=9953700 bounds_ns=74300 execute_ns=9940200 combined_ns=13600 cpp_ns=3200 source=e5a18b0018a9faa5 result=8d94738f899eb13d
case op=copy-ubyte w=256 h=128 layout=negative-both public_raw=[2609300, 2384600, 2496200, 2397900, 2385700, 2439400, 2733000, 2520000, 2497900, 2410600, 2426800, 2642100, 2593900, 2512000, 2559300] bounds_raw=[82700, 68700, 69400, 70600, 68800, 93800, 68900, 69000, 68900, 71200, 119900, 69100, 92900, 68900, 71300] execute_raw=[2324000, 2419000, 2327400, 2417800, 2534300, 2824400, 2512400, 2325600, 2525000, 2418000, 2331800, 2424500, 2333000, 2630300, 2408800] combined_raw=[2400, 2100, 2500, 2000, 2200, 4800, 2200, 2100, 2000, 2100, 2000, 2100, 2100, 2000, 2100] cpp_raw=[900, 700, 900, 700, 700, 800, 700, 700, 700, 700, 700, 700, 700, 700, 700] public_ns=2497900 bounds_ns=69400 execute_ns=2418000 combined_ns=2100 cpp_ns=700 source=e5a18b0018a9faa5 result=d702cf3fb5e29e3d
case op=copy-float w=256 h=128 layout=negative-both public_raw=[2679800, 2666100, 2386300, 2394300, 2628900, 2730700, 3868200, 2461300, 2596300, 2493400, 2466300, 2501500, 2398500, 2481900, 2862900] bounds_raw=[73600, 76400, 73400, 68900, 92100, 73200, 76300, 77000, 123600, 73700, 97600, 72900, 74300, 72900, 73400] execute_raw=[2779900, 2520900, 2378300, 2323000, 2384100, 2327900, 2351400, 3997900, 2398800, 2533400, 2432000, 2431200, 2385500, 2377100, 2469300] combined_raw=[3500, 3500, 3300, 3300, 3200, 3300, 3200, 4600, 3600, 3600, 3400, 3400, 3300, 3700, 4100] cpp_raw=[2400, 2400, 2400, 2400, 2400, 2600, 2400, 2600, 2400, 2500, 2400, 2400, 2500, 22800, 2400] public_ns=2501500 bounds_ns=73700 execute_ns=2398800 combined_ns=3400 cpp_ns=2400 source=36662a215b68a60b result=bf1783c6025d513d
case op=copy-Pod w=256 h=128 layout=negative-both public_raw=[2493500, 2497700, 2406400, 2384200, 2432000, 2380900, 2409900, 2508800, 2381400, 2411700, 2491900, 2381600, 2507300, 2407700, 2398400] bounds_raw=[75000, 79800, 77700, 74700, 74800, 74300, 74800, 77300, 74400, 74900, 76600, 75400, 77700, 74400, 74800] execute_raw=[2376500, 2386900, 2339700, 2364400, 2313600, 2355200, 2420100, 2419300, 2317300, 2346400, 2406600, 2439800, 2347000, 2378800, 2314300] combined_raw=[5800, 56700, 5600, 5400, 6000, 6200, 5600, 5800, 5600, 5300, 5700, 5700, 5300, 6000, 5300] cpp_raw=[6600, 4900, 4700, 4700, 4800, 4800, 4800, 5100, 5100, 5300, 5000, 5300, 5100, 5000, 4900] public_ns=2409900 bounds_ns=74900 execute_ns=2364400 combined_ns=5700 cpp_ns=5000 source=7247388808cf2711 result=9cc58c133fed2cf1
case op=convert-ubyte-float w=256 h=128 layout=negative-both public_raw=[11721900, 10053500, 9802200, 12163800, 10562800, 10503700, 10879200, 9889500, 11933000, 10786500, 11895000, 10255100, 10788000, 12954800, 11700000] bounds_raw=[95600, 73700, 74000, 74900, 74700, 74700, 74100, 74800, 74800, 74300, 74400, 74100, 75100, 74400, 74600] execute_raw=[10189000, 9709100, 9995000, 10573700, 10589300, 12229300, 10668200, 10027300, 10241500, 11438800, 12165300, 10508600, 12206700, 11417000, 10208700] combined_raw=[14100, 13600, 14200, 13100, 14900, 14000, 63400, 13800, 13300, 14400, 14300, 14700, 14300, 14700, 14400] cpp_raw=[3500, 3700, 3300, 3200, 3100, 3800, 3200, 3500, 3200, 3300, 3100, 3100, 4000, 3100, 3500] public_ns=10788000 bounds_ns=74600 execute_ns=10573700 combined_ns=14300 cpp_ns=3300 source=e5a18b0018a9faa5 result=8d94738f899eb13d
case op=copy-ubyte w=256 h=128 layout=universal public_raw=[2771600, 2913000, 2681800, 2520300, 2806700, 2973100, 2903800, 2671600, 2419800, 2504400, 2702000, 2548100, 3033200, 2835600, 2604200] bounds_raw=[69600, 68600, 69800, 80900, 117200, 76700, 68900, 69000, 155600, 69000, 71300, 68600, 69300, 69800, 69300] execute_raw=[2549700, 2445700, 2921900, 2564700, 2983600, 2593700, 2420300, 2730800, 2668700, 3280300, 2573200, 2670000, 2481900, 2544200, 2408300] combined_raw=[98900, 99900, 99700, 99500, 99000, 100700, 98700, 99000, 98700, 113800, 98700, 121100, 99500, 99600, 113300] cpp_raw=[98200, 98400, 98600, 117900, 177700, 98300, 98200, 98200, 98200, 98300, 98600, 98400, 98400, 98400, 98300] public_ns=2702000 bounds_ns=69600 execute_ns=2573200 combined_ns=99500 cpp_ns=98400 source=2ca74caf843b767b result=186aee41ab7388cf
case op=copy-float w=256 h=128 layout=universal public_raw=[2412900, 2531200, 2522400, 2389700, 2818600, 2653900, 2664500, 2940200, 2809100, 2558000, 2603800, 2491400, 2542500, 2744000, 2447200] bounds_raw=[77000, 74200, 73400, 73000, 73100, 73400, 73800, 74200, 73800, 73600, 74000, 74000, 73700, 97700, 73700] execute_raw=[2474000, 2626600, 2779200, 2678900, 2470400, 2843000, 2702500, 2628100, 2588300, 2744800, 2849000, 2796900, 2399500, 2634900, 2431300] combined_raw=[94100, 92600, 107600, 94000, 92600, 94800, 93100, 93100, 94300, 92600, 93600, 94500, 106800, 92500, 104900] cpp_raw=[107200, 108500, 107300, 107100, 107100, 133300, 108100, 107200, 131100, 107300, 107700, 107200, 107100, 107200, 107200] public_ns=2558000 bounds_ns=73800 execute_ns=2634900 combined_ns=94000 cpp_ns=107200 source=2602f36fdf024e48 result=a35a34c9a114294f
case op=copy-Pod w=256 h=128 layout=universal public_raw=[2416300, 2760200, 2486100, 2423800, 2797800, 3768100, 2680500, 2496900, 2549000, 2519800, 2622300, 2600100, 2807900, 4239400, 2651900] bounds_raw=[75400, 74800, 77600, 207100, 75100, 77900, 75400, 75400, 89900, 100900, 78100, 74900, 140400, 75500, 75200] execute_raw=[2376700, 2840700, 2587500, 2762400, 2477900, 3465400, 2461400, 2851100, 2615500, 2531700, 2393100, 2420000, 2857300, 2676400, 2555600] combined_raw=[103100, 103200, 104400, 105700, 104100, 104300, 168500, 103100, 117300, 107900, 102800, 102700, 133700, 103500, 103100] cpp_raw=[107600, 107900, 108600, 108400, 108100, 108000, 107700, 283000, 107500, 108300, 216900, 107400, 440900, 108100, 107700] public_ns=2622300 bounds_ns=75500 execute_ns=2587500 combined_ns=104100 cpp_ns=108100 source=e9e6a4e830f5d812 result=65aae9126466d5ba
case op=convert-ubyte-float w=256 h=128 layout=universal public_raw=[6015500, 6122900, 6629900, 6348200, 6388000, 7558100, 6370100, 6119900, 8174700, 6352100, 5859100, 5744500, 5993300, 6010900, 5711200] bounds_raw=[74300, 129200, 75100, 74600, 90200, 74700, 74100, 74600, 74700, 101600, 74000, 73700, 76300, 73700, 71400] execute_raw=[6265000, 6278500, 8310000, 8066900, 6211700, 6048300, 5766400, 9555700, 5606000, 5674800, 5947400, 5656100, 5605000, 5743100, 5601200] combined_raw=[94000, 96400, 97500, 94300, 260100, 93900, 96000, 96000, 93400, 93600, 93600, 94000, 97600, 93700, 93700] cpp_raw=[18500, 18600, 43000, 18600, 18600, 20600, 18500, 18900, 18400, 18800, 18500, 18400, 18500, 18200, 18700] public_ns=6122900 bounds_ns=74600 execute_ns=5947400 combined_ns=94000 cpp_ns=18600 source=2ca74caf843b767b result=9981b35893e1a94f
case op=copy-ubyte w=256 h=128 layout=universal-negative public_raw=[3545100, 2542000, 2602400, 2854400, 2639000, 2499700, 2568700, 2797200, 2542000, 2440300, 2724000, 2489300, 2394800, 2809100, 2407500] bounds_raw=[69100, 68900, 69300, 69200, 84300, 90300, 69400, 108000, 69100, 69100, 69700, 70700, 69500, 69600, 69000] execute_raw=[3182900, 2657400, 2516800, 2547900, 2711300, 2500200, 2463600, 2510900, 2666600, 2983600, 2382100, 2876000, 2635300, 2483900, 2369100] combined_raw=[138400, 99300, 139800, 200200, 196900, 143000, 99000, 99700, 100600, 101300, 99100, 198300, 99500, 99300, 99100] cpp_raw=[99500, 137200, 98300, 152300, 98200, 98300, 98300, 98300, 98200, 98400, 98400, 98200, 98300, 103800, 98200] public_ns=2568700 bounds_ns=69400 execute_ns=2547900 combined_ns=100600 cpp_ns=98300 source=aee6fc6fec93767b result=e78d431e19cc88cf
case op=copy-float w=256 h=128 layout=universal-negative public_raw=[2351400, 2480800, 2587000, 2516700, 2452200, 2605900, 2477400, 3052600, 2413500, 2642000, 2594100, 2665300, 2389500, 2741700, 2428200] bounds_raw=[68600, 75300, 73200, 99500, 77300, 73200, 73400, 73300, 72900, 72800, 73300, 73400, 73600, 135800, 72700] execute_raw=[2386300, 2403700, 3367700, 2768400, 2483300, 5277600, 2511400, 2807900, 2707800, 2592500, 2577500, 2578200, 2536700, 2628200, 2432400] combined_raw=[91800, 215000, 93200, 91600, 96600, 136600, 91800, 142100, 94800, 95700, 107300, 92800, 92000, 94400, 93900] cpp_raw=[107400, 107500, 107400, 120600, 107200, 221300, 107500, 108800, 107800, 108200, 135600, 107500, 127000, 107100, 107300] public_ns=2516700 bounds_ns=73300 execute_ns=2578200 combined_ns=94400 cpp_ns=107500 source=a257b6291ff8ce48 result=6438f003893e294f
case op=copy-Pod w=256 h=128 layout=universal-negative public_raw=[2686200, 2419500, 2749500, 2659800, 2436700, 3092900, 2571300, 2563800, 2447100, 2589100, 2737800, 2794400, 2529600, 2511800, 2581500] bounds_raw=[76100, 76000, 75500, 78300, 76400, 75300, 76200, 75800, 80800, 134900, 75200, 78500, 75200, 75500, 75500] execute_raw=[2599900, 2550800, 2461900, 2610900, 2452700, 2556900, 2436900, 2730600, 2516900, 2400800, 2527400, 2564700, 2753900, 2407300, 2424800] combined_raw=[105600, 103500, 106500, 103500, 105000, 104900, 104200, 109700, 103800, 157200, 105200, 103700, 104800, 104200, 178600] cpp_raw=[107500, 107200, 107600, 108100, 107900, 107800, 107300, 107800, 107400, 167000, 107900, 107300, 207400, 107200, 107700] public_ns=2581500 bounds_ns=76000 execute_ns=2527400 combined_ns=104900 cpp_ns=107700 source=9d3846764beed812 result=da53e1b7f4d855ba
case op=convert-ubyte-float w=256 h=128 layout=universal-negative public_raw=[6081000, 6228300, 5881700, 6144900, 5910600, 5948600, 6075100, 6249000, 5901700, 5786100, 5848200, 5759200, 5954400, 6144000, 5546200] bounds_raw=[93400, 75600, 77600, 74700, 75600, 89100, 74600, 75000, 74700, 75700, 75200, 74600, 75000, 74800, 74500] execute_raw=[5646100, 5772800, 5895000, 5713500, 5909000, 5671700, 5753500, 5826600, 5845400, 5939100, 5910400, 5839400, 6002500, 5498900, 5708900] combined_raw=[127500, 94500, 111600, 94400, 149800, 94500, 94700, 94900, 94400, 95400, 96900, 95300, 95400, 94500, 95600] cpp_raw=[18400, 18400, 18400, 18300, 18400, 18700, 18500, 18500, 18500, 18500, 18700, 18300, 18700, 18400, 18300] public_ns=5948600 bounds_ns=75000 execute_ns=5826600 combined_ns=95300 cpp_ns=18400 source=aee6fc6fec93767b result=b595bddcda97a94f
case op=copy-ubyte w=256 h=128 layout=repeated-source public_raw=[2654600, 2443200, 2369300, 2535200, 2454500, 2455900, 2656700, 2410300, 2473000, 2541600, 2376200, 2466700, 2885000, 2593600, 2464800] bounds_raw=[86800, 68500, 69200, 71500, 69000, 69400, 68700, 68800, 68600, 71300, 68600, 69100, 71300, 69000, 69100] execute_raw=[2376400, 2317800, 2431800, 2411900, 2680300, 2519300, 2392700, 2357800, 2544500, 2422700, 2576300, 2496100, 2741200, 2361800, 2614700] combined_raw=[2100, 2000, 2100, 1900, 2200, 2300, 2100, 2100, 2000, 2200, 2800, 2200, 2600, 2300, 2300] cpp_raw=[800, 600, 700, 600, 800, 600, 600, 600, 600, 700, 900, 600, 600, 700, 600] public_ns=2466700 bounds_ns=69100 execute_ns=2431800 combined_ns=2200 cpp_ns=600 source=b801a0f8ceb910a5 result=d702cf3fb5e29e3d
case op=copy-float w=256 h=128 layout=repeated-source public_raw=[2536300, 2882900, 2861300, 2825600, 2838000, 4567600, 4796400, 2559700, 2577100, 4743400, 2445000, 2364800, 2532600, 2608100, 4124600] bounds_raw=[73000, 72600, 73600, 73000, 73700, 72800, 78300, 104500, 72700, 72700, 72400, 72300, 72400, 76500, 73600] execute_raw=[2683200, 2295000, 2992600, 3815500, 4372200, 4268100, 2730400, 2724700, 2462200, 2642000, 2456800, 2309400, 2313600, 2671500, 2487500] combined_raw=[3400, 3200, 4600, 3600, 4400, 4700, 3700, 4600, 4000, 3500, 3300, 3200, 3200, 3200, 4100] cpp_raw=[2100, 2000, 3100, 2000, 2000, 2900, 2100, 2000, 2100, 2100, 2100, 2000, 2000, 2000, 2100] public_ns=2825600 bounds_ns=73000 execute_ns=2671500 combined_ns=3600 cpp_ns=2100 source=2ab4dac9ab1576eb result=bf1783c6025d513d
case op=copy-Pod w=256 h=128 layout=repeated-source public_raw=[2472900, 3399400, 3213900, 4432200, 4176400, 2975300, 3405400, 2539700, 2516300, 4417300, 2547200, 2480300, 2581800, 2563700, 2446600] bounds_raw=[76000, 74000, 74700, 78400, 103700, 108600, 73800, 74800, 74400, 176900, 74000, 75900, 76900, 73900, 88200] execute_raw=[2612200, 2573000, 3996700, 2791700, 4119500, 3993000, 2754900, 2673500, 4015900, 2409500, 2414000, 2571500, 2583000, 2465700, 3082800] combined_raw=[4600, 4800, 5600, 5500, 5100, 5100, 4700, 5400, 4600, 5900, 4900, 4700, 4800, 4500, 5100] cpp_raw=[3000, 3200, 3200, 3200, 3000, 3100, 3000, 3000, 3000, 3200, 3100, 3000, 3000, 2900, 3100] public_ns=2581800 bounds_ns=75900 execute_ns=2673500 combined_ns=4900 cpp_ns=3000 source=eeeb850fb0e39951 result=fb16e77c4b15ecf1
case op=convert-ubyte-float w=256 h=128 layout=repeated-source public_raw=[12716300, 10757400, 9664800, 10456700, 10301600, 10048400, 9838000, 9677900, 9959400, 9870700, 10037900, 10324400, 9701000, 10611400, 9838800] bounds_raw=[74100, 73100, 73900, 73700, 75500, 73100, 109800, 77100, 73300, 90800, 73700, 73100, 73800, 132700, 73600] execute_raw=[9750900, 9565100, 9379100, 11841600, 9581500, 9830400, 9474500, 12460800, 9474900, 9499400, 11907400, 9596200, 9497900, 9488200, 9355700] combined_raw=[3800, 4200, 3400, 3100, 3800, 3800, 3300, 7600, 6800, 7200, 3500, 3400, 7500, 3300, 3400] cpp_raw=[3000, 2700, 2900, 2800, 2800, 2900, 2800, 3100, 3200, 3200, 2900, 2800, 3200, 2800, 2800] public_ns=10037900 bounds_ns=73800 execute_ns=9565100 combined_ns=3800 cpp_ns=2900 source=b801a0f8ceb910a5 result=8d94738f899eb13d
case op=copy-ubyte w=256 h=128 layout=zero-source public_raw=[620600, 607200, 669800, 605000, 618400, 605400, 606100, 618600, 607700, 617500, 618800, 653100, 605700, 606200, 631200] bounds_raw=[71300, 70000, 69000, 68200, 69100, 68200, 68400, 68700, 68300, 70600, 70600, 68300, 68600, 68500, 68500] execute_raw=[897100, 703700, 651000, 650700, 678900, 637000, 638400, 654100, 648800, 648900, 635700, 636900, 636300, 697800, 669100] combined_raw=[99000, 136100, 99500, 98100, 98300, 99200, 116700, 98600, 112400, 103900, 98200, 114100, 99600, 113300, 98300] cpp_raw=[98400, 98300, 98200, 98200, 98200, 98200, 98200, 98200, 113100, 98200, 118900, 252000, 98300, 98300, 98200] public_ns=617500 bounds_ns=68600 execute_ns=650700 combined_ns=99500 cpp_ns=98200 source=ea3b47c803d61b61 result=805f2b0ca3e19e3d
case op=copy-float w=256 h=128 layout=zero-source public_raw=[871800, 774900, 609800, 615000, 724600, 638400, 659200, 673800, 625900, 613500, 632500, 610600, 714900, 668900, 687100] bounds_raw=[74000, 104600, 77100, 76100, 73100, 72800, 76200, 73700, 114700, 85300, 76800, 73300, 180600, 73700, 101800] execute_raw=[872800, 655700, 1827700, 645900, 722600, 651600, 695900, 643100, 671300, 630700, 759900, 699800, 645200, 652100, 723500] combined_raw=[95300, 93500, 93200, 92000, 94400, 91900, 92100, 92600, 93700, 92400, 92900, 133200, 92000, 92400, 127600] cpp_raw=[107800, 107800, 107100, 119400, 107200, 107200, 107100, 107000, 107200, 107000, 107000, 107700, 111100, 107100, 107000] public_ns=659200 bounds_ns=76200 execute_ns=671300 combined_ns=92900 cpp_ns=107200 source=3ee659a586185a17 result=d3a2f65955b6b13d
case op=copy-Pod w=256 h=128 layout=zero-source public_raw=[626900, 671400, 620500, 635300, 611400, 787700, 680900, 613000, 669100, 611600, 629100, 834600, 635200, 620000, 644800] bounds_raw=[74100, 98800, 74600, 74200, 90400, 74100, 74100, 73600, 75800, 74200, 74700, 74100, 131600, 74100, 75600] execute_raw=[653100, 640000, 715300, 686100, 875200, 660200, 651900, 659400, 663300, 644800, 653800, 714900, 756500, 665700, 820600] combined_raw=[101500, 102700, 102700, 102000, 101800, 101400, 101500, 101400, 101500, 101400, 102500, 103900, 103300, 102600, 132000] cpp_raw=[107100, 339000, 175200, 107100, 128700, 107500, 107100, 118400, 107100, 107100, 107800, 107600, 107200, 131300, 107100] public_ns=635200 bounds_ns=74200 execute_ns=663300 combined_ns=102000 cpp_ns=107500 source=52489578602bbe06 result=ef186d4d74d56cf1
case op=convert-ubyte-float w=256 h=128 layout=zero-source public_raw=[1623600, 1659500, 1625700, 1610100, 1910900, 1811100, 1736900, 1650300, 1632700, 1640400, 2028300, 1741700, 1703500, 1626700, 1659500] bounds_raw=[75800, 75600, 88400, 73100, 94400, 101900, 73400, 73100, 73500, 70800, 73400, 74500, 75700, 71100, 73300] execute_raw=[1597300, 1746700, 1664600, 1660900, 1749700, 1689600, 1730300, 1695100, 1607300, 1816900, 1985300, 1637900, 1676500, 1700100, 1666900] combined_raw=[93700, 92600, 95500, 94700, 176800, 94000, 93100, 93600, 162900, 169100, 105800, 121000, 93600, 211200, 93100] cpp_raw=[17900, 18000, 18000, 17900, 18000, 18000, 18000, 37500, 17900, 17900, 18200, 18000, 18000, 18000, 17900] public_ns=1659500 bounds_ns=73500 execute_ns=1689600 combined_ns=94700 cpp_ns=18000 source=ea3b47c803d61b61 result=fb8549580c3ab13d
case op=copy-ubyte w=2048 h=512 layout=contiguous public_raw=[23700, 42500, 24600, 24000, 24500, 23500, 24300, 44300, 25500, 23300, 27700, 35400, 25600, 37400, 42100] bounds_raw=[23300, 24500, 25600, 29000, 23800, 23200, 28300, 58700, 26500, 23500, 25300, 42500, 25600, 32400, 31400] execute_raw=[27500, 24500, 23100, 24400, 23500, 28300, 24200, 24700, 27400, 24200, 24500, 30000, 95900, 43200, 29600] combined_raw=[30200, 24100, 25000, 23200, 23300, 25700, 24400, 24000, 26200, 25300, 25300, 41900, 43400, 29000, 28200] cpp_raw=[31200, 31700, 32200, 32200, 29400, 29700, 30800, 31400, 38400, 35500, 207900, 40500, 47900, 51200, 55700] public_ns=25500 bounds_ns=25600 execute_ns=24700 combined_ns=25300 cpp_ns=32200 source=2330a0f18d4d82a5 result=80d2fb93a399d2bd
case op=copy-float w=2048 h=512 layout=contiguous public_raw=[227300, 415800, 131500, 137100, 160900, 160200, 204700, 171000, 276000, 213700, 346000, 239600, 158200, 242900, 158100] bounds_raw=[180500, 130500, 167000, 236300, 175800, 152000, 196100, 184900, 134800, 159200, 190800, 167200, 150200, 160400, 196300] execute_raw=[166100, 126000, 305700, 170800, 142200, 128600, 204600, 152800, 297700, 140500, 234900, 329000, 228700, 186400, 179700] combined_raw=[286200, 120600, 171400, 140200, 133900, 156300, 272500, 139200, 512700, 581800, 462200, 137000, 165600, 225300, 195900] cpp_raw=[147000, 174600, 140800, 150500, 293700, 234100, 197300, 148300, 174400, 139000, 148500, 175200, 152900, 136600, 175700] public_ns=204700 bounds_ns=167200 execute_ns=179700 combined_ns=171400 cpp_ns=152900 source=13b5de7322d2f7ab result=d89816c09b0f4fbd
case op=copy-Pod w=2048 h=512 layout=contiguous public_raw=[598500, 472800, 561500, 587400, 500300, 472500, 476400, 647800, 587100, 543500, 479700, 593000, 698700, 527300, 483600] bounds_raw=[611100, 568800, 593300, 610900, 452300, 485100, 473500, 478500, 489200, 517500, 463400, 523700, 618900, 2333100, 410900] execute_raw=[705000, 745000, 614000, 533600, 537800, 479200, 589500, 527600, 926500, 589900, 515500, 744400, 572800, 577800, 505400] combined_raw=[952100, 605400, 456500, 600600, 484300, 469200, 539800, 594600, 491300, 536100, 630800, 585600, 738800, 545900, 448400] cpp_raw=[1176900, 428800, 596800, 2638200, 493100, 442600, 490600, 395300, 467200, 491900, 479000, 483500, 480400, 476100, 534100] public_ns=543500 bounds_ns=517500 execute_ns=577800 combined_ns=545900 cpp_ns=483500 source=d8cd6555f4166151 result=59e0883c487093b1
case op=convert-ubyte-float w=2048 h=512 layout=contiguous public_raw=[3888700, 4126200, 3817700, 3876000, 3810800, 3871200, 4337200, 3873600, 3931100, 3891300, 4147700, 4297000, 4179500, 4166700, 4070100] bounds_raw=[4057700, 3829700, 4596000, 4067300, 4156300, 5568900, 4277900, 4238900, 4078100, 4055500, 4258600, 4147000, 4052000, 3928100, 4057700] execute_raw=[242000, 230500, 199700, 294300, 224900, 93100, 96000, 226000, 91700, 93700, 94600, 286100, 92900, 221800, 93200] combined_raw=[230100, 236800, 93300, 93900, 245800, 245100, 93700, 219100, 95000, 330500, 221500, 216400, 216300, 224200, 219200] cpp_raw=[97600, 99200, 136400, 97400, 98200, 97800, 85900, 85100, 87000, 85500, 98100, 98100, 85300, 97300, 86100] public_ns=3931100 bounds_ns=4078100 execute_ns=199700 combined_ns=219200 cpp_ns=97400 source=2330a0f18d4d82a5 result=8830660fbe034fbd
case op=copy-ubyte w=2048 h=512 layout=padded public_raw=[48192500, 42536300, 44003600, 42761600, 43550200, 41969300, 43161300, 42020800, 42254700, 42290200, 43251600, 41127900, 45809400, 42811700, 45098900] bounds_raw=[2284600, 3163300, 2343200, 2274500, 2622600, 2282700, 2260900, 2238400, 2267500, 2269600, 2278800, 2302600, 2529000, 2333300, 2587400] execute_raw=[40796200, 39724600, 40047000, 40798100, 39958400, 41118400, 41957900, 39829700, 40287500, 39993800, 40055100, 41214100, 39982600, 39351300, 40501800] combined_raw=[40200, 34500, 37800, 32700, 77900, 37600, 72300, 51800, 39500, 49600, 39300, 35600, 35700, 93500, 38800] cpp_raw=[33200, 90800, 98500, 32700, 35400, 32000, 36300, 29000, 32300, 30500, 32900, 31000, 31500, 83500, 33800] public_ns=42811700 bounds_ns=2284600 execute_ns=40055100 combined_ns=39300 cpp_ns=32900 source=ae83cf5b1e4efaa5 result=824b457e72415e3d
case op=copy-float w=2048 h=512 layout=padded public_raw=[41733600, 41539400, 44082700, 46544200, 44096700, 41286900, 49348200, 49084700, 45288200, 46535800, 43657500, 43531600, 47895200, 47128900, 45591400] bounds_raw=[2435500, 2453700, 2473600, 2661200, 2537000, 2495500, 2577000, 2587500, 2862000, 2569300, 2704400, 2586900, 2644700, 2454000, 2612600] execute_raw=[40647900, 39164900, 41171000, 39404700, 40057800, 44201500, 47685800, 47063000, 44052800, 45343400, 42414000, 47349900, 43030000, 41030100, 41725800] combined_raw=[152600, 125900, 175400, 123700, 169600, 144600, 154300, 177400, 145600, 124200, 155300, 146100, 156400, 134000, 189500] cpp_raw=[119100, 117600, 134200, 107000, 142300, 131000, 160900, 171100, 208100, 192800, 181100, 118800, 201700, 113900, 146900] public_ns=45288200 bounds_ns=2577000 execute_ns=42414000 combined_ns=152600 cpp_ns=142300 source=f707132824e3b60b result=7e1f3007cb46713d
case op=copy-Pod w=2048 h=512 layout=padded public_raw=[52360100, 46333800, 41961700, 43130500, 41362200, 48133500, 43916800, 44051100, 40389600, 41413900, 41340800, 42060300, 42666900, 42960300, 41074300] bounds_raw=[3006500, 3038000, 4071000, 2502900, 2713400, 3112700, 2528600, 2767200, 2438000, 2521500, 2852800, 2752000, 2724200, 2528400, 2680100] execute_raw=[42993800, 42174700, 40126100, 40992000, 43145600, 41584900, 44233400, 39269700, 40185900, 40754500, 39100700, 39901600, 39967100, 41917700, 38582200] combined_raw=[457400, 475600, 605600, 569500, 493800, 420000, 482200, 499000, 521300, 426500, 472700, 742300, 503300, 435400, 529600] cpp_raw=[423800, 423500, 432900, 442300, 492100, 458300, 1381100, 443900, 455700, 521100, 706300, 468500, 541100, 499200, 513500] public_ns=42666900 bounds_ns=2724200 execute_ns=40754500 combined_ns=493800 cpp_ns=468500 source=e31314711d294711 result=cd84131d95f48cf1
case op=convert-ubyte-float w=2048 h=512 layout=padded public_raw=[166135300, 186558600, 171318200, 167304600, 173469100, 165131500, 160659400, 165982500, 169128200, 163390900, 166096000, 164132900, 163580900, 168984800, 177371300] bounds_raw=[2461200, 2426500, 2467800, 2366600, 2404700, 2401100, 2549100, 2424600, 2574000, 2401100, 2634700, 2495600, 2440400, 2667800, 2714000] execute_raw=[158160500, 194186300, 177933900, 162566100, 168445000, 159457700, 165763800, 159972700, 159778200, 163765300, 160810800, 162120800, 155721900, 171967200, 161883800] combined_raw=[223700, 99000, 95700, 110700, 95100, 95900, 224900, 95000, 237500, 226200, 97600, 225200, 231900, 93900, 99400] cpp_raw=[97600, 126600, 86000, 113400, 93200, 85400, 85700, 97400, 111200, 86600, 86200, 97500, 97700, 102100, 86800] public_ns=166135300 bounds_ns=2461200 execute_ns=162120800 combined_ns=99400 cpp_ns=97400 source=ae83cf5b1e4efaa5 result=a6f0b1d68eba713d
case op=copy-ubyte w=2048 h=512 layout=negative-source public_raw=[43240200, 47367600, 42830000, 42702100, 44592800, 52307900, 44807400, 44103000, 42425000, 43976100, 43010000, 47263300, 41963800, 46240600, 44423000] bounds_raw=[2352400, 2320000, 2505800, 2421000, 2598400, 2505500, 2275700, 2453700, 2395800, 4596900, 3414500, 2820600, 2434200, 2580400, 2346700] execute_raw=[41231700, 41437300, 43424600, 46119800, 45791700, 43359300, 43443000, 43417000, 44450900, 41496200, 41529500, 45529700, 40895400, 40077000, 41943600] combined_raw=[75000, 78300, 41600, 45800, 121800, 103900, 110400, 112400, 42500, 54300, 91900, 58800, 79200, 36400, 39000] cpp_raw=[37300, 56300, 30300, 33200, 44200, 79100, 86900, 197700, 37200, 56900, 44200, 36800, 35800, 28400, 31600] public_ns=44103000 bounds_ns=2453700 execute_ns=43359300 combined_ns=75000 cpp_ns=37300 source=ae83cf5b1e4efaa5 result=824b457e72415e3d
case op=copy-float w=2048 h=512 layout=negative-source public_raw=[43673300, 43699900, 41865200, 41690400, 46184900, 41763500, 42381000, 44259700, 41816000, 45852100, 41493700, 42545700, 42567200, 42927300, 44837900] bounds_raw=[2573000, 2498600, 2508900, 2988600, 2638700, 2510600, 3003700, 3097000, 2502200, 2570400, 2828700, 3154500, 2700200, 2542200, 2635100] execute_raw=[39826300, 42301300, 41239100, 40379000, 39475300, 40492600, 40029300, 40278700, 39233500, 39423500, 42114000, 40185300, 40950300, 39670500, 39508300] combined_raw=[197600, 211800, 194000, 139200, 227100, 209500, 281900, 203600, 146600, 173300, 362700, 242600, 205300, 207200, 201400] cpp_raw=[138100, 142600, 154600, 133700, 208200, 663200, 166800, 177500, 119000, 178100, 427900, 146300, 132600, 191400, 181500] public_ns=42567200 bounds_ns=2635100 execute_ns=40185300 combined_ns=205300 cpp_ns=166800 source=f707132824e3b60b result=7e1f3007cb46713d
case op=copy-Pod w=2048 h=512 layout=negative-source public_raw=[41255900, 40306100, 40945100, 41746000, 44835700, 40787800, 43889100, 42475900, 42279600, 46116000, 42387300, 43012500, 46262800, 47056200, 42777100] bounds_raw=[2997400, 2701400, 3518900, 2855200, 2602100, 2665800, 2570800, 2686000, 2730300, 3027200, 2694500, 2671000, 3168200, 2582800, 2785300] execute_raw=[38792500, 39434600, 40532900, 40254500, 40219500, 41243900, 40291200, 39974000, 39427300, 38933700, 40530700, 41777500, 40466200, 42253700, 39851700] combined_raw=[711300, 687700, 653800, 618000, 796200, 639900, 621100, 917400, 685500, 623800, 656000, 596900, 611000, 704300, 654400] cpp_raw=[635600, 624400, 698300, 626400, 662300, 670100, 544300, 552100, 668800, 927200, 627400, 620900, 606600, 1037300, 707200] public_ns=42475900 bounds_ns=2701400 execute_ns=40254500 combined_ns=654400 cpp_ns=635600 source=a98d88b93a2d4711 result=cd84131d95f48cf1
case op=convert-ubyte-float w=2048 h=512 layout=negative-source public_raw=[166013000, 163617800, 173421800, 166545100, 165259400, 167236700, 167928200, 166446400, 170262700, 163625100, 164879700, 180636900, 177244100, 191055900, 166293000] bounds_raw=[3507800, 2426000, 2520400, 2422000, 2489100, 2839000, 2475100, 2820000, 5275700, 2493500, 2517800, 2432600, 2528600, 3536800, 2433000] execute_raw=[166580600, 156699800, 175132800, 158623500, 156420400, 169059100, 162132300, 158560300, 167834900, 159682300, 178964600, 166632100, 171382700, 179174400, 164194400] combined_raw=[778500, 441900, 1360000, 521400, 444600, 530600, 593400, 444700, 454100, 529800, 532000, 451100, 465100, 443600, 600500] cpp_raw=[146800, 117100, 169200, 122600, 139400, 140900, 190800, 211100, 134600, 190500, 147900, 121500, 130700, 211900, 159000] public_ns=166545100 bounds_ns=2517800 execute_ns=166580600 combined_ns=521400 cpp_ns=146800 source=ae83cf5b1e4efaa5 result=a6f0b1d68eba713d
case op=copy-ubyte w=2048 h=512 layout=negative-both public_raw=[42386600, 42515200, 43767300, 43116300, 42789300, 42370500, 43857700, 42809600, 43749900, 42251700, 42789300, 42405300, 44192900, 44289300, 44508500] bounds_raw=[2292600, 2277000, 2255400, 3524400, 2343700, 2486800, 2542900, 2291100, 2555800, 2629000, 2248400, 3078600, 2433600, 3017700, 2524900] execute_raw=[40401300, 39932700, 40557600, 42135100, 41955100, 42079800, 43293700, 52303200, 39540600, 39977500, 41167500, 41279400, 39333200, 42436200, 39521300] combined_raw=[33300, 59500, 35500, 32000, 32200, 36200, 38100, 47100, 30900, 33700, 39600, 41900, 34800, 32300, 47100] cpp_raw=[34200, 32500, 28200, 33600, 57700, 27300, 32000, 28100, 34000, 34900, 31700, 29200, 30900, 29000, 42600] public_ns=42809600 bounds_ns=2486800 execute_ns=41167500 combined_ns=35500 cpp_ns=32000 source=ae83cf5b1e4efaa5 result=824b457e72415e3d
case op=copy-float w=2048 h=512 layout=negative-both public_raw=[43395400, 43529400, 42741500, 42873800, 43099200, 44986600, 42341800, 41538200, 42694800, 46150700, 41347500, 42462600, 42640400, 43042900, 41981900] bounds_raw=[2574100, 2710700, 2656500, 2533700, 2521900, 3141400, 2714000, 2603100, 2554200, 2499500, 2482600, 2535900, 2505300, 3246100, 2506400] execute_raw=[43953300, 44204700, 41607600, 40751800, 40625100, 42141400, 41430500, 41107000, 42160700, 40502900, 42373100, 46975400, 39385300, 41088100, 41669100] combined_raw=[195800, 205100, 230700, 155800, 215500, 242900, 224400, 236800, 179400, 186400, 283500, 229000, 189300, 146800, 235200] cpp_raw=[185300, 222500, 151800, 153900, 299300, 156400, 157900, 175700, 288800, 296300, 162400, 137500, 146500, 126800, 401900] public_ns=42741500 bounds_ns=2554200 execute_ns=41607600 combined_ns=215500 cpp_ns=162400 source=f707132824e3b60b result=7e1f3007cb46713d
case op=copy-Pod w=2048 h=512 layout=negative-both public_raw=[42972400, 45731900, 43170900, 42185900, 44179300, 42774900, 43003600, 43581200, 60435600, 42655500, 41621400, 45143300, 42820400, 43438300, 43165200] bounds_raw=[3341200, 2975200, 2869400, 3365100, 2993600, 2689200, 2714200, 2973500, 2672800, 2689100, 2646000, 2987300, 2665100, 3436800, 2740300] execute_raw=[43512400, 41297200, 42064100, 41617100, 40721100, 49876700, 41255800, 42048800, 40175100, 39736900, 41364400, 41108600, 41168400, 42034600, 42985400] combined_raw=[838100, 795000, 806900, 738600, 793500, 768700, 687200, 783100, 698600, 686300, 693600, 678600, 749400, 628600, 675200] cpp_raw=[724800, 711400, 813600, 576900, 838500, 585000, 842400, 786900, 756900, 1623600, 756200, 684700, 692500, 675600, 845000] public_ns=43165200 bounds_ns=2869400 execute_ns=41364400 combined_ns=738600 cpp_ns=756200 source=a98d88b93a2d4711 result=35d2d67477ff8cf1
case op=convert-ubyte-float w=2048 h=512 layout=negative-both public_raw=[184456200, 168425500, 180649300, 183962300, 175617700, 175600800, 185315000, 183464900, 180646300, 168079800, 163557700, 167964100, 164356000, 165485600, 164471600] bounds_raw=[2914500, 2602800, 2447600, 3705600, 3327500, 2743800, 3154900, 2935000, 2535800, 2662500, 2676700, 2430400, 2488200, 2508400, 2659400] execute_raw=[167235000, 168698900, 181001100, 172604700, 179691100, 176372900, 169155700, 180977100, 161190200, 158297000, 158987900, 163766400, 159548100, 159132900, 158063700] combined_raw=[637300, 477900, 542300, 522900, 822100, 556400, 567100, 694000, 681000, 677900, 445100, 492600, 453800, 475900, 468800] cpp_raw=[142900, 191000, 261700, 164400, 195700, 301600, 154800, 215900, 187300, 173000, 122300, 133200, 126800, 148500, 175700] public_ns=175600800 bounds_ns=2662500 execute_ns=167235000 combined_ns=542300 cpp_ns=173000 source=ae83cf5b1e4efaa5 result=a6f0b1d68eba713d
case op=copy-ubyte w=2048 h=512 layout=universal public_raw=[46357500, 44948900, 40330100, 40598400, 40498400, 41988500, 43348400, 40671600, 41114100, 40536900, 43319800, 42129300, 41649700, 41009400, 40756600] bounds_raw=[2240200, 2437100, 2322000, 2283900, 2301500, 2276100, 2246100, 2276100, 2281000, 2229900, 2417800, 2247900, 2251400, 2332700, 2260300] execute_raw=[42124500, 43956500, 42197100, 41662300, 42098600, 42306200, 43047400, 42954800, 41572900, 46387900, 42367300, 45269400, 41794500, 42355900, 45965900] combined_raw=[3305700, 3315400, 3358300, 3263000, 3319300, 3260600, 3297400, 3317200, 3342900, 3404100, 3341200, 3224100, 3226400, 3646300, 3561900] cpp_raw=[3188400, 3183600, 3222000, 3217900, 3287200, 3197400, 3271600, 3219400, 3430500, 3492200, 3185300, 3195200, 3275000, 3222600, 3185300] public_ns=41114100 bounds_ns=2276100 execute_ns=42355900 combined_ns=3317200 cpp_ns=3219400 source=546dc88cf162767b result=b53972f2ee1fc8cf
case op=copy-float w=2048 h=512 layout=universal public_raw=[41303900, 44280800, 43397900, 45793700, 44781000, 43303200, 41339100, 41849800, 43279700, 41934200, 41679400, 44571000, 43069200, 42875600, 42641500] bounds_raw=[3751800, 2604400, 2803400, 2450800, 2590000, 2962500, 2590400, 2819700, 2737900, 2703800, 2597600, 3041900, 2578200, 2463400, 2552800] execute_raw=[44289800, 45504100, 47464700, 47740600, 45417800, 43149700, 43230700, 43754200, 42585800, 43049100, 50906900, 48355800, 44383200, 44235800, 44168600] combined_raw=[4039700, 3383100, 3162300, 3251800, 3347400, 3067300, 3105200, 3286700, 3193600, 3057400, 4359100, 3085200, 3116700, 3332200, 3196400] cpp_raw=[3654100, 3767500, 3597200, 3915600, 3602500, 4205800, 3760300, 3534500, 3508800, 3713600, 3700700, 3501900, 3685200, 3787700, 3495400] public_ns=43069200 bounds_ns=2604400 execute_ns=44289800 combined_ns=3196400 cpp_ns=3685200 source=4f1036148aacde48 result=1d8ea0b52256e94f
case op=copy-Pod w=2048 h=512 layout=universal public_raw=[49301400, 42389200, 42916300, 43502400, 47324400, 44087600, 45777200, 42059200, 47123600, 44314300, 42182900, 40849600, 42032200, 44964700, 44117200] bounds_raw=[2777900, 2759000, 2553600, 2745800, 2652100, 2588500, 2588600, 2520900, 2494400, 2622700, 2605000, 2567800, 3068200, 2644800, 2555700] execute_raw=[45020000, 48475700, 45068600, 44233300, 44673600, 45183500, 42634500, 42955400, 42636400, 42886500, 42042800, 44495900, 44855000, 42216700, 42927900] combined_raw=[3687900, 3538800, 3626100, 4368200, 3568600, 3630100, 3791700, 3569200, 3797800, 3679300, 3418100, 3535400, 3515000, 3905700, 3672000] cpp_raw=[3823600, 3613800, 4583000, 3623500, 3627800, 3770300, 3817000, 3858700, 3836300, 3689700, 3611300, 3750500, 3529100, 3710100, 4676400] public_ns=44087600 bounds_ns=2605000 execute_ns=44233300 combined_ns=3630100 cpp_ns=3750500 source=196bf4d6cf5eb812 result=fc9731c7256835ba
case op=convert-ubyte-float w=2048 h=512 layout=universal public_raw=[97330900, 95560700, 97035100, 94646100, 95343400, 98015800, 96130600, 98336900, 96126900, 93480500, 96505900, 95764800, 96525600, 94925700, 94111100] bounds_raw=[2429200, 2410400, 2703600, 2396200, 2564900, 2575200, 2469300, 2524600, 2933600, 2481500, 2564700, 2487200, 5093700, 2464400, 2400200] execute_raw=[93456800, 96835800, 94975500, 91343400, 92996900, 103505400, 93339300, 94354700, 97114000, 93887600, 103793000, 98559900, 95179200, 93092800, 96676300] combined_raw=[3408900, 4809300, 3739400, 3471000, 3171200, 3560500, 3140200, 3204300, 3317700, 3055300, 3159200, 3207800, 3403500, 3298500, 3357200] cpp_raw=[657500, 659700, 913900, 699200, 673400, 676000, 672500, 771200, 684000, 673800, 658000, 710400, 673900, 658500, 680700] public_ns=96126900 bounds_ns=2487200 execute_ns=94975500 combined_ns=3317700 cpp_ns=673900 source=546dc88cf162767b result=24fea8e2dff2e94f
case op=copy-ubyte w=2048 h=512 layout=universal-negative public_raw=[43566300, 40833200, 40378300, 41790800, 41620000, 42941700, 40656600, 41047000, 43279800, 42281200, 42612600, 43304700, 43787100, 40770700, 41583500] bounds_raw=[2241700, 2336900, 2359100, 2660600, 3592100, 2346700, 2229900, 2337800, 3161500, 2307800, 2355000, 2250600, 2370700, 2328500, 2234500] execute_raw=[41435400, 41807900, 41013100, 42343400, 42149500, 45163000, 41975500, 42865700, 42523900, 42785300, 43215400, 43378400, 44187200, 44396200, 42454100] combined_raw=[3302300, 3283800, 3241600, 3348000, 3256900, 3312800, 3237500, 3284500, 3231000, 3327800, 3513500, 3325800, 3344100, 4037200, 3252800] cpp_raw=[3268400, 3203100, 3275100, 3170500, 3277900, 3301400, 3346000, 3243600, 3377900, 3299500, 3182600, 3240700, 4401600, 3298900, 3452200] public_ns=41790800 bounds_ns=2337800 execute_ns=42523900 combined_ns=3302300 cpp_ns=3277900 source=46067b9fc62767b result=6220d181b93fc8cf
case op=copy-float w=2048 h=512 layout=universal-negative public_raw=[43170900, 46843900, 39859200, 42383300, 41060100, 42363600, 42364100, 43766000, 42130000, 42103300, 41853200, 43609900, 48297100, 48734400, 42556600] bounds_raw=[2693200, 2497900, 3440900, 2522100, 2535600, 2650200, 3837300, 2544300, 2484400, 2987800, 2800700, 2759000, 3025700, 2565800, 2957500] execute_raw=[42464000, 41822400, 53438900, 44191700, 44951900, 43675400, 50761300, 44114300, 42021900, 42121600, 42986200, 43758500, 43228000, 46348600, 44186600] combined_raw=[3038900, 3198400, 3239900, 3275900, 3156200, 3298400, 3069300, 3076700, 3430600, 3223800, 3058100, 3068400, 3661300, 3580100, 3271000] cpp_raw=[3865400, 3638500, 3536500, 3634700, 3607500, 3885300, 4635600, 4890600, 3748200, 3487100, 3703200, 3548300, 5105600, 3650600, 3647400] public_ns=42383300 bounds_ns=2693200 execute_ns=43758500 combined_ns=3223800 cpp_ns=3650600 source=51109e231b84de48 result=d2e235024092e94f
case op=copy-Pod w=2048 h=512 layout=universal-negative public_raw=[44592000, 44323000, 49006700, 43230200, 42938100, 42881000, 43066400, 43847600, 41830100, 41323300, 43618800, 43151400, 42816200, 41507000, 42873500] bounds_raw=[2829500, 3577400, 2724900, 2519700, 2496000, 2559800, 2539800, 2524600, 2699200, 2584500, 2509200, 2628100, 2864200, 2663700, 2699800] execute_raw=[43856600, 46208800, 45016700, 45910300, 44915500, 42708100, 42715800, 42747300, 43202800, 43062400, 43059600, 42901700, 44871900, 43568800, 43698300] combined_raw=[5176700, 3990000, 3460100, 3880400, 3582600, 3538100, 3477700, 4495100, 3609300, 3642800, 3434700, 3531800, 3452100, 3682900, 4083900] cpp_raw=[4545400, 3652100, 3847600, 3838100, 4257000, 3655000, 4540900, 3625000, 3592300, 3783400, 3650300, 3743500, 4112300, 3748100, 3538500] public_ns=43066400 bounds_ns=2628100 execute_ns=43568800 combined_ns=3609300 cpp_ns=3748100 source=e1be015f3a91b812 result=17fc2f38b61735ba
case op=convert-ubyte-float w=2048 h=512 layout=universal-negative public_raw=[100677400, 102651600, 102660000, 103300500, 105418500, 99322900, 100572800, 100998400, 100879400, 98604600, 103130900, 109213900, 98186400, 104048100, 96877400] bounds_raw=[2434200, 2639500, 2951500, 2532800, 3806700, 2673400, 3714000, 2427400, 2537000, 2427300, 2972800, 2799800, 2517200, 2458100, 2689000] execute_raw=[100731900, 100533300, 100168900, 106235700, 100523200, 102582200, 108415300, 101048300, 104362400, 98913200, 102904600, 117189100, 100790900, 101902400, 100026900] combined_raw=[4521500, 3411700, 3337000, 3359500, 3104600, 3214800, 3425500, 3057600, 3147300, 3623700, 3305800, 3688600, 3188600, 3304600, 3320700] cpp_raw=[660500, 684700, 839100, 878500, 677000, 1235500, 921400, 764500, 913000, 673500, 834700, 661200, 733700, 1403700, 700200] public_ns=100998400 bounds_ns=2639500 execute_ns=101048300 combined_ns=3320700 cpp_ns=764500 source=46067b9fc62767b result=940c5552cb46e94f
case op=copy-ubyte w=2048 h=512 layout=repeated-source public_raw=[47558500, 61882900, 45958200, 45230100, 44570700, 46786100, 42918900, 42958700, 58168100, 42416000, 45079400, 54512000, 45217700, 46722900, 42104900] bounds_raw=[2760800, 4142000, 2601900, 2564800, 2415300, 2512500, 2671100, 2289400, 2325000, 2301700, 2235100, 2402200, 2326700, 2406400, 2503400] execute_raw=[50912400, 46560600, 48780800, 42964500, 51824700, 47737300, 43418200, 44540500, 40115600, 39128600, 42758700, 44594800, 39601600, 56258700, 44370500] combined_raw=[20900, 19900, 20000, 92400, 19500, 20200, 19900, 19500, 21300, 53700, 19400, 19600, 19500, 224900, 20100] cpp_raw=[13100, 13600, 13100, 13100, 13400, 13300, 13100, 13200, 13200, 38900, 13300, 13100, 13500, 13100, 13600] public_ns=45230100 bounds_ns=2415300 execute_ns=44540500 combined_ns=20000 cpp_ns=13200 source=6e453727bce9f2a5 result=824b457e72415e3d
case op=copy-float w=2048 h=512 layout=repeated-source public_raw=[43131600, 45379300, 43227600, 41525200, 45072000, 41351500, 45379000, 43834700, 43381300, 49410100, 45256100, 47866000, 53016800, 52623400, 45350000] bounds_raw=[2884600, 2784400, 2556500, 2477300, 2752800, 2484200, 4001100, 2923900, 2484500, 2568500, 2947500, 2532000, 3018700, 2426100, 2609400] execute_raw=[44451400, 43927900, 39452400, 41052500, 42100700, 40225300, 41778700, 45640700, 42164400, 43480000, 42337200, 42662100, 46838900, 45936500, 52105400] combined_raw=[63100, 75600, 62900, 61700, 63300, 88600, 64200, 98500, 62200, 63600, 65000, 94100, 61800, 63000, 198800] cpp_raw=[58500, 59400, 58400, 89800, 60700, 92700, 58700, 58100, 59000, 59200, 58900, 62300, 60100, 58800, 59600] public_ns=45256100 bounds_ns=2609400 execute_ns=42662100 combined_ns=63600 cpp_ns=59200 source=1890cde25c8499ab result=7e1f3007cb46713d
case op=copy-Pod w=2048 h=512 layout=repeated-source public_raw=[45719800, 41816300, 41368300, 43769200, 42595200, 40740500, 41939000, 40448500, 41405500, 42657900, 42461300, 40856900, 41454600, 43258800, 42267700] bounds_raw=[2898200, 3238900, 2615700, 2438500, 2440900, 2483600, 2549300, 2658000, 2425800, 2497200, 2458000, 2533300, 3322900, 2765100, 2595500] execute_raw=[44038000, 40289400, 41243600, 39381800, 38859900, 39546300, 40832400, 39991600, 39253400, 42738500, 40809900, 39213800, 41036400, 39204400, 39817200] combined_raw=[297000, 143600, 134700, 136700, 134700, 155700, 146400, 132300, 134400, 147100, 131300, 149200, 138000, 134400, 134400] cpp_raw=[301400, 136400, 194200, 182400, 216500, 131600, 146100, 145300, 156600, 145600, 169600, 135200, 168900, 152500, 155700] public_ns=41939000 bounds_ns=2549300 execute_ns=39991600 combined_ns=136700 cpp_ns=155700 source=20f0ed2a5964e151 result=29ff1e71f7668cf1
case op=convert-ubyte-float w=2048 h=512 layout=repeated-source public_raw=[159019700, 162088700, 166617800, 161274300, 176925700, 161589200, 172737300, 169103300, 168541000, 165436600, 171766000, 172764300, 168488300, 166590700, 191270500] bounds_raw=[2485200, 2423800, 2411100, 2386400, 2465600, 2479800, 2547300, 2391900, 2658000, 2364200, 2701400, 2820200, 2605100, 2781700, 2584900] execute_raw=[163991000, 153729000, 160456100, 171381800, 157670800, 161474100, 168288900, 165562200, 166845800, 163739700, 170523900, 165891500, 168497400, 170733800, 163928200] combined_raw=[92500, 92700, 92600, 92000, 92500, 429900, 284600, 93000, 92500, 221500, 226900, 223500, 224000, 244000, 223800] cpp_raw=[85400, 97500, 85500, 85500, 86400, 85800, 97100, 85400, 86200, 86600, 236700, 97200, 97400, 97000, 97000] public_ns=168488300 bounds_ns=2485200 execute_ns=165562200 combined_ns=221500 cpp_ns=86600 source=6e453727bce9f2a5 result=a6f0b1d68eba713d
case op=copy-ubyte w=2048 h=512 layout=zero-source public_raw=[11584100, 11485000, 12514900, 11456400, 11451700, 11272800, 11716500, 11101000, 11360700, 11446500, 11525400, 12596400, 11605100, 11275800, 13388500] bounds_raw=[2432900, 2226500, 2445300, 3464400, 2230700, 2316500, 2294800, 2272700, 2255100, 2293300, 2223000, 2238400, 2429000, 2506000, 2524600] execute_raw=[12178700, 12312200, 12395800, 12579600, 12494700, 12561600, 12852100, 12540200, 13291800, 12595800, 12480100, 12809400, 13453600, 12878700, 13530300] combined_raw=[3533100, 4140600, 3416600, 3432500, 3200100, 5010900, 3240300, 3353500, 3552600, 3233900, 3335300, 3408600, 3347300, 3363200, 3518900] cpp_raw=[3244600, 3388200, 3272500, 3276000, 3305300, 3440300, 3382300, 3205800, 3339500, 3190200, 3181200, 3179900, 3234100, 3287300, 3620300] public_ns=11485000 bounds_ns=2294800 execute_ns=12579600 combined_ns=3408600 cpp_ns=3276000 source=ea3b47c803d61b61 result=f48fba1f72215e3d
case op=copy-float w=2048 h=512 layout=zero-source public_raw=[12123000, 12558200, 14910400, 12534700, 13600100, 11650800, 12392800, 13703200, 14798900, 11350100, 11970300, 11394200, 13036600, 17264100, 11762100] bounds_raw=[2903600, 4073100, 2574100, 3521500, 2687800, 2457500, 2465500, 3218100, 2431900, 2507400, 2506600, 2804200, 2548100, 2544100, 2962500] execute_raw=[13056200, 12740300, 12800500, 17224600, 15608500, 13248900, 12407100, 15152500, 12344900, 12424700, 11800700, 12902500, 12133300, 13336700, 12569800] combined_raw=[4424800, 3439100, 4165200, 3080700, 3339500, 3716300, 3809900, 3537800, 4396000, 3184500, 3317000, 3411800, 3507200, 3188000, 3013600] cpp_raw=[3720700, 3695000, 5134400, 3958600, 4458400, 3791500, 3712200, 4829700, 4720700, 3545200, 3833800, 3557200, 3784700, 4102300, 3789500] public_ns=12534700 bounds_ns=2574100 execute_ns=12800500 combined_ns=3439100 cpp_ns=3791500 source=3ee659a586185a17 result=3010c258495a713d
case op=copy-Pod w=2048 h=512 layout=zero-source public_raw=[11773700, 11541900, 12128100, 14012200, 11771100, 11427000, 12970900, 11338100, 11434000, 11891000, 11615100, 12030700, 12878000, 16061500, 12130900] bounds_raw=[2436700, 2569900, 2415600, 2604600, 2491800, 2882000, 2400600, 2444300, 2472200, 2725000, 2405500, 2430200, 5200400, 5574200, 2397100] execute_raw=[12639500, 13294300, 12515700, 12841400, 15049900, 12372000, 13907300, 15939200, 12866100, 12314700, 12517700, 14966800, 12872200, 13587300, 13410500] combined_raw=[4281400, 3327100, 3334100, 3343700, 3584400, 3346600, 4327500, 3461400, 3369000, 3609800, 29291300, 4396800, 3481600, 3473100, 3591600] cpp_raw=[3724400, 3493400, 3483100, 3551000, 3606600, 3490000, 4944400, 4466600, 3672900, 3683100, 3569900, 4150600, 3484300, 4156900, 3824500] public_ns=11891000 bounds_ns=2472200 execute_ns=12872200 combined_ns=3481600 cpp_ns=3672900 source=10734a11a61fbe06 result=14eb8df45bd38cf1
case op=convert-ubyte-float w=2048 h=512 layout=zero-source public_raw=[34609600, 34370300, 36941900, 34402500, 31763000, 33265600, 29503200, 29154300, 36818500, 32710900, 29951100, 28671700, 30199700, 29920400, 28912400] bounds_raw=[3037200, 2410000, 5312600, 4892400, 4629600, 3352300, 2384700, 2474500, 3228700, 2433000, 2952700, 2391000, 2387000, 2396700, 2390100] execute_raw=[34672600, 33123300, 38356400, 31786500, 30482500, 30707100, 27895600, 29304900, 31727900, 29400700, 30250100, 27962300, 28985900, 27992500, 29144200] combined_raw=[3215100, 3167500, 3314400, 3696800, 3238500, 3061500, 3125800, 3435900, 3159100, 3233500, 3072500, 3259900, 3121100, 4846300, 3108100] cpp_raw=[673700, 867000, 765800, 1033500, 868400, 670100, 656800, 669700, 669000, 668600, 714500, 700300, 699800, 745500, 656600] public_ns=31763000 bounds_ns=2474500 execute_ns=30250100 combined_ns=3215100 cpp_ns=699800 source=ea3b47c803d61b61 result=1ea1c940ba66713d
m3_copy_conversion_candidates PASS cases=96 sink=3470652223959823994
