contracts PASS four-public-paths four-operations invalid/shape/noninjective/overlap/empty/no-write shared-disjoint
semantic PASS cases=32 bitwise-copy all256-conversion source-padding
case op=copy-ubyte w=31 h=17 layout=contiguous public_raw=[0, 0, 0, 0, 0, 0, 0, 0, 0, 0, 0, 0, 0, 0, 0] bounds_raw=[0, 0, 0, 0, 0, 0, 0, 0, 0, 0, 0, 0, 0, 0, 0] execute_raw=[0, 0, 0, 0, 0, 0, 0, 0, 0, 0, 0, 0, 0, 0, 0] combined_raw=[0, 0, 0, 0, 0, 0, 0, 0, 0, 0, 0, 0, 0, 0, 0] cpp_raw=[0, 0, 0, 0, 0, 0, 0, 0, 0, 0, 0, 0, 0, 0, 0] public_ns=0 bounds_ns=0 execute_ns=0 combined_ns=0 cpp_ns=0 source=e1cb0bb018788cd9 result=6b280f993832c319
case op=copy-float w=31 h=17 layout=contiguous public_raw=[0, 0, 0, 0, 0, 0, 0, 0, 0, 0, 0, 0, 0, 0, 0] bounds_raw=[0, 0, 0, 0, 0, 0, 0, 0, 0, 0, 0, 0, 0, 0, 0] execute_raw=[0, 0, 0, 0, 0, 0, 0, 0, 0, 0, 0, 0, 0, 0, 0] combined_raw=[0, 0, 0, 0, 0, 0, 0, 0, 0, 0, 0, 0, 0, 0, 0] cpp_raw=[0, 0, 0, 0, 0, 0, 0, 0, 0, 0, 0, 0, 0, 0, 0] public_ns=0 bounds_ns=0 execute_ns=0 combined_ns=0 cpp_ns=0 source=6128204049c0da83 result=264b3169180ebd4b
case op=copy-Pod w=31 h=17 layout=contiguous public_raw=[100, 100, 100, 100, 100, 0, 100, 0, 100, 0, 0, 100, 100, 100, 100] bounds_raw=[100, 100, 0, 100, 100, 0, 100, 0, 100, 0, 100, 0, 100, 0, 100] execute_raw=[100, 100, 100, 0, 100, 100, 0, 100, 0, 100, 100, 100, 0, 0, 100] combined_raw=[100, 100, 100, 0, 100, 0, 100, 0, 100, 100, 0, 0, 0, 0, 100] cpp_raw=[100, 100, 100, 100, 100, 100, 100, 100, 100, 100, 100, 100, 100, 100, 100] public_ns=100 bounds_ns=100 execute_ns=100 combined_ns=100 cpp_ns=100 source=db360484f487691a result=968b62c61598975a
case op=convert-ubyte-float w=31 h=17 layout=contiguous public_raw=[2000, 2000, 2100, 2000, 2000, 2000, 2000, 2000, 2000, 2000, 2000, 2000, 2000, 2100, 2000] bounds_raw=[2000, 2000, 2000, 2000, 2000, 2000, 2000, 2000, 2000, 2000, 2000, 2000, 2000, 2000, 2000] execute_raw=[100, 100, 100, 100, 100, 100, 100, 100, 100, 100, 100, 100, 100, 100, 100] combined_raw=[100, 100, 100, 100, 100, 100, 100, 100, 100, 100, 100, 100, 100, 100, 100] cpp_raw=[100, 100, 100, 100, 100, 100, 100, 100, 100, 100, 100, 100, 100, 100, 100] public_ns=2000 bounds_ns=2000 execute_ns=100 combined_ns=100 cpp_ns=100 source=e1cb0bb018788cd9 result=1bb7b2c2179a648f
case op=copy-ubyte w=31 h=17 layout=padded public_raw=[41500, 41600, 41500, 41500, 41500, 41500, 41500, 41500, 41500, 41600, 41500, 41400, 41400, 41400, 41400] bounds_raw=[1100, 1300, 1100, 1100, 1100, 1100, 1100, 1100, 1100, 1200, 1100, 1100, 1100, 1100, 1100] execute_raw=[943900, 40800, 40600, 40600, 40600, 40600, 40600, 40600, 134300, 40500, 40500, 40500, 40500, 40500, 40600] combined_raw=[600, 200, 200, 200, 200, 200, 200, 200, 200, 300, 200, 200, 200, 200, 200] cpp_raw=[100, 0, 0, 0, 0, 0, 0, 0, 0, 0, 0, 0, 0, 0, 0] public_ns=41500 bounds_ns=1100 execute_ns=40600 combined_ns=200 cpp_ns=0 source=4d0b0939d89e40d9 result=5f21f5ea6035ff19
case op=copy-float w=31 h=17 layout=padded public_raw=[61700, 41600, 41600, 41500, 41500, 41500, 41500, 41500, 41500, 41500, 57700, 41500, 41500, 41500, 41500] bounds_raw=[1200, 1100, 1200, 1100, 1100, 1100, 1100, 1100, 1200, 1100, 1200, 1200, 1200, 1200, 1100] execute_raw=[40800, 40600, 40600, 40600, 40600, 40600, 40600, 40600, 40600, 40600, 40700, 40600, 40600, 40600, 40600] combined_raw=[300, 200, 200, 200, 200, 200, 200, 200, 200, 200, 300, 200, 200, 200, 200] cpp_raw=[100, 0, 0, 0, 0, 0, 0, 0, 0, 0, 100, 0, 0, 0, 0] public_ns=41500 bounds_ns=1100 execute_ns=40600 combined_ns=200 cpp_ns=0 source=ebb5b7eaf5f43283 result=3851810ac565964b
case op=copy-Pod w=31 h=17 layout=padded public_raw=[41600, 41700, 41600, 41600, 41600, 41600, 41600, 41600, 41600, 41700, 41600, 41600, 41600, 41700, 41600] bounds_raw=[1200, 1200, 1300, 1300, 1200, 1200, 1200, 1200, 1200, 1400, 1200, 1200, 1200, 1200, 1200] execute_raw=[40600, 59200, 40800, 40600, 40600, 40600, 40600, 40600, 167300, 40600, 40600, 40600, 40600, 40600, 40600] combined_raw=[300, 300, 300, 300, 300, 300, 300, 300, 300, 300, 300, 300, 300, 300, 300] cpp_raw=[100, 0, 0, 100, 100, 100, 0, 0, 100, 100, 0, 100, 0, 0, 0] public_ns=41600 bounds_ns=1200 execute_ns=40600 combined_ns=300 cpp_ns=0 source=b28d4f242a91b51a result=7438cdf3ee88135a
case op=convert-ubyte-float w=31 h=17 layout=padded public_raw=[162800, 162700, 162700, 162700, 162200, 162000, 162800, 162700, 162800, 184600, 162500, 162500, 163000, 163000, 163000] bounds_raw=[1200, 1200, 1200, 1200, 1300, 1200, 1200, 1300, 1200, 1300, 1300, 1200, 1300, 1200, 1200] execute_raw=[177300, 161600, 163800, 287400, 160100, 160100, 221900, 160200, 160200, 160500, 160400, 160400, 176200, 160200, 189100] combined_raw=[200, 100, 200, 100, 300, 100, 300, 100, 100, 200, 100, 100, 300, 100, 200] cpp_raw=[100, 100, 100, 100, 100, 100, 100, 100, 100, 100, 100, 100, 100, 100, 100] public_ns=162700 bounds_ns=1200 execute_ns=160500 combined_ns=100 cpp_ns=100 source=4d0b0939d89e40d9 result=5a1bf5670dd4dc8f
case op=copy-ubyte w=31 h=17 layout=negative-source public_raw=[41500, 41500, 41400, 41400, 41400, 41500, 41500, 129800, 41400, 41300, 41300, 41300, 41300, 41300, 41300] bounds_raw=[1100, 1100, 1100, 1100, 1100, 1100, 1100, 1200, 1100, 1100, 1100, 1100, 1100, 1100, 1100] execute_raw=[40600, 40600, 40600, 40600, 40500, 40500, 40500, 40600, 40500, 40400, 40400, 40400, 40400, 40400, 40400] combined_raw=[200, 200, 200, 200, 200, 200, 200, 200, 300, 200, 200, 200, 200, 200, 200] cpp_raw=[0, 0, 0, 0, 0, 0, 0, 0, 0, 0, 0, 0, 0, 0, 0] public_ns=41400 bounds_ns=1100 execute_ns=40500 combined_ns=200 cpp_ns=0 source=1218578f96e3de39 result=5f21f5ea6035ff19
case op=copy-float w=31 h=17 layout=negative-source public_raw=[62700, 41500, 41500, 41500, 41600, 41600, 41500, 41600, 41600, 41600, 54200, 41500, 41600, 41500, 41500] bounds_raw=[1300, 1100, 1200, 1200, 1100, 1100, 1100, 1200, 1200, 1200, 1400, 1100, 1100, 1200, 1200] execute_raw=[40600, 40600, 40500, 40600, 40600, 41200, 40600, 40600, 40500, 40600, 40600, 40600, 40500, 40500, 40500] combined_raw=[300, 200, 200, 200, 200, 200, 200, 200, 200, 200, 200, 200, 200, 200, 200] cpp_raw=[0, 0, 0, 0, 0, 0, 0, 0, 0, 0, 0, 0, 0, 0, 0] public_ns=41600 bounds_ns=1200 execute_ns=40600 combined_ns=200 cpp_ns=0 source=d55c0938ea65990b result=3851810ac565964b
case op=copy-Pod w=31 h=17 layout=negative-source public_raw=[41600, 41700, 41500, 41600, 41600, 41500, 41600, 41500, 41600, 41600, 41500, 41600, 41600, 41600, 41700] bounds_raw=[1200, 1200, 1300, 1200, 1200, 1200, 1200, 1200, 1200, 1400, 1200, 1200, 1200, 1200, 1200] execute_raw=[40600, 56700, 40700, 40700, 40600, 40600, 40700, 40600, 105400, 40600, 40500, 40700, 40600, 40600, 40700] combined_raw=[300, 300, 300, 300, 300, 300, 300, 300, 300, 300, 300, 300, 300, 300, 300] cpp_raw=[0, 100, 0, 0, 100, 100, 100, 100, 0, 100, 100, 0, 100, 0, 100] public_ns=41600 bounds_ns=1200 execute_ns=40600 combined_ns=300 cpp_ns=100 source=4cb52a65f8334f3a result=7438cdf3ee88135a
case op=convert-ubyte-float w=31 h=17 layout=negative-source public_raw=[162900, 162100, 162000, 162100, 175800, 162100, 173500, 162000, 162000, 162000, 162100, 162300, 173600, 161900, 161900] bounds_raw=[1200, 1200, 1300, 1200, 1300, 1200, 1200, 1200, 1200, 1200, 1200, 1200, 1300, 1200, 1200] execute_raw=[160200, 172500, 160100, 175800, 161200, 160200, 160200, 160300, 160100, 175400, 160500, 160500, 160500, 160400, 160300] combined_raw=[300, 400, 300, 200, 400, 800, 200, 400, 200, 300, 200, 200, 200, 300, 200] cpp_raw=[100, 100, 100, 100, 100, 100, 100, 100, 100, 100, 100, 100, 100, 100, 100] public_ns=162100 bounds_ns=1200 execute_ns=160400 combined_ns=300 cpp_ns=100 source=1218578f96e3de39 result=5a1bf5670dd4dc8f
case op=copy-ubyte w=31 h=17 layout=negative-both public_raw=[56200, 41300, 41300, 41300, 41300, 41300, 41300, 41300, 52100, 41500, 52700, 41400, 41400, 41400, 41400] bounds_raw=[1200, 1200, 1100, 1100, 1100, 1100, 1100, 1100, 1100, 1100, 1100, 1100, 1100, 1100, 1100] execute_raw=[40500, 40400, 40500, 40400, 40400, 40400, 40400, 40400, 40700, 40600, 40500, 40500, 40500, 40500, 40500] combined_raw=[200, 200, 400, 200, 200, 200, 200, 200, 200, 200, 200, 200, 200, 200, 200] cpp_raw=[100, 0, 200, 0, 0, 0, 0, 0, 0, 0, 0, 0, 0, 0, 0] public_ns=41400 bounds_ns=1100 execute_ns=40500 combined_ns=200 cpp_ns=0 source=1218578f96e3de39 result=14b2232dcdfde519
case op=copy-float w=31 h=17 layout=negative-both public_raw=[41400, 41400, 41300, 41500, 41500, 41500, 41500, 41500, 41500, 41500, 41500, 41500, 41500, 54600, 41500] bounds_raw=[1200, 1200, 1200, 1100, 1200, 1200, 1100, 1200, 1100, 1300, 1200, 1200, 1200, 1300, 1100] execute_raw=[40400, 40500, 40500, 40500, 40500, 40500, 40500, 40500, 40500, 40500, 40500, 40500, 40500, 40600, 40500] combined_raw=[200, 200, 200, 200, 200, 200, 200, 200, 200, 200, 200, 200, 200, 200, 300] cpp_raw=[0, 0, 0, 0, 0, 0, 0, 0, 0, 0, 0, 0, 0, 0, 0] public_ns=41500 bounds_ns=1200 execute_ns=40500 combined_ns=200 cpp_ns=0 source=d55c0938ea65990b result=88af284ef50a9e03
case op=copy-Pod w=31 h=17 layout=negative-both public_raw=[41500, 42900, 41300, 57400, 41700, 41400, 41400, 41400, 41500, 41500, 41400, 41500, 41500, 41400, 41900] bounds_raw=[1200, 1200, 1200, 1200, 1300, 1200, 1200, 1200, 1200, 1200, 1200, 1200, 1200, 1200, 1200] execute_raw=[40500, 40500, 40600, 53100, 40600, 40400, 40400, 40600, 40500, 40500, 40500, 52600, 40500, 40500, 40500] combined_raw=[300, 300, 300, 300, 300, 300, 300, 300, 300, 300, 300, 400, 300, 300, 300] cpp_raw=[100, 0, 0, 100, 100, 100, 0, 0, 0, 0, 100, 0, 100, 0, 0] public_ns=41500 bounds_ns=1200 execute_ns=40500 combined_ns=300 cpp_ns=0 source=4cb52a65f8334f3a result=ba5b3439bff1663a
case op=convert-ubyte-float w=31 h=17 layout=negative-both public_raw=[162000, 161900, 162000, 161900, 161900, 174600, 162200, 162400, 174100, 162000, 162000, 162100, 162000, 162000, 162000] bounds_raw=[1200, 1200, 1200, 1200, 1200, 1300, 1200, 1600, 1300, 1200, 1200, 1200, 1200, 1200, 1300] execute_raw=[160600, 160600, 174400, 160300, 178000, 160300, 160000, 160000, 160100, 160100, 173100, 160500, 160400, 172500, 160600] combined_raw=[300, 200, 300, 300, 300, 300, 700, 300, 200, 400, 300, 200, 300, 200, 300] cpp_raw=[100, 100, 100, 100, 100, 100, 400, 100, 100, 100, 100, 100, 100, 100, 100] public_ns=162000 bounds_ns=1200 execute_ns=160500 combined_ns=300 cpp_ns=100 source=1218578f96e3de39 result=a84d7158b568dc8f
case op=copy-ubyte w=31 h=17 layout=universal public_raw=[41400, 41400, 57500, 54700, 41400, 41400, 41400, 41400, 41400, 41500, 41400, 41400, 41600, 41500, 41500] bounds_raw=[1100, 1100, 1200, 1100, 1100, 1100, 1100, 1100, 1100, 1100, 1100, 1100, 1200, 1100, 1100] execute_raw=[41900, 41900, 41900, 42000, 41900, 41900, 41900, 42000, 41900, 41900, 41900, 41900, 41900, 42000, 42000] combined_raw=[1600, 1600, 1600, 1600, 1600, 1600, 1600, 1600, 1600, 1600, 1600, 1600, 1600, 1600, 1600] cpp_raw=[1700, 1700, 1700, 1700, 1700, 1700, 1700, 1700, 1700, 1700, 1700, 1700, 1700, 1700, 1700] public_ns=41400 bounds_ns=1100 execute_ns=41900 combined_ns=1600 cpp_ns=1700 source=104e8d8f8fae3401 result=94a85d26ce182761
case op=copy-float w=31 h=17 layout=universal public_raw=[41500, 41500, 41400, 41500, 53800, 41600, 41500, 41400, 41500, 41500, 41500, 41500, 69600, 41500, 41400] bounds_raw=[1200, 1100, 1100, 1100, 1200, 1300, 1100, 1100, 1100, 1100, 1200, 1200, 1500, 1100, 1100] execute_raw=[41800, 41800, 41800, 41800, 115500, 41800, 41800, 41800, 41700, 41700, 41800, 41700, 41800, 41900, 41800] combined_raw=[1500, 1500, 1500, 1500, 1600, 1500, 1500, 1500, 1500, 1500, 1500, 1500, 1500, 1500, 1500] cpp_raw=[1700, 1700, 1700, 1700, 1700, 1800, 1700, 1700, 1700, 1700, 1700, 1700, 1700, 1700, 1700] public_ns=41500 bounds_ns=1100 execute_ns=41800 combined_ns=1500 cpp_ns=1700 source=48f4c2fdc1746a4f result=d2f02840ab86d547
case op=copy-Pod w=31 h=17 layout=universal public_raw=[41600, 41600, 41500, 41500, 41600, 41500, 41500, 41600, 41500, 41500, 41500, 41500, 41500, 41600, 41500] bounds_raw=[1300, 1700, 1200, 1200, 1200, 1200, 1200, 1200, 1200, 1200, 1200, 1200, 1200, 1300, 1200] execute_raw=[59800, 42100, 42000, 42000, 41900, 42000, 42000, 42000, 42000, 42200, 42000, 42000, 41900, 42100, 222600] combined_raw=[1700, 1700, 1700, 1700, 1600, 1600, 1600, 1800, 1700, 1600, 1700, 1700, 1700, 1600, 1900] cpp_raw=[1700, 1700, 1700, 1700, 1700, 1700, 1700, 1700, 1700, 1700, 1700, 1700, 1700, 1700, 1700] public_ns=41500 bounds_ns=1200 execute_ns=42000 combined_ns=1700 cpp_ns=1700 source=a443bfcbbed0823e result=e7d6d6f5c5dc3c8e
case op=convert-ubyte-float w=31 h=17 layout=universal public_raw=[95200, 95200, 95200, 95200, 96400, 153700, 97000, 96900, 117700, 97200, 97100, 97200, 97100, 97000, 97000] bounds_raw=[1200, 1200, 1200, 1200, 1400, 1300, 1200, 1200, 1300, 1200, 1200, 1200, 1300, 1200, 1200] execute_raw=[94700, 94800, 94800, 130400, 95400, 96500, 96200, 96200, 96500, 96400, 143600, 96500, 136900, 96500, 96500] combined_raw=[1600, 1500, 1500, 1500, 1600, 1600, 1500, 1500, 1500, 1600, 1500, 1500, 1500, 1500, 1500] cpp_raw=[300, 300, 300, 300, 300, 400, 300, 300, 300, 300, 300, 300, 300, 300, 300] public_ns=97000 bounds_ns=1200 execute_ns=96500 combined_ns=1500 cpp_ns=300 source=104e8d8f8fae3401 result=91affb8b2dfc4eb7
case op=copy-ubyte w=31 h=17 layout=universal-negative public_raw=[40700, 40700, 40700, 40700, 40700, 40700, 40800, 40700, 40700, 40700, 58100, 40900, 40800, 40800, 40800] bounds_raw=[1200, 1100, 1200, 1100, 1100, 1100, 1100, 1100, 1100, 1100, 1300, 1100, 1100, 1100, 1100] execute_raw=[41200, 58000, 41200, 41100, 41100, 43700, 41200, 41200, 41200, 41200, 52900, 41300, 41300, 41300, 41300] combined_raw=[1600, 1600, 1600, 1600, 1600, 1600, 1600, 1600, 1600, 1600, 1800, 1600, 1600, 1600, 1600] cpp_raw=[1600, 1600, 1600, 1600, 1600, 1600, 1600, 1600, 1600, 1600, 1600, 1600, 1600, 1600, 1600] public_ns=40700 bounds_ns=1100 execute_ns=41200 combined_ns=1600 cpp_ns=1600 source=705335b9cf6847c1 result=2bfddff94a971f61
case op=copy-float w=31 h=17 layout=universal-negative public_raw=[40700, 40800, 54500, 41000, 41000, 41000, 41000, 40900, 41000, 41000, 41000, 56000, 40700, 96400, 40700] bounds_raw=[1200, 1200, 1300, 1400, 1100, 1200, 1200, 1200, 1200, 1200, 1200, 1200, 1200, 1200, 1100] execute_raw=[41100, 41000, 41000, 41400, 41200, 41200, 41200, 41200, 41200, 41200, 41200, 41200, 41000, 41000, 40900] combined_raw=[1500, 1500, 1500, 1500, 1500, 1500, 1500, 1500, 1500, 1500, 1500, 1500, 1600, 1500, 1600] cpp_raw=[1700, 1700, 1700, 1700, 2000, 1700, 1700, 1700, 1700, 1700, 1700, 1700, 1700, 1700, 1800] public_ns=41000 bounds_ns=1200 execute_ns=41200 combined_ns=1500 cpp_ns=1700 source=eada538057fb86ef result=faa4d5eeeda68847
case op=copy-Pod w=31 h=17 layout=universal-negative public_raw=[40800, 41200, 40800, 40900, 40800, 40800, 40900, 41100, 40900, 40700, 40800, 41100, 40800, 41000, 41000] bounds_raw=[1300, 1300, 1300, 1300, 1300, 1300, 1300, 1400, 1300, 1300, 1300, 1300, 1300, 1400, 1300] execute_raw=[41300, 41300, 41300, 41300, 41400, 41500, 41300, 57800, 41400, 41200, 41300, 41400, 41200, 41400, 41400] combined_raw=[1800, 2500, 1700, 1700, 1800, 1700, 1800, 1900, 1800, 1700, 1700, 1700, 1800, 1800, 1800] cpp_raw=[1700, 1700, 1700, 1700, 1700, 1700, 1700, 1700, 1700, 1700, 1700, 1700, 1700, 1700, 1800] public_ns=40900 bounds_ns=1300 execute_ns=41300 combined_ns=1800 cpp_ns=1700 source=7483a89971f477de result=c1c9f074f82c752e
case op=convert-ubyte-float w=31 h=17 layout=universal-negative public_raw=[97600, 97500, 97400, 97400, 313400, 99500, 99400, 99300, 99300, 112000, 99600, 99600, 99500, 99500, 99700] bounds_raw=[1200, 1200, 1300, 1200, 1300, 1300, 1200, 1200, 1200, 1300, 1200, 1200, 1200, 1200, 1300] execute_raw=[96900, 108700, 97100, 97000, 123200, 98800, 98800, 98800, 115600, 99400, 99200, 99200, 99200, 110800, 172300] combined_raw=[1500, 1700, 1600, 1500, 1700, 1500, 1500, 1500, 1500, 1600, 1500, 1500, 1500, 1500, 1600] cpp_raw=[300, 300, 300, 300, 300, 400, 300, 300, 300, 300, 300, 300, 300, 300, 300] public_ns=99500 bounds_ns=1200 execute_ns=99200 combined_ns=1500 cpp_ns=300 source=705335b9cf6847c1 result=6cdfcfcdfb5c4eb7
case op=copy-ubyte w=31 h=17 layout=repeated-source public_raw=[41400, 41400, 41400, 41400, 80900, 41400, 41400, 41400, 41400, 41400, 41800, 41600, 41600, 41600, 62300] bounds_raw=[1100, 1100, 1100, 1100, 1200, 1100, 1100, 1100, 1100, 1100, 1200, 1100, 1100, 1100, 1600] execute_raw=[40500, 40500, 40500, 40500, 40600, 40500, 40500, 40500, 40500, 45000, 40800, 40800, 40700, 40800, 51900] combined_raw=[200, 200, 200, 200, 300, 200, 200, 200, 200, 300, 200, 200, 200, 200, 200] cpp_raw=[100, 0, 0, 0, 0, 100, 0, 0, 0, 0, 0, 0, 0, 0, 0] public_ns=41400 bounds_ns=1100 execute_ns=40500 combined_ns=200 cpp_ns=0 source=e456631d381264c9 result=79abf60b12593ba9
case op=copy-float w=31 h=17 layout=repeated-source public_raw=[41200, 41100, 41000, 41100, 41100, 41400, 58700, 41600, 41500, 41500, 41500, 41500, 41400, 41500, 41500] bounds_raw=[1300, 1300, 1200, 1200, 1200, 1200, 1300, 1200, 1100, 1100, 1200, 1200, 1200, 1100, 1100] execute_raw=[40100, 40100, 40100, 40100, 40400, 40800, 40500, 53300, 40500, 40500, 40500, 40500, 40500, 40500, 40500] combined_raw=[200, 200, 200, 200, 200, 200, 200, 300, 200, 200, 200, 200, 200, 200, 200] cpp_raw=[0, 0, 0, 0, 0, 0, 0, 0, 0, 0, 0, 0, 0, 0, 0] public_ns=41500 bounds_ns=1200 execute_ns=40500 combined_ns=200 cpp_ns=0 source=187f646e4a13563f result=adddf47c9b74a697
case op=copy-Pod w=31 h=17 layout=repeated-source public_raw=[53700, 41500, 41500, 41500, 41500, 41500, 41500, 41500, 41500, 53700, 41500, 41500, 41500, 41500, 41500] bounds_raw=[1200, 1200, 1200, 1200, 1200, 1200, 1200, 1200, 1200, 1200, 1200, 1200, 1200, 1200, 1200] execute_raw=[40600, 40600, 40600, 40600, 40600, 40600, 40700, 40600, 40600, 40700, 40600, 40600, 40600, 40600, 40600] combined_raw=[300, 300, 300, 300, 300, 300, 300, 300, 300, 300, 300, 300, 300, 300, 300] cpp_raw=[100, 100, 100, 100, 100, 100, 100, 100, 100, 100, 100, 0, 100, 100, 0] public_ns=41500 bounds_ns=1200 execute_ns=40600 combined_ns=300 cpp_ns=100 source=af5c371632147dfa result=b77ad4f97670f65a
case op=convert-ubyte-float w=31 h=17 layout=repeated-source public_raw=[163200, 266200, 164900, 164800, 164800, 164800, 164700, 165000, 164900, 165000, 176300, 167200, 164800, 379600, 164900] bounds_raw=[1200, 1200, 1300, 1200, 1400, 1200, 1200, 1300, 1200, 1200, 1300, 1200, 1200, 1300, 1200] execute_raw=[161600, 160800, 163100, 162900, 177000, 163300, 163600, 176500, 162900, 162900, 163000, 162900, 162900, 163200, 163000] combined_raw=[200, 100, 300, 100, 700, 200, 100, 200, 100, 200, 200, 100, 200, 100, 300] cpp_raw=[100, 100, 100, 100, 100, 100, 100, 100, 100, 100, 100, 100, 100, 100, 100] public_ns=164900 bounds_ns=1200 execute_ns=163000 combined_ns=200 cpp_ns=100 source=e456631d381264c9 result=9364c6c0b904dc8f
case op=copy-ubyte w=31 h=17 layout=zero-source public_raw=[10000, 10000, 10000, 10000, 10800, 10100, 10100, 10100, 10100, 10100, 10100, 10100, 10100, 10100, 10100] bounds_raw=[1100, 1100, 1100, 1100, 1600, 1200, 1200, 1200, 1200, 1200, 1200, 1200, 1200, 1200, 1200] execute_raw=[10500, 10500, 10500, 10500, 10700, 10500, 10500, 10600, 10600, 10600, 10600, 10500, 10500, 10600, 10600] combined_raw=[1600, 1600, 1600, 1600, 1600, 1600, 1600, 1600, 1600, 1600, 1600, 1600, 1600, 1600, 1600] cpp_raw=[1600, 1600, 1600, 1600, 1600, 1600, 1600, 1600, 1600, 1600, 1600, 1600, 1600, 1600, 1600] public_ns=10100 bounds_ns=1200 execute_ns=10500 combined_ns=1600 cpp_ns=1600 source=53e35892b0900a36 result=c64ce8b5472789e4
case op=copy-float w=31 h=17 layout=zero-source public_raw=[10600, 10700, 10600, 10500, 10500, 10500, 10500, 10500, 10500, 10500, 10500, 10500, 10500, 10500, 10500] bounds_raw=[1200, 1100, 1200, 1200, 1200, 1200, 1200, 1200, 1200, 1200, 1200, 1200, 1200, 1200, 1200] execute_raw=[11000, 10900, 10900, 10900, 10900, 10900, 10900, 10900, 10900, 10900, 10900, 10900, 10900, 10900, 10900] combined_raw=[1500, 1500, 1500, 1500, 1500, 1500, 1500, 1500, 1500, 1500, 1500, 1500, 1500, 1500, 1500] cpp_raw=[1900, 1900, 1900, 1900, 1900, 1900, 1900, 1900, 1900, 1900, 1900, 1900, 1900, 1800, 1900] public_ns=10500 bounds_ns=1200 execute_ns=10900 combined_ns=1500 cpp_ns=1900 source=48a265c435185a17 result=a412cbd3d3c5dc8f
case op=copy-Pod w=31 h=17 layout=zero-source public_raw=[10700, 10700, 10700, 10700, 10700, 10700, 10600, 10600, 10700, 10700, 10700, 10900, 10800, 10800, 10800] bounds_raw=[1200, 1200, 1200, 1200, 1200, 1200, 1200, 1200, 1200, 1200, 1200, 1200, 1200, 1200, 1200] execute_raw=[11200, 11100, 11200, 11100, 11100, 11100, 11100, 11100, 11100, 11200, 14600, 11300, 11300, 11300, 11300] combined_raw=[1700, 1600, 1700, 1700, 1700, 1700, 1700, 1700, 1700, 1700, 49900, 1700, 1600, 1700, 1600] cpp_raw=[1900, 1900, 1900, 1900, 1900, 1800, 1900, 1900, 1800, 1900, 1900, 1900, 1900, 1900, 1900] public_ns=10700 bounds_ns=1200 execute_ns=11200 combined_ns=1700 cpp_ns=1900 source=6b0827ecdc4a539a result=3ed4b3ed28cdbf2
case op=convert-ubyte-float w=31 h=17 layout=zero-source public_raw=[27900, 27800, 27800, 27800, 27800, 27800, 28400, 28300, 28300, 28300, 48700, 28300, 28200, 28300, 28300] bounds_raw=[1200, 1200, 1200, 1200, 1200, 1200, 1300, 1200, 1200, 1200, 1200, 1200, 1200, 1200, 1200] execute_raw=[27300, 27200, 27200, 27200, 27200, 160700, 27600, 27600, 27600, 27600, 27700, 27600, 27600, 27600, 27600] combined_raw=[1500, 1500, 1500, 1500, 1500, 1700, 1500, 1500, 1500, 1500, 1600, 1500, 1500, 1500, 1500] cpp_raw=[300, 300, 300, 300, 300, 300, 300, 300, 300, 300, 300, 300, 300, 300, 300] public_ns=28300 bounds_ns=1200 execute_ns=27600 combined_ns=1500 cpp_ns=300 source=53e35892b0900a36 result=7db46195730ddc8f
case op=copy-ubyte w=256 h=128 layout=contiguous public_raw=[700, 600, 600, 600, 600, 600, 600, 600, 700, 700, 600, 600, 600, 600, 600] bounds_raw=[600, 600, 700, 800, 700, 600, 1100, 600, 600, 600, 600, 600, 600, 600, 600] execute_raw=[600, 900, 700, 600, 600, 600, 700, 600, 700, 600, 600, 600, 600, 600, 600] combined_raw=[600, 700, 600, 600, 600, 600, 900, 600, 600, 700, 700, 600, 600, 600, 800] cpp_raw=[700, 700, 700, 700, 700, 1700, 700, 1100, 700, 700, 800, 700, 700, 700, 700] public_ns=600 bounds_ns=600 execute_ns=600 combined_ns=600 cpp_ns=700 source=e61b28efac3482a5 result=19f1026d069dd2bd
case op=copy-float w=256 h=128 layout=contiguous public_raw=[2400, 2400, 2300, 2300, 2300, 2300, 2300, 2300, 2300, 2300, 2300, 2400, 2500, 2300, 2300] bounds_raw=[2400, 2300, 2300, 2300, 2300, 2300, 2300, 2300, 2500, 2300, 2300, 2400, 2400, 2300, 2300] execute_raw=[2300, 2300, 2400, 2300, 2500, 2300, 2500, 2300, 2300, 2300, 2300, 2300, 2400, 2400, 2500] combined_raw=[2600, 2300, 2300, 2300, 2300, 2300, 2300, 2300, 2300, 2300, 2300, 2300, 2300, 2300, 2500] cpp_raw=[2300, 2300, 2200, 2200, 2300, 2200, 2300, 2200, 2300, 2300, 2500, 6000, 3200, 2300, 2200] public_ns=2300 bounds_ns=2300 execute_ns=2300 combined_ns=2300 cpp_ns=2300 source=94c035f8504217ab result=e20bab30ff99efbd
case op=copy-Pod w=256 h=128 layout=contiguous public_raw=[4800, 4900, 4800, 5600, 4900, 4900, 4800, 4700, 6300, 4900, 4700, 4800, 4700, 5700, 5200] bounds_raw=[4900, 4600, 5900, 5600, 4700, 5300, 4800, 6200, 4900, 4800, 5300, 4900, 5500, 4700, 4700] execute_raw=[5200, 5400, 4800, 5300, 5900, 4900, 4700, 4800, 4800, 6400, 4800, 4800, 4800, 4800, 4800] combined_raw=[4700, 7300, 6600, 5400, 4800, 6300, 4700, 5200, 4800, 4800, 4700, 5700, 5500, 4800, 5400] cpp_raw=[5100, 5700, 5100, 4700, 5600, 5200, 5200, 4800, 4700, 5400, 4700, 4900, 4700, 5200, 5100] public_ns=4900 bounds_ns=4900 execute_ns=4800 combined_ns=5200 cpp_ns=5100 source=780acdd2b0446151 result=3e08e0fcd50e93b1
case op=convert-ubyte-float w=256 h=128 layout=contiguous public_raw=[124800, 124800, 136800, 124800, 124800, 124700, 125000, 124700, 124900, 142300, 124800, 124800, 124900, 185500, 124800] bounds_raw=[124700, 124700, 124800, 124700, 124700, 124700, 124800, 164900, 124700, 124800, 124700, 124800, 124700, 124800, 124700] execute_raw=[2900, 2900, 2800, 2900, 2800, 6300, 2900, 7500, 7700, 6700, 6700, 2900, 2800, 2900, 2800] combined_raw=[2900, 2900, 2800, 2900, 2900, 3000, 2900, 7400, 6900, 7600, 6700, 2900, 2900, 2900, 2900] cpp_raw=[2800, 2700, 2700, 2700, 2700, 2700, 2700, 3000, 3000, 3000, 3000, 2700, 2800, 2700, 2800] public_ns=124800 bounds_ns=124700 execute_ns=2900 combined_ns=2900 cpp_ns=2700 source=e61b28efac3482a5 result=8edc22d932e14fbd
case op=copy-ubyte w=256 h=128 layout=padded public_raw=[2837800, 2405700, 3413500, 3142500, 2479400, 2740200, 2468600, 2463200, 2493300, 2742500, 2439800, 2545700, 2430200, 2815400, 2377400] bounds_raw=[71600, 68500, 71600, 69400, 68900, 149700, 115800, 68300, 68400, 68800, 112500, 90300, 68700, 69100, 68100] execute_raw=[2435200, 2380100, 2376000, 2642800, 2406700, 2566300, 2468900, 2408900, 2380900, 2461800, 2392100, 2363900, 2356100, 2335600, 2314600] combined_raw=[2100, 2200, 2200, 2400, 2200, 2300, 2100, 2200, 2000, 2300, 2100, 2100, 2300, 2100, 2100] cpp_raw=[700, 700, 700, 700, 900, 700, 700, 700, 700, 700, 700, 700, 700, 800, 700] public_ns=2493300 bounds_ns=69100 execute_ns=2392100 combined_ns=2200 cpp_ns=700 source=e5a18b0018a9faa5 result=d702cf3fb5e29e3d
case op=copy-float w=256 h=128 layout=padded public_raw=[2417500, 2731100, 2381100, 2416700, 2560000, 2415700, 2748600, 2507000, 2504700, 2386800, 2650300, 2412700, 2501300, 2630700, 2576500] bounds_raw=[76100, 73100, 70000, 85300, 76300, 72900, 88200, 73500, 73500, 73100, 72800, 75900, 126500, 72900, 73100] execute_raw=[2548700, 2440600, 2419800, 2324200, 2462700, 2363500, 2533600, 2444500, 2435900, 2345000, 2416600, 2346600, 2313700, 2543900, 2400000] combined_raw=[163800, 3300, 3300, 3100, 3300, 3200, 3300, 3300, 3200, 3300, 3200, 3400, 3200, 3800, 3200] cpp_raw=[2500, 2400, 14200, 2400, 2500, 2500, 2500, 2500, 3800, 2500, 2500, 2500, 2400, 2400, 2400] public_ns=2504700 bounds_ns=73500 execute_ns=2419800 combined_ns=3300 cpp_ns=2500 source=36662a215b68a60b result=bf1783c6025d513d
case op=copy-Pod w=256 h=128 layout=padded public_raw=[2775800, 2533800, 2621600, 2415500, 2479900, 2631000, 2522100, 2449100, 2387500, 2512000, 2401800, 2591300, 2469600, 2402400, 4561900] bounds_raw=[74100, 100400, 74000, 73800, 76300, 150000, 73700, 73900, 76000, 76100, 76000, 88600, 74000, 73600, 77400] execute_raw=[2441700, 2487700, 2379000, 2444300, 2362800, 2859800, 2353000, 2371700, 2398700, 2389900, 2328600, 2466600, 2408600, 2322700, 2814900] combined_raw=[5800, 6800, 6000, 6300, 6500, 7300, 5700, 6300, 6000, 5900, 6600, 6600, 5900, 5700, 6700] cpp_raw=[8700, 5300, 5000, 5300, 5600, 7200, 5400, 6200, 5700, 5600, 5100, 5100, 5300, 5000, 5900] public_ns=2512000 bounds_ns=76000 execute_ns=2398700 combined_ns=6300 cpp_ns=5400 source=49f9223bca7c6711 result=6d7da255f160ecf1
case op=convert-ubyte-float w=256 h=128 layout=padded public_raw=[9631100, 9734800, 10092100, 10133300, 9948600, 10023500, 10087900, 9838100, 9664300, 9966300, 9843800, 9627700, 9902700, 9767600, 10321700] bounds_raw=[74100, 73700, 97900, 74200, 74100, 74100, 70800, 157900, 75000, 74200, 75000, 73400, 75500, 73900, 73800] execute_raw=[10087500, 9797300, 9563000, 9765600, 16418000, 9532600, 12611600, 9679800, 9864700, 9835600, 9719300, 9818900, 11911000, 9950400, 9928200] combined_raw=[8000, 7200, 7300, 15000, 9300, 3700, 3900, 7200, 8100, 7100, 3300, 8100, 7100, 6800, 3400] cpp_raw=[3100, 3100, 3100, 3100, 2900, 3000, 2900, 3200, 3100, 3100, 3200, 3100, 3100, 3100, 3100] public_ns=9902700 bounds_ns=74100 execute_ns=9835600 combined_ns=7200 cpp_ns=3100 source=e5a18b0018a9faa5 result=8d94738f899eb13d
case op=copy-ubyte w=256 h=128 layout=negative-source public_raw=[2551100, 2393200, 2411200, 2492900, 2408300, 2407200, 2380000, 2382900, 2454900, 2398600, 2408900, 2627100, 2567000, 2516800, 2395000] bounds_raw=[80600, 81300, 68800, 68400, 82100, 68500, 68700, 68800, 68800, 68700, 68800, 68300, 69200, 68500, 69000] execute_raw=[2519800, 2330600, 2448300, 2779300, 2395000, 2655100, 2400300, 2329500, 2419800, 2321200, 2368300, 2643700, 2414700, 2333200, 2489800] combined_raw=[2200, 2000, 2100, 2000, 2200, 2500, 2100, 2000, 2000, 2100, 2100, 3100, 2200, 2100, 2200] cpp_raw=[800, 800, 800, 800, 800, 800, 700, 800, 18500, 800, 800, 800, 800, 800, 800] public_ns=2408900 bounds_ns=68800 execute_ns=2414700 combined_ns=2100 cpp_ns=800 source=e5a18b0018a9faa5 result=d702cf3fb5e29e3d
case op=copy-float w=256 h=128 layout=negative-source public_raw=[2415100, 2656300, 2510700, 2489700, 2469700, 3402500, 2598700, 2558000, 2471300, 3021100, 2712300, 4164800, 2467700, 2593900, 2548000] bounds_raw=[76200, 76100, 73100, 76300, 73200, 87300, 72600, 72900, 76500, 73100, 73300, 72600, 77000, 75800, 77200] execute_raw=[2331300, 2435600, 2319600, 2406900, 3248200, 2536200, 2407700, 2358500, 3506900, 2666800, 2723700, 2911800, 2822700, 2992900, 2425900] combined_raw=[3300, 3400, 3400, 3300, 3700, 3600, 3400, 3500, 3400, 4300, 3500, 5000, 3500, 3300, 3600] cpp_raw=[2500, 2500, 2500, 2500, 2500, 2700, 2900, 2500, 2500, 2500, 2500, 2800, 2500, 2600, 2500] public_ns=2558000 bounds_ns=75800 execute_ns=2536200 combined_ns=3500 cpp_ns=2500 source=36662a215b68a60b result=bf1783c6025d513d
case op=copy-Pod w=256 h=128 layout=negative-source public_raw=[2671800, 2426600, 2566700, 2660600, 2501800, 2512500, 2656600, 2711100, 2514700, 2758400, 2500200, 2636600, 3044700, 2858600, 2547100] bounds_raw=[74000, 74400, 116900, 74300, 76300, 77000, 73700, 73800, 73800, 74000, 77000, 74800, 74100, 74700, 74200] execute_raw=[2429200, 2472700, 2398300, 2516700, 2348100, 2433800, 2803200, 2487200, 2708700, 2479500, 2823500, 2484600, 2593500, 2424100, 2548600] combined_raw=[5900, 5900, 6200, 5800, 5600, 5700, 5800, 5800, 5700, 5900, 6000, 6200, 5700, 11500, 5800] cpp_raw=[6100, 5600, 5200, 4800, 5000, 5800, 6000, 5600, 6000, 5100, 6900, 5500, 193000, 6100, 5000] public_ns=2636600 bounds_ns=74300 execute_ns=2484600 combined_ns=5800 cpp_ns=5600 source=7247388808cf2711 result=6d7da255f160ecf1
case op=convert-ubyte-float w=256 h=128 layout=negative-source public_raw=[10500100, 10622700, 11484000, 10549800, 9879900, 12023600, 11130800, 10257900, 13041800, 14113400, 12261700, 14246400, 11830800, 10541100, 10223700] bounds_raw=[97700, 75100, 74000, 74800, 75000, 76400, 73200, 86600, 75100, 131300, 74000, 74400, 73700, 73400, 74300] execute_raw=[10604400, 10383400, 10625000, 9809700, 9697900, 12067600, 15311800, 10860400, 14031400, 12503300, 12385700, 11813900, 11989500, 10450100, 9682300] combined_raw=[13900, 13900, 13600, 12900, 13600, 13800, 14100, 13700, 13300, 14100, 13800, 13600, 14000, 101800, 13400] cpp_raw=[3600, 2800, 3400, 3000, 2800, 3400, 3600, 3300, 3400, 8100, 4100, 3200, 5100, 3900, 3400] public_ns=11130800 bounds_ns=74800 execute_ns=10860400 combined_ns=13800 cpp_ns=3400 source=e5a18b0018a9faa5 result=8d94738f899eb13d
case op=copy-ubyte w=256 h=128 layout=negative-both public_raw=[2459700, 2571000, 2667400, 2602900, 2390600, 2391300, 2502900, 2672700, 2612400, 2505000, 2465100, 2575900, 2736600, 2832400, 2526100] bounds_raw=[68700, 68300, 68800, 68600, 68400, 68200, 68400, 69300, 85300, 68700, 68400, 68400, 95700, 68500, 105600] execute_raw=[2513500, 2641900, 2369000, 2446200, 2418900, 2693600, 2345200, 2590700, 2432300, 2361000, 2740400, 2444200, 2333300, 2608600, 2555700] combined_raw=[2200, 2300, 2100, 2300, 2300, 2300, 2200, 2200, 2500, 2200, 2300, 3000, 2200, 2300, 2200] cpp_raw=[700, 700, 700, 900, 700, 700, 800, 700, 800, 700, 700, 800, 700, 700, 700] public_ns=2571000 bounds_ns=68600 execute_ns=2446200 combined_ns=2300 cpp_ns=700 source=e5a18b0018a9faa5 result=d702cf3fb5e29e3d
case op=copy-float w=256 h=128 layout=negative-both public_raw=[2824800, 2746500, 3052600, 2753500, 2522600, 2407300, 2644500, 2535600, 2773100, 2767700, 2631000, 2747600, 2414400, 2805200, 3135800] bounds_raw=[76900, 77900, 73200, 72900, 75400, 73100, 75500, 73000, 76700, 73100, 72500, 72600, 72900, 72900, 73100] execute_raw=[2440200, 2345100, 2317800, 2361000, 2397800, 2312200, 2511400, 2590200, 2867800, 2713200, 2692500, 2409100, 2454600, 3034300, 3004800] combined_raw=[3900, 3300, 3300, 3700, 3400, 3200, 3400, 3300, 3300, 3900, 3400, 3300, 3500, 3200, 3900] cpp_raw=[2400, 2400, 2400, 3900, 2400, 2500, 2500, 2400, 2400, 2400, 2400, 2700, 2500, 2500, 2400] public_ns=2747600 bounds_ns=73100 execute_ns=2454600 combined_ns=3400 cpp_ns=2400 source=36662a215b68a60b result=bf1783c6025d513d
case op=copy-Pod w=256 h=128 layout=negative-both public_raw=[2627600, 2589100, 3330700, 2669800, 3056000, 2420800, 4460700, 4479600, 4473400, 4477900, 2403700, 2471200, 4450200, 4481900, 3018100] bounds_raw=[166100, 142800, 101600, 74700, 77400, 74400, 75000, 74800, 75500, 79200, 74500, 78400, 75200, 74500, 370800] execute_raw=[2580800, 2521000, 2697600, 2373900, 2636900, 4384800, 5649600, 2406100, 2376000, 4422500, 2416600, 2413300, 4459700, 6597400, 3248400] combined_raw=[6700, 6800, 6700, 6200, 6100, 6400, 6400, 6300, 6100, 6600, 5800, 6000, 6600, 6000, 6000] cpp_raw=[5100, 5000, 5100, 5000, 5300, 5200, 5300, 5000, 5600, 5400, 5400, 5300, 5300, 5200, 5600] public_ns=3056000 bounds_ns=75500 execute_ns=2636900 combined_ns=6300 cpp_ns=5300 source=7247388808cf2711 result=9cc58c133fed2cf1
case op=convert-ubyte-float w=256 h=128 layout=negative-both public_raw=[10009800, 10371800, 10682900, 9719100, 10155300, 10068300, 10120300, 9958300, 9766200, 9931000, 9892900, 9973300, 9596200, 9742500, 10015200] bounds_raw=[75300, 73900, 74400, 73900, 89500, 74000, 73800, 75500, 72400, 73800, 118400, 74200, 76100, 122700, 73900] execute_raw=[11641600, 11409200, 9855900, 9898700, 9567600, 9481100, 9591000, 9736800, 9523500, 11434700, 9586800, 10013500, 10166900, 9544700, 9369500] combined_raw=[14200, 13400, 13700, 13400, 13500, 13400, 13800, 13700, 13100, 13600, 13900, 13400, 13900, 13400, 13600] cpp_raw=[3000, 2900, 3200, 3000, 2900, 3600, 2900, 2900, 3200, 3200, 3000, 3100, 3900, 3200, 3100] public_ns=9973300 bounds_ns=74200 execute_ns=9736800 combined_ns=13600 cpp_ns=3100 source=e5a18b0018a9faa5 result=8d94738f899eb13d
case op=copy-ubyte w=256 h=128 layout=universal public_raw=[2379600, 2472400, 2388100, 2513500, 2381800, 2419600, 2390000, 2403600, 2409100, 2396700, 2380500, 2407200, 2377900, 2412500, 2422200] bounds_raw=[68800, 68500, 69100, 68700, 68500, 69300, 69000, 68700, 68500, 71400, 68500, 68600, 68900, 68600, 71200] execute_raw=[2420900, 2700000, 2429400, 2457300, 2427200, 2612000, 2440000, 2428400, 2421300, 2421200, 2426400, 2489700, 2422200, 2458600, 2409200] combined_raw=[98600, 99800, 101600, 100000, 100800, 145400, 101300, 111100, 99800, 99000, 100600, 100900, 127600, 99400, 111200] cpp_raw=[100800, 98300, 98300, 98200, 98400, 98300, 98200, 98300, 98200, 98200, 114000, 98200, 98300, 98200, 98400] public_ns=2403600 bounds_ns=68700 execute_ns=2428400 combined_ns=100800 cpp_ns=98300 source=2ca74caf843b767b result=186aee41ab7388cf
case op=copy-float w=256 h=128 layout=universal public_raw=[2438600, 2391400, 2400300, 2849900, 2543500, 2643100, 2410100, 2403600, 2421600, 2723400, 2628300, 2413700, 2476400, 2443300, 2461100] bounds_raw=[73500, 77000, 76300, 74000, 73300, 73200, 73300, 73700, 75800, 73500, 73400, 69200, 73600, 75900, 78600] execute_raw=[2533800, 2461800, 2434200, 2482600, 2439300, 2589600, 2574700, 2463900, 2417100, 2535000, 2605100, 2402000, 2620800, 2461500, 2486400] combined_raw=[92300, 92300, 92400, 112000, 95000, 92600, 91800, 110900, 94000, 94200, 95100, 93900, 94200, 91900, 92300] cpp_raw=[107300, 107100, 107000, 107000, 107400, 107200, 107100, 107100, 107200, 107200, 164000, 107100, 107000, 107300, 107200] public_ns=2443300 bounds_ns=73600 execute_ns=2482600 combined_ns=93900 cpp_ns=107200 source=2602f36fdf024e48 result=a35a34c9a114294f
case op=copy-Pod w=256 h=128 layout=universal public_raw=[2646200, 2464800, 2658100, 2544600, 2464000, 2571800, 2520900, 2518300, 2414200, 2590900, 2394200, 2521700, 2621800, 2422500, 2597100] bounds_raw=[77900, 75300, 99000, 78500, 75500, 75500, 91100, 75700, 75700, 75300, 75700, 75200, 75700, 75900, 76300] execute_raw=[2481500, 2474700, 2376400, 2492600, 2388500, 2623700, 2566700, 2472000, 2451600, 2444800, 2417900, 2675000, 2517600, 2438200, 2481600] combined_raw=[104100, 104400, 105600, 105100, 105100, 104200, 104900, 103700, 104900, 103700, 105800, 104200, 104400, 105100, 119800] cpp_raw=[107500, 107700, 107300, 107300, 107600, 107700, 144600, 107600, 107400, 121200, 107500, 107300, 107300, 107900, 107300] public_ns=2521700 bounds_ns=75700 execute_ns=2474700 combined_ns=104900 cpp_ns=107500 source=e9e6a4e830f5d812 result=65aae9126466d5ba
case op=convert-ubyte-float w=256 h=128 layout=universal public_raw=[5840600, 5730900, 5738500, 5962600, 5803800, 5884200, 5587700, 6299500, 5861900, 5922100, 5564200, 5726100, 5637100, 5905800, 5856000] bounds_raw=[74500, 75300, 74100, 74600, 74400, 74300, 76100, 74800, 74400, 147600, 74100, 74200, 74400, 74100, 74100] execute_raw=[5639100, 5600600, 5525700, 5542500, 5917900, 5666600, 6017100, 5985500, 5706400, 5894300, 5713300, 5599200, 6775600, 5696900, 6524700] combined_raw=[94500, 93700, 94300, 94900, 94200, 184000, 108100, 94800, 94800, 94200, 94600, 109300, 94100, 94200, 94400] cpp_raw=[31800, 18200, 18200, 18100, 18500, 18700, 18300, 18400, 18300, 18200, 18700, 18000, 18400, 18200, 18300] public_ns=5840600 bounds_ns=74400 execute_ns=5706400 combined_ns=94500 cpp_ns=18300 source=2ca74caf843b767b result=9981b35893e1a94f
case op=copy-ubyte w=256 h=128 layout=universal-negative public_raw=[2462400, 2369100, 2542300, 2354600, 2351300, 2333400, 2348000, 2347200, 2586700, 2339600, 2364400, 2341300, 2355400, 2481500, 2376700] bounds_raw=[71100, 68300, 68700, 68300, 68300, 68300, 68300, 68300, 69000, 68400, 68700, 68700, 68400, 68300, 68800] execute_raw=[2378600, 2398600, 2378200, 2380200, 2397200, 2371000, 2392000, 2404300, 2450500, 2375000, 2410800, 2377000, 2376900, 2367000, 2463100] combined_raw=[111400, 98400, 113700, 101200, 109400, 99600, 113400, 98400, 98900, 99600, 100000, 129400, 99200, 111000, 136300] cpp_raw=[98200, 98200, 98200, 98400, 98100, 98400, 98200, 98200, 98200, 98500, 149000, 98200, 122300, 98200, 109300] public_ns=2355400 bounds_ns=68400 execute_ns=2380200 combined_ns=101200 cpp_ns=98200 source=aee6fc6fec93767b result=e78d431e19cc88cf
case op=copy-float w=256 h=128 layout=universal-negative public_raw=[2560600, 2838400, 2425200, 2670100, 2460700, 2402100, 2450600, 2440300, 2502700, 2357200, 2492900, 2572800, 2342800, 2398500, 2407800] bounds_raw=[72700, 73300, 77100, 73300, 73200, 73000, 72800, 213600, 75600, 72800, 73100, 156300, 73600, 78200, 75900] execute_raw=[2557600, 2614600, 2393600, 2467700, 2417300, 2418500, 2708100, 2614300, 2490400, 2453200, 2538200, 2495400, 2430700, 2410300, 2353800] combined_raw=[93100, 92200, 92200, 91900, 92400, 93900, 92000, 92900, 96300, 92100, 92300, 106900, 110900, 91600, 92100] cpp_raw=[107900, 107400, 107300, 107300, 107500, 107200, 107200, 107500, 107400, 107300, 107300, 107300, 107200, 107200, 107200] public_ns=2450600 bounds_ns=73300 execute_ns=2467700 combined_ns=92300 cpp_ns=107300 source=a257b6291ff8ce48 result=6438f003893e294f
case op=copy-Pod w=256 h=128 layout=universal-negative public_raw=[2422600, 2540900, 2706800, 2385500, 2471900, 2450600, 2457700, 2429300, 2463800, 2438000, 2344100, 2376700, 2379600, 2381400, 2365500] bounds_raw=[75300, 77700, 75900, 75300, 77900, 75500, 75100, 75400, 77600, 75600, 75000, 77500, 75700, 90400, 75200] execute_raw=[2842700, 2592100, 2457800, 2501200, 2387600, 2450500, 2670000, 2455200, 2476800, 2383500, 2376400, 2464900, 2372700, 2400300, 2425800] combined_raw=[104100, 106900, 105500, 121700, 105600, 103500, 103800, 162100, 104400, 106300, 103600, 103200, 103500, 104500, 104100] cpp_raw=[107800, 107200, 107400, 165800, 107300, 107400, 126900, 107600, 107400, 159400, 128600, 107300, 121400, 107300, 107500] public_ns=2429300 bounds_ns=75600 execute_ns=2455200 combined_ns=104400 cpp_ns=107500 source=9d3846764beed812 result=da53e1b7f4d855ba
case op=convert-ubyte-float w=256 h=128 layout=universal-negative public_raw=[5785700, 5678500, 5657000, 5759800, 5654500, 5646900, 5566100, 6178700, 5742900, 5791000, 5866400, 5659800, 5670900, 5568100, 5602600] bounds_raw=[73800, 86800, 74000, 71100, 74400, 73800, 71100, 75900, 71200, 72500, 71500, 72600, 71300, 71100, 72600] execute_raw=[5612900, 5570300, 5568400, 6379300, 5733700, 5660400, 5530700, 5502300, 5607000, 5652700, 5703300, 5598100, 5609600, 5557600, 5478600] combined_raw=[94500, 109900, 93100, 92900, 94500, 93700, 93000, 94500, 94000, 94800, 94600, 93300, 93100, 92900, 106300] cpp_raw=[18100, 18000, 18000, 17900, 18700, 18500, 17900, 18000, 18300, 18100, 18200, 18000, 18200, 17900, 18100] public_ns=5670900 bounds_ns=72600 execute_ns=5607000 combined_ns=94000 cpp_ns=18100 source=aee6fc6fec93767b result=b595bddcda97a94f
case op=copy-ubyte w=256 h=128 layout=repeated-source public_raw=[2605400, 2559900, 2394200, 2361500, 2379700, 2386500, 2374600, 2373600, 2393500, 2373500, 2362900, 2359300, 2358500, 2396200, 2373200] bounds_raw=[68300, 68200, 68700, 68400, 68300, 68200, 68000, 68300, 68100, 68100, 79300, 67900, 68300, 68200, 68200] execute_raw=[2509100, 2400400, 2294400, 2432600, 2385000, 2352600, 2315500, 2299800, 2300500, 2319500, 2304300, 2321000, 2315000, 2303000, 2314700] combined_raw=[2300, 2100, 2100, 2000, 2300, 2200, 2000, 2200, 2000, 2000, 2200, 2100, 2200, 2100, 2000] cpp_raw=[700, 600, 800, 600, 700, 600, 600, 900, 600, 600, 600, 600, 600, 600, 700] public_ns=2374600 bounds_ns=68200 execute_ns=2315500 combined_ns=2100 cpp_ns=600 source=b801a0f8ceb910a5 result=d702cf3fb5e29e3d
case op=copy-float w=256 h=128 layout=repeated-source public_raw=[2380100, 2404000, 2376700, 2545200, 2377000, 2397400, 2375200, 2377000, 2380300, 2398000, 2456100, 2403600, 2395400, 2378500, 2382000] bounds_raw=[76000, 75500, 75600, 74800, 75700, 72500, 78100, 78200, 76000, 75400, 76000, 75900, 76200, 76000, 72400] execute_raw=[2424900, 2291800, 2334100, 2362100, 2392500, 2307700, 2327100, 2315100, 2306300, 2293100, 2306500, 2294300, 2305600, 2303600, 2320600] combined_raw=[3300, 3300, 3300, 3200, 3600, 3300, 3200, 3200, 3200, 3200, 3200, 3200, 3200, 3200, 3200] cpp_raw=[1900, 2000, 1900, 2000, 2000, 2000, 2000, 1900, 2000, 1900, 2000, 2000, 2000, 1900, 2000] public_ns=2382000 bounds_ns=75900 execute_ns=2307700 combined_ns=3200 cpp_ns=2000 source=2ab4dac9ab1576eb result=bf1783c6025d513d
case op=copy-Pod w=256 h=128 layout=repeated-source public_raw=[2348600, 2354800, 2362600, 2536000, 2367000, 2480100, 2417800, 2439200, 2445000, 2366500, 2397100, 2477000, 2351100, 2452200, 2379700] bounds_raw=[74400, 76700, 94100, 74600, 74400, 75100, 74500, 74500, 89200, 74300, 74500, 74300, 74500, 86600, 74400] execute_raw=[2307300, 2300700, 2305100, 2357000, 2296900, 2757900, 2437100, 2375100, 2300900, 2368700, 2286400, 2372400, 2411000, 2402800, 2298000] combined_raw=[5000, 4900, 5100, 5200, 4900, 5400, 5300, 4900, 5300, 4900, 5300, 4900, 5200, 5000, 4900] cpp_raw=[3000, 3000, 3000, 3000, 3100, 3000, 3000, 3000, 3000, 3100, 3000, 3000, 3000, 3000, 3000] public_ns=2397100 bounds_ns=74500 execute_ns=2357000 combined_ns=5000 cpp_ns=3000 source=eeeb850fb0e39951 result=fb16e77c4b15ecf1
case op=convert-ubyte-float w=256 h=128 layout=repeated-source public_raw=[9939400, 9609200, 9631100, 9493100, 9591100, 10077100, 9522400, 9752700, 9556700, 9359400, 9784900, 9724000, 11727300, 9790000, 9957500] bounds_raw=[74800, 73100, 73600, 73100, 75000, 73700, 73400, 73700, 74500, 73400, 74600, 74400, 73400, 73600, 75200] execute_raw=[9451200, 9637100, 9297000, 10315100, 10006800, 9574500, 9472300, 9577600, 10719000, 9267200, 9376200, 9290500, 9389000, 9521900, 9715800] combined_raw=[3500, 7000, 3200, 6900, 7200, 7200, 7500, 3400, 3100, 3200, 3200, 3600, 3600, 7700, 7500] cpp_raw=[3100, 3100, 2700, 3300, 3200, 3200, 3100, 2900, 2900, 2800, 2800, 3100, 2900, 3100, 2900] public_ns=9724000 bounds_ns=73700 execute_ns=9521900 combined_ns=3600 cpp_ns=3100 source=b801a0f8ceb910a5 result=8d94738f899eb13d
case op=copy-ubyte w=256 h=128 layout=zero-source public_raw=[681600, 682100, 1342000, 1158600, 1141900, 1159500, 665400, 606200, 606800, 642300, 620500, 619800, 606100, 607300, 677100] bounds_raw=[68400, 68300, 106200, 106400, 108200, 148200, 122900, 68700, 68000, 68300, 68100, 68100, 68100, 80100, 68500] execute_raw=[659200, 690200, 814100, 1186900, 1083100, 1347100, 804100, 637600, 692500, 648600, 636300, 652000, 696900, 636200, 674900] combined_raw=[99200, 98400, 173400, 174800, 259000, 166000, 159000, 99300, 98800, 98300, 118200, 98600, 101100, 123300, 100300] cpp_raw=[98300, 98200, 187300, 150900, 328800, 187800, 98200, 98400, 110100, 145700, 98300, 98200, 98200, 98200, 98200] public_ns=665400 bounds_ns=68500 execute_ns=690200 combined_ns=101100 cpp_ns=98300 source=ea3b47c803d61b61 result=805f2b0ca3e19e3d
case op=copy-float w=256 h=128 layout=zero-source public_raw=[658800, 631200, 611700, 619900, 613400, 638500, 666600, 634400, 669500, 631700, 615700, 631400, 614500, 1855400, 634700] bounds_raw=[75700, 76100, 75100, 75600, 71600, 73300, 75800, 160500, 78800, 75700, 77400, 75200, 83700, 72600, 72400] execute_raw=[644100, 640300, 627900, 629900, 738100, 655100, 746700, 652900, 693400, 648200, 630300, 1073300, 1149500, 778300, 633500] combined_raw=[90800, 137400, 90800, 90800, 91700, 91100, 93100, 91200, 90700, 91000, 158800, 91500, 94300, 93000, 156400] cpp_raw=[107200, 107100, 107100, 107100, 118200, 107000, 107300, 107100, 107000, 107100, 107100, 107300, 107200, 107000, 107100] public_ns=631700 bounds_ns=75700 execute_ns=652900 combined_ns=91500 cpp_ns=107100 source=3ee659a586185a17 result=d3a2f65955b6b13d
case op=copy-Pod w=256 h=128 layout=zero-source public_raw=[612800, 871500, 662400, 610100, 864900, 708600, 620800, 633600, 628000, 643300, 671300, 819200, 979700, 639700, 662500] bounds_raw=[74300, 101500, 73900, 87600, 76500, 76000, 74200, 73800, 164100, 73800, 73800, 74300, 118400, 74300, 76700] execute_raw=[782000, 654500, 683900, 638500, 661900, 733000, 664400, 666200, 708400, 899500, 851600, 685400, 649700, 732600, 660300] combined_raw=[101800, 102500, 101800, 102400, 101400, 101300, 101300, 101300, 165300, 102500, 102100, 101300, 113800, 248000, 102400] cpp_raw=[107200, 107000, 136400, 107100, 107100, 107100, 107000, 107100, 132600, 246600, 107200, 107100, 107200, 107100, 107200] public_ns=662400 bounds_ns=74300 execute_ns=683900 combined_ns=102100 cpp_ns=107100 source=52489578602bbe06 result=ef186d4d74d56cf1
case op=convert-ubyte-float w=256 h=128 layout=zero-source public_raw=[1952700, 1716500, 2488500, 2691700, 1813400, 1837700, 2048500, 1673200, 1641500, 1700600, 1878700, 1909000, 1957700, 1712700, 1646000] bounds_raw=[73100, 73200, 74800, 74600, 370700, 74600, 128400, 73300, 73200, 73100, 73300, 72300, 73400, 70500, 73200] execute_raw=[1618300, 1743600, 1602500, 1696800, 1844000, 2293000, 1687100, 1592800, 1751800, 1831900, 1897400, 1692800, 1607300, 1830600, 1791700] combined_raw=[92700, 94800, 156800, 119600, 94300, 93800, 93600, 92900, 115600, 93700, 93000, 115700, 93500, 94000, 93100] cpp_raw=[18000, 18000, 17900, 18000, 53300, 18000, 17900, 18000, 18000, 17900, 18000, 17900, 17900, 18000, 18000] public_ns=1837700 bounds_ns=73300 execute_ns=1743600 combined_ns=93800 cpp_ns=18000 source=ea3b47c803d61b61 result=fb8549580c3ab13d
case op=copy-ubyte w=2048 h=512 layout=contiguous public_raw=[27500, 69400, 23800, 22800, 25400, 25700, 23600, 23700, 28200, 24400, 23200, 30100, 25000, 24500, 24800] bounds_raw=[24700, 192700, 34400, 23100, 22900, 23300, 23200, 24900, 38100, 23200, 24900, 116100, 25700, 27600, 27800] execute_raw=[25600, 24000, 24300, 24700, 27000, 23000, 24800, 23900, 24600, 23300, 24800, 24200, 28100, 24400, 23600] combined_raw=[24100, 40900, 23200, 24900, 24200, 26700, 24800, 27100, 24000, 22900, 23900, 28900, 26400, 26200, 25100] cpp_raw=[30800, 31200, 27900, 29000, 28500, 30800, 29600, 29400, 31200, 28700, 29600, 29600, 30200, 32400, 31000] public_ns=24800 bounds_ns=24900 execute_ns=24400 combined_ns=24900 cpp_ns=29600 source=2330a0f18d4d82a5 result=80d2fb93a399d2bd
case op=copy-float w=2048 h=512 layout=contiguous public_raw=[135300, 145400, 116200, 122200, 117900, 120100, 122200, 114300, 142100, 113200, 125300, 125300, 126700, 133300, 110500] bounds_raw=[117300, 178900, 124000, 126300, 124400, 108600, 122000, 129100, 131100, 112000, 114200, 109500, 166100, 113400, 118500] execute_raw=[136600, 120400, 106100, 119700, 132200, 110100, 138500, 127600, 108800, 126200, 109900, 110700, 115500, 124300, 112500] combined_raw=[155600, 170100, 120000, 145500, 184600, 110500, 116900, 120600, 119700, 122500, 115600, 291200, 112500, 174200, 114800] cpp_raw=[324000, 109300, 399400, 107600, 111600, 116600, 113800, 264500, 156800, 132000, 110200, 116700, 116300, 165900, 165100] public_ns=122200 bounds_ns=122000 execute_ns=119700 combined_ns=120600 cpp_ns=116700 source=13b5de7322d2f7ab result=d89816c09b0f4fbd
case op=copy-Pod w=2048 h=512 layout=contiguous public_raw=[471900, 483200, 929800, 507000, 396200, 515800, 448900, 440700, 376400, 502700, 416200, 366900, 422200, 499900, 382300] bounds_raw=[609200, 499300, 450200, 398500, 394000, 399900, 416200, 414100, 393900, 414400, 526100, 390400, 1172900, 483600, 484300] execute_raw=[459200, 420600, 510200, 487700, 563100, 397000, 462600, 429500, 414600, 387000, 434000, 399600, 391700, 394000, 496300] combined_raw=[392600, 568400, 511700, 405200, 489400, 400900, 406000, 374400, 545300, 435400, 444300, 384500, 404700, 667700, 442500] cpp_raw=[491700, 382400, 474600, 412000, 374200, 419300, 353400, 385900, 372100, 923700, 384900, 385400, 386200, 381700, 385300] public_ns=448900 bounds_ns=416200 execute_ns=429500 combined_ns=435400 cpp_ns=385400 source=d8cd6555f4166151 result=59e0883c487093b1
case op=convert-ubyte-float w=2048 h=512 layout=contiguous public_raw=[4498600, 4164600, 4458100, 4464400, 5606700, 4427500, 3955800, 4062900, 4130100, 3845400, 4287600, 4292700, 4167500, 3839800, 4231600] bounds_raw=[3877500, 4264500, 4289700, 4309600, 4787200, 4271500, 4141000, 4057800, 4061600, 4409900, 3825700, 4309800, 4055800, 4047600, 4297800] execute_raw=[219600, 223400, 215300, 229500, 217400, 93800, 93900, 218600, 257100, 92600, 91700, 93600, 234100, 93700, 93800] combined_raw=[230400, 216300, 92000, 92500, 225600, 221800, 102800, 218200, 234900, 92700, 91700, 221700, 227100, 221100, 92900] cpp_raw=[85600, 148400, 97100, 85000, 87200, 97500, 85000, 97700, 96900, 131900, 85500, 127900, 97000, 85000, 97400] public_ns=4231600 bounds_ns=4264500 execute_ns=215300 combined_ns=218200 cpp_ns=97000 source=2330a0f18d4d82a5 result=8830660fbe034fbd
case op=copy-ubyte w=2048 h=512 layout=padded public_raw=[42616600, 41785800, 42531700, 40515800, 44248800, 40653900, 41367500, 41879400, 41728900, 41455200, 41610800, 41438500, 43302600, 43562000, 47088200] bounds_raw=[2287800, 2236200, 2275900, 2343000, 2329900, 2284000, 2368800, 2347300, 2445800, 2307000, 2406000, 2416400, 2307300, 2277800, 2357000] execute_raw=[40459400, 42731900, 38668500, 39004000, 39228700, 40907800, 40327000, 39317600, 40424200, 40845200, 44085900, 40023100, 38731300, 39873500, 40114700] combined_raw=[42700, 41600, 37000, 32100, 49100, 39300, 37000, 37700, 34300, 38400, 41600, 36300, 43600, 33500, 39100] cpp_raw=[30900, 60000, 30800, 32500, 39500, 30200, 29500, 31600, 28900, 33600, 32700, 29100, 28000, 29000, 32500] public_ns=41785800 bounds_ns=2329900 execute_ns=40114700 combined_ns=38400 cpp_ns=30900 source=ae83cf5b1e4efaa5 result=824b457e72415e3d
case op=copy-float w=2048 h=512 layout=padded public_raw=[42622600, 44336400, 42801300, 41551200, 41761800, 42038000, 44019600, 46080500, 44438800, 41901900, 42234000, 42251200, 42032800, 41438200, 41455700] bounds_raw=[2534800, 2642100, 2666000, 3606800, 2610000, 2639700, 2614800, 2517500, 2474600, 2876000, 2529600, 2579200, 2466500, 2431500, 2467900] execute_raw=[39154900, 39865000, 39967100, 41143900, 38978800, 40677700, 40502800, 42933100, 43789100, 39574000, 41064100, 41050200, 39336900, 40244900, 39305200] combined_raw=[161500, 141600, 152400, 129600, 167900, 147100, 147500, 152200, 115000, 143700, 165300, 155200, 180500, 114000, 143800] cpp_raw=[109500, 135400, 162900, 111300, 134500, 175300, 111200, 127800, 156200, 139300, 114900, 120400, 136600, 113500, 141000] public_ns=42234000 bounds_ns=2579200 execute_ns=40244900 combined_ns=147500 cpp_ns=134500 source=f707132824e3b60b result=7e1f3007cb46713d
case op=copy-Pod w=2048 h=512 layout=padded public_raw=[42922600, 40782700, 40535600, 42123000, 43810500, 41728800, 44195900, 42397100, 42690900, 41624600, 42075700, 41206600, 45091100, 42251700, 44185400] bounds_raw=[2497900, 2460400, 2614100, 2510900, 2537100, 2394200, 2459000, 2465800, 2463000, 2396700, 2502100, 2415600, 2417200, 2450800, 2512200] execute_raw=[40385900, 39765200, 39098000, 38882000, 39396000, 44108300, 40163400, 43422300, 39877800, 44950500, 40945400, 40150600, 39306400, 40268000, 39780800] combined_raw=[403700, 441100, 387400, 562200, 460200, 426700, 506000, 416800, 1620700, 420000, 418800, 523700, 447400, 457300, 393000] cpp_raw=[414000, 415900, 364800, 378700, 448800, 454100, 465600, 434800, 400500, 442300, 354300, 426300, 379600, 434500, 453400] public_ns=42251700 bounds_ns=2463000 execute_ns=40150600 combined_ns=441100 cpp_ns=426300 source=e31314711d294711 result=cd84131d95f48cf1
case op=convert-ubyte-float w=2048 h=512 layout=padded public_raw=[175996900, 162390900, 160836000, 161862600, 165185900, 168254600, 163189900, 163586300, 171638300, 164750700, 163567100, 161875000, 172781600, 169648900, 167688400] bounds_raw=[3425200, 2687000, 2752100, 2567400, 2539400, 2473200, 2600600, 2502300, 2627100, 2615700, 2453600, 2487200, 2529800, 2436700, 2397300] execute_raw=[163988000, 162805100, 158520300, 160156200, 157330400, 158908100, 158960600, 163568000, 157400000, 162335100, 156197600, 158328500, 155663800, 167987200, 162749800] combined_raw=[94500, 220500, 238800, 234900, 224300, 223200, 218900, 221500, 127700, 297300, 275300, 231300, 220600, 94300, 221000] cpp_raw=[85100, 97300, 86600, 110800, 97200, 97500, 86000, 97200, 102300, 85900, 148700, 121100, 87100, 85800, 86900] public_ns=164750700 bounds_ns=2539400 execute_ns=158960600 combined_ns=221500 cpp_ns=97200 source=ae83cf5b1e4efaa5 result=a6f0b1d68eba713d
case op=copy-ubyte w=2048 h=512 layout=negative-source public_raw=[43577100, 44090600, 44466900, 49474700, 51839300, 57750900, 42844900, 50703400, 45532600, 45697100, 45139800, 41514900, 41227800, 42026700, 43332300] bounds_raw=[2392700, 2652800, 2631000, 3030900, 2243100, 2514700, 2323000, 2463100, 2873500, 2391200, 2534500, 2507000, 2271500, 2541800, 2393000] execute_raw=[42141900, 41957500, 43162700, 41587700, 42081300, 40675000, 40871000, 40511600, 45197300, 46040700, 44572800, 39751900, 47645400, 39907100, 40024900] combined_raw=[103400, 144700, 96000, 81200, 40200, 47800, 94600, 95700, 36900, 164300, 115100, 102600, 40300, 34000, 42600] cpp_raw=[72800, 62100, 63400, 116000, 40700, 30500, 33100, 49900, 32000, 39900, 110100, 72400, 29400, 39200, 48600] public_ns=44466900 bounds_ns=2507000 execute_ns=41957500 combined_ns=94600 cpp_ns=48600 source=ae83cf5b1e4efaa5 result=824b457e72415e3d
case op=copy-float w=2048 h=512 layout=negative-source public_raw=[45671900, 44496100, 72680100, 46395200, 45656600, 45403200, 43200200, 46613000, 66012100, 47873900, 47588100, 46101400, 45765700, 48100500, 42582800] bounds_raw=[3096600, 2809000, 3567900, 3045400, 2604200, 3024100, 2965800, 2622100, 2503200, 2563900, 2808200, 2745900, 5415700, 2862400, 3078600] execute_raw=[47904400, 45432600, 43147400, 40629200, 43107200, 44349100, 41714000, 41555400, 43866900, 41396600, 41493900, 53381100, 44066200, 40618400, 48581300] combined_raw=[387800, 305800, 289000, 279300, 210900, 295600, 250200, 212400, 326900, 193200, 258500, 381300, 190500, 223000, 205500] cpp_raw=[217100, 307700, 286800, 193200, 211200, 230000, 201900, 143100, 168700, 208500, 174800, 463800, 250900, 259600, 254800] public_ns=46101400 bounds_ns=2862400 execute_ns=43147400 combined_ns=258500 cpp_ns=217100 source=f707132824e3b60b result=7e1f3007cb46713d
case op=copy-Pod w=2048 h=512 layout=negative-source public_raw=[41149500, 41872000, 43807900, 43067000, 43455700, 41639000, 42339400, 42907600, 45116500, 41915200, 41214800, 43875300, 42012300, 47959500, 42112300] bounds_raw=[2737100, 2778100, 2732900, 2727800, 4030700, 2882300, 2783900, 2914300, 2867500, 3066600, 2991700, 3327900, 2744900, 2979000, 2906200] execute_raw=[39283000, 41296500, 39897000, 40317800, 43199600, 39757500, 40241300, 38706000, 40281900, 40183300, 39667600, 39957500, 39969200, 42644700, 43939200] combined_raw=[897800, 684900, 810800, 670400, 745600, 784100, 651500, 689200, 781200, 749100, 2336700, 831700, 695900, 751400, 793800] cpp_raw=[939700, 590200, 600600, 813700, 885700, 704700, 658400, 635600, 776900, 970000, 690900, 1091200, 704800, 787700, 757100] public_ns=42339400 bounds_ns=2882300 execute_ns=40183300 combined_ns=751400 cpp_ns=757100 source=a98d88b93a2d4711 result=cd84131d95f48cf1
case op=convert-ubyte-float w=2048 h=512 layout=negative-source public_raw=[169197100, 166354200, 163452000, 167672400, 168936100, 174488900, 165409000, 166850700, 168834500, 171485500, 165613500, 165611000, 161029900, 177426700, 162224000] bounds_raw=[2388400, 2565700, 2557800, 2440800, 2736200, 2683800, 2531700, 2625200, 2791700, 2438800, 2574400, 2731200, 2463500, 2814000, 2456000] execute_raw=[160402700, 167012100, 162118600, 157757200, 184854500, 172969100, 170160500, 162364600, 168558300, 158603500, 160334000, 157927600, 159837400, 158315000, 163550600] combined_raw=[435900, 577000, 474600, 450900, 554500, 434600, 432200, 525200, 424500, 487300, 554700, 451200, 672500, 458000, 595000] cpp_raw=[251700, 138100, 147000, 132000, 123100, 135100, 110500, 251500, 167100, 206000, 235700, 109500, 161200, 129200, 132300] public_ns=166850700 bounds_ns=2565700 execute_ns=162118600 combined_ns=474600 cpp_ns=138100 source=ae83cf5b1e4efaa5 result=a6f0b1d68eba713d
case op=copy-ubyte w=2048 h=512 layout=negative-both public_raw=[40907000, 42631400, 46212900, 43032600, 41406300, 41331600, 42674200, 44556300, 42585700, 43120500, 41525300, 45879800, 47845500, 45834400, 47499400] bounds_raw=[2249000, 2474300, 2349200, 2625600, 2261400, 2245600, 2927000, 2339800, 2445000, 2326100, 2242600, 2221700, 4415100, 2338100, 2599200] execute_raw=[39924500, 40828100, 40428100, 40455400, 39523400, 40236900, 43879300, 42897600, 39036300, 39415100, 39943400, 41463600, 43521000, 41331900, 42443300] combined_raw=[36500, 43600, 38400, 42200, 44300, 47000, 60000, 41600, 33300, 32700, 38200, 37100, 36600, 34700, 31800] cpp_raw=[29100, 33000, 30500, 45200, 40300, 33300, 107300, 28400, 27200, 31800, 28100, 27500, 29400, 30100, 35200] public_ns=43032600 bounds_ns=2339800 execute_ns=40455400 combined_ns=38200 cpp_ns=30500 source=ae83cf5b1e4efaa5 result=824b457e72415e3d
case op=copy-float w=2048 h=512 layout=negative-both public_raw=[42858400, 44827200, 41990600, 43337000, 43056200, 43947300, 41518900, 47726100, 42740000, 42080700, 42516600, 44472100, 41904500, 42681700, 43041600] bounds_raw=[2652800, 2896000, 4079700, 2825800, 2558900, 2997500, 2620600, 2570300, 2519800, 2532000, 2626300, 2512200, 3744800, 2603700, 2597700] execute_raw=[41552400, 40274700, 38821500, 41013600, 42660500, 40479900, 39698100, 39860100, 39901700, 39436800, 40216100, 39247100, 39605300, 39932900, 41716700] combined_raw=[327800, 225300, 231300, 282700, 224800, 326100, 200700, 280500, 228500, 295700, 389000, 262600, 212300, 532800, 249000] cpp_raw=[262600, 149500, 231100, 431800, 446300, 381900, 130500, 190100, 250000, 366100, 236300, 144500, 124300, 389100, 245700] public_ns=42858400 bounds_ns=2620600 execute_ns=39932900 combined_ns=262600 cpp_ns=245700 source=f707132824e3b60b result=7e1f3007cb46713d
case op=copy-Pod w=2048 h=512 layout=negative-both public_raw=[42254000, 45153900, 42286600, 42157900, 42292200, 43435900, 40780000, 44447300, 48582900, 41629800, 45683900, 41185500, 43748800, 44379900, 42025600] bounds_raw=[2687300, 2769700, 2800500, 2861900, 2705200, 2637600, 2590300, 2689400, 2879400, 4580500, 2809200, 2812200, 2731300, 2640600, 2588400] execute_raw=[42792400, 42722100, 42185600, 40010600, 40195000, 40342000, 42292200, 40400400, 39722800, 52330500, 40266100, 40997100, 40367400, 39152800, 41128300] combined_raw=[706100, 959800, 789700, 788100, 751600, 970200, 697500, 617600, 585100, 623800, 730900, 604100, 758300, 595100, 650400] cpp_raw=[725400, 782100, 1846400, 721200, 720800, 731800, 582000, 564700, 567600, 650500, 608200, 592100, 616700, 668900, 1046400] public_ns=42292200 bounds_ns=2731300 execute_ns=40400400 combined_ns=706100 cpp_ns=668900 source=a98d88b93a2d4711 result=35d2d67477ff8cf1
case op=convert-ubyte-float w=2048 h=512 layout=negative-both public_raw=[163487900, 162211600, 159390200, 157088100, 158887600, 155592200, 156840100, 161338200, 160996800, 157615500, 163290400, 162046500, 162121800, 165564100, 168871600] bounds_raw=[2429300, 2546700, 2453700, 2424700, 2444000, 2410300, 2667900, 2643900, 2404800, 2444900, 2416200, 2431000, 2423500, 2544800, 2424300] execute_raw=[155169400, 216072300, 155231800, 154162700, 155499300, 155112300, 156330000, 156342500, 156119600, 155826900, 156764000, 160790400, 160022400, 162023700, 164745900] combined_raw=[499800, 492800, 455300, 455000, 484500, 573700, 431800, 451500, 429300, 481800, 480600, 450400, 466400, 471400, 439900] cpp_raw=[124200, 147000, 140800, 143500, 171200, 134500, 116300, 142100, 110200, 214800, 127900, 136100, 129300, 131700, 194200] public_ns=161338200 bounds_ns=2431000 execute_ns=156330000 combined_ns=466400 cpp_ns=136100 source=ae83cf5b1e4efaa5 result=a6f0b1d68eba713d
case op=copy-ubyte w=2048 h=512 layout=universal public_raw=[46467800, 46435800, 47151600, 45749500, 43025100, 47543300, 41855200, 45277800, 42510900, 42383500, 45604800, 42171600, 40641300, 40760900, 39756100] bounds_raw=[2334700, 2329500, 2277900, 3969100, 3379600, 2313200, 3962800, 2341900, 2406400, 2226900, 2461300, 2424600, 2248400, 2302700, 2235100] execute_raw=[41767200, 51326500, 51075500, 45673300, 44922700, 44232100, 44618400, 45484800, 44684900, 44075200, 46179200, 43567700, 41209000, 41992100, 42312100] combined_raw=[3534000, 3280100, 3465600, 3266500, 4856500, 3527700, 3311100, 3377300, 3773000, 4166200, 3628600, 3389700, 3252900, 3236700, 3335000] cpp_raw=[3341100, 6683500, 4062800, 3394600, 3570900, 3615600, 3439200, 3472900, 3222300, 3395700, 3398800, 3785200, 3170700, 3189600, 3189300] public_ns=43025100 bounds_ns=2334700 execute_ns=44618400 combined_ns=3389700 cpp_ns=3398800 source=546dc88cf162767b result=b53972f2ee1fc8cf
case op=copy-float w=2048 h=512 layout=universal public_raw=[43047400, 40400800, 41057000, 41040500, 40637600, 41012000, 41319400, 41387500, 44142700, 41746200, 40431700, 40767900, 42219100, 41102700, 40738300] bounds_raw=[2465100, 2478600, 2469800, 2635800, 2481500, 2467600, 2690300, 3558500, 2696700, 2511500, 2474800, 2583200, 2551900, 2611100, 2486100] execute_raw=[40878800, 40387400, 41125100, 42518000, 40102200, 41474900, 41107000, 41029800, 43677000, 41214000, 41003600, 40985800, 42772900, 40835900, 43257500] combined_raw=[3099800, 3029500, 3106100, 3046600, 3353000, 3078200, 3199700, 3268000, 3480100, 3052500, 3080500, 3028000, 3162700, 3107400, 3233000] cpp_raw=[3482500, 3568700, 3623000, 3454400, 3568600, 3592100, 3978700, 3638500, 3667800, 3507500, 3465100, 3689500, 3481200, 3620700, 3718200] public_ns=41057000 bounds_ns=2511500 execute_ns=41107000 combined_ns=3106100 cpp_ns=3592100 source=4f1036148aacde48 result=1d8ea0b52256e94f
case op=copy-Pod w=2048 h=512 layout=universal public_raw=[44697600, 43468900, 44239900, 41993600, 39844000, 47948000, 45988700, 44457300, 39842500, 42184900, 41234900, 40753800, 41376200, 40695900, 40295100] bounds_raw=[2670100, 2638700, 4806700, 3158200, 2467100, 2666100, 4638700, 2473100, 2771000, 2539700, 2928400, 2465200, 2638400, 2468000, 2557100] execute_raw=[46161400, 44214300, 42772100, 40818100, 42014500, 43346900, 64307600, 46215100, 41984900, 41661900, 42551900, 42522000, 43756200, 41910500, 43347900] combined_raw=[3596500, 3505000, 3471700, 3682900, 4842400, 3390100, 4638900, 4693900, 3503100, 3448900, 3584500, 3674800, 3571300, 3410900, 3681200] cpp_raw=[4724400, 3530400, 3925300, 3563000, 3538000, 7092700, 4742200, 5154000, 3501300, 3505900, 3495900, 3681000, 3598200, 3836100, 3506500] public_ns=41993600 bounds_ns=2638700 execute_ns=42772100 combined_ns=3584500 cpp_ns=3598200 source=196bf4d6cf5eb812 result=fc9731c7256835ba
case op=convert-ubyte-float w=2048 h=512 layout=universal public_raw=[93872900, 97854100, 94858600, 95491700, 94945600, 97338200, 98853400, 95128800, 94757200, 97924600, 96864600, 96328200, 95430800, 93698200, 101971800] bounds_raw=[2403100, 2927000, 2487200, 2583200, 2405600, 2599600, 2444200, 2386700, 2425900, 2482600, 2415700, 2490100, 2414800, 2498800, 2440200] execute_raw=[103563700, 102136600, 94464400, 94472000, 99000900, 95946900, 95269700, 93459300, 94195800, 94402200, 92749200, 92055600, 91782200, 93631300, 96164200] combined_raw=[3132100, 6865300, 3060300, 3221500, 3310100, 3356000, 3032500, 3123200, 3144700, 3409300, 3210200, 3164400, 3251700, 3132100, 3041100] cpp_raw=[696500, 1065600, 691700, 657700, 658600, 693300, 719800, 673400, 674300, 699500, 708400, 690600, 657600, 657800, 899200] public_ns=95491700 bounds_ns=2444200 execute_ns=94464400 combined_ns=3164400 cpp_ns=691700 source=546dc88cf162767b result=24fea8e2dff2e94f
case op=copy-ubyte w=2048 h=512 layout=universal-negative public_raw=[43687700, 41056100, 41986800, 44311900, 47985300, 46121600, 48071000, 44742000, 44269800, 45124900, 41600000, 41767700, 42247700, 43736600, 41605500] bounds_raw=[3141900, 2263900, 2385100, 2564300, 2465700, 2567300, 2414400, 2684200, 2271200, 3878300, 2240700, 2621600, 2245000, 2225200, 2336800] execute_raw=[41369200, 57910100, 41125000, 50146000, 44385600, 46837600, 49118300, 45615400, 45795700, 41808700, 44051500, 43277100, 42579800, 45845600, 42803800] combined_raw=[3245600, 3361300, 3236300, 3501900, 3573300, 3303900, 5724000, 4051000, 3540800, 3264100, 3346200, 4156700, 3313300, 4652500, 3222500] cpp_raw=[3406800, 3399500, 3200600, 4353400, 3634600, 3223700, 3611200, 5240300, 3443100, 3190200, 3262800, 3212400, 3186500, 3318900, 3243100] public_ns=43736600 bounds_ns=2414400 execute_ns=44385600 combined_ns=3361300 cpp_ns=3318900 source=46067b9fc62767b result=6220d181b93fc8cf
case op=copy-float w=2048 h=512 layout=universal-negative public_raw=[42796000, 43151600, 41826100, 43125900, 40991800, 41607800, 41550700, 41281700, 40708900, 40746600, 43505500, 41946300, 40179900, 42830000, 42470300] bounds_raw=[2471000, 2537600, 2600200, 2673000, 2549100, 2504300, 2473200, 2626700, 2473600, 2468700, 2470900, 2534300, 2477500, 2540400, 2590200] execute_raw=[42174400, 42222000, 42474100, 42708200, 41356400, 41809900, 41788900, 42483300, 43468100, 42550400, 41538800, 43542200, 40984500, 40887700, 42298700] combined_raw=[3262900, 3677200, 3283200, 3116800, 3044000, 3289000, 3672300, 3138900, 3136300, 3929700, 3223300, 3052700, 3063600, 3055700, 3179500] cpp_raw=[3467300, 3651600, 3818500, 3582200, 3812700, 3527200, 4410800, 3633500, 3603300, 3530200, 3560000, 3654400, 3475800, 3473000, 3656400] public_ns=41826100 bounds_ns=2534300 execute_ns=42222000 combined_ns=3179500 cpp_ns=3603300 source=51109e231b84de48 result=d2e235024092e94f
case op=copy-Pod w=2048 h=512 layout=universal-negative public_raw=[41200600, 40933100, 40910100, 40872300, 40550200, 41543300, 43244900, 42700900, 41894300, 47728400, 44012400, 41770800, 42314700, 41266100, 41477400] bounds_raw=[2478400, 2477600, 2563300, 2490600, 2534000, 2541100, 2509800, 2622500, 2496600, 2795300, 2587900, 2954600, 2452600, 2496900, 2518000] execute_raw=[41844000, 42203200, 41121600, 41212900, 42631400, 42917800, 45112100, 46675300, 43730500, 45015100, 44925800, 42714200, 43370600, 42909100, 42320700] combined_raw=[3563600, 3582400, 3433700, 3490900, 3724600, 3383700, 3590800, 3642400, 3741600, 3676200, 3592400, 3988500, 3809600, 3425900, 3435100] cpp_raw=[3526700, 3618600, 3529300, 3645600, 3829800, 3679800, 3846300, 3691600, 3503800, 3719300, 3634000, 3632900, 3550700, 3615000, 3589500] public_ns=41543300 bounds_ns=2518000 execute_ns=42909100 combined_ns=3590800 cpp_ns=3632900 source=e1be015f3a91b812 result=17fc2f38b61735ba
case op=convert-ubyte-float w=2048 h=512 layout=universal-negative public_raw=[98250800, 97896400, 103987900, 101724900, 103269900, 95992700, 97896900, 98031600, 99126400, 106705700, 98739800, 97087600, 102299300, 114788300, 104642200] bounds_raw=[3200500, 2426500, 3149700, 2596100, 2537300, 2725000, 3268300, 2438200, 2588400, 2555800, 2417300, 2436700, 5117100, 2590600, 2526800] execute_raw=[93703600, 95959800, 98910100, 96791100, 99028400, 94230600, 100372000, 95627300, 98213500, 95319600, 96171100, 105470900, 95972900, 109254400, 109756000] combined_raw=[3109900, 3195300, 3063000, 3103700, 3357300, 3174500, 3178100, 3139500, 3075700, 3294000, 3081700, 3351800, 3349700, 4341200, 3494000] cpp_raw=[675700, 694600, 658000, 908600, 683700, 694500, 661200, 1045700, 684000, 660800, 765600, 686100, 676500, 712400, 777400] public_ns=99126400 bounds_ns=2588400 execute_ns=96791100 combined_ns=3178100 cpp_ns=686100 source=46067b9fc62767b result=940c5552cb46e94f
case op=copy-ubyte w=2048 h=512 layout=repeated-source public_raw=[46693300, 46531700, 53782100, 45018700, 40910500, 40528000, 40865100, 42491800, 42304400, 43124600, 43160400, 42801000, 45207700, 49306900, 46779500] bounds_raw=[2280400, 2721200, 2395600, 2454400, 2358500, 2526500, 2245900, 2519700, 2220600, 2282100, 2461400, 2263800, 2593800, 2504900, 2326100] execute_raw=[42376700, 43991400, 45458400, 42520000, 38546600, 38970000, 39130000, 38996100, 42396400, 40273700, 42492800, 41007600, 40492100, 40503900, 42102300] combined_raw=[20000, 19700, 20100, 20200, 19400, 36600, 19600, 20100, 20300, 20200, 19700, 20700, 20600, 19900, 19800] cpp_raw=[13600, 13400, 13500, 13300, 13500, 13600, 13500, 13700, 13300, 13700, 13400, 13500, 28500, 13400, 13700] public_ns=43160400 bounds_ns=2395600 execute_ns=41007600 combined_ns=20100 cpp_ns=13500 source=6e453727bce9f2a5 result=824b457e72415e3d
case op=copy-float w=2048 h=512 layout=repeated-source public_raw=[46765300, 49430500, 49349900, 47313500, 45363000, 53778800, 47891300, 45017000, 45140700, 46377900, 46041000, 51755900, 53996100, 45638700, 43905600] bounds_raw=[2622300, 2551600, 2518100, 2747700, 2688600, 2720500, 2695500, 2771400, 2870000, 2534800, 2515100, 2590200, 2653300, 2595200, 2562000] execute_raw=[47874500, 43234400, 44376100, 42936900, 50992500, 43277800, 46792000, 43320000, 43000600, 43800100, 45413300, 41970700, 47187900, 41727300, 41408800] combined_raw=[100200, 131600, 61800, 62600, 64500, 65200, 63500, 61600, 62000, 63400, 64200, 66600, 90700, 62900, 64700] cpp_raw=[58700, 58500, 61100, 58200, 58900, 58600, 58400, 58200, 58700, 62300, 58000, 58200, 59100, 63900, 58900] public_ns=46765300 bounds_ns=2622300 execute_ns=43320000 combined_ns=64200 cpp_ns=58700 source=1890cde25c8499ab result=7e1f3007cb46713d
case op=copy-Pod w=2048 h=512 layout=repeated-source public_raw=[47906800, 46753100, 42285800, 42594400, 42401700, 42361800, 42478000, 43012200, 41975300, 43377300, 42650200, 41259800, 48008200, 55517800, 47754200] bounds_raw=[3848000, 2507600, 2442500, 2613500, 2646500, 2396900, 2461000, 2470700, 2584300, 2396800, 2492900, 2407900, 2601000, 2511400, 3583300] execute_raw=[43486100, 43599000, 39627600, 39412800, 40246000, 40271900, 40040600, 38821800, 39746500, 40188800, 40931800, 41801800, 43462400, 44723700, 44302500] combined_raw=[144100, 138500, 143100, 132100, 138500, 374400, 142000, 136400, 131000, 173300, 145100, 208300, 283200, 204100, 270100] cpp_raw=[138200, 1261100, 130100, 127300, 136600, 128300, 187300, 145300, 203500, 144000, 141900, 145000, 277200, 211700, 382700] public_ns=42650200 bounds_ns=2507600 execute_ns=40271900 combined_ns=144100 cpp_ns=145000 source=20f0ed2a5964e151 result=29ff1e71f7668cf1
case op=convert-ubyte-float w=2048 h=512 layout=repeated-source public_raw=[162068100, 163070700, 166629000, 176709800, 162047300, 167743300, 166056200, 163322200, 165642200, 178077500, 172788900, 168113800, 173778900, 169821600, 193822400] bounds_raw=[2384300, 2557200, 2658700, 2818700, 2426900, 2398600, 2462900, 2569800, 2668200, 3050300, 2442200, 2732400, 3182100, 2506800, 2536100] execute_raw=[157395300, 160836600, 165555400, 167863700, 159495400, 158668000, 158873400, 158076300, 159468100, 174000800, 167204700, 177705600, 167194400, 166142300, 169995800] combined_raw=[230400, 271400, 367600, 98000, 108300, 230200, 227200, 125400, 92300, 108300, 242300, 93000, 1575800, 429500, 117200] cpp_raw=[97500, 97700, 85600, 86100, 151200, 85800, 132200, 86100, 85900, 98200, 97900, 97900, 97900, 124500, 97900] public_ns=167743300 bounds_ns=2557200 execute_ns=165555400 combined_ns=227200 cpp_ns=97900 source=6e453727bce9f2a5 result=a6f0b1d68eba713d
case op=copy-ubyte w=2048 h=512 layout=zero-source public_raw=[11162000, 11569500, 11291900, 11271600, 11659400, 11431000, 11637300, 11412900, 11819100, 12159300, 13557200, 11297000, 13072800, 11563200, 11418800] bounds_raw=[2225900, 2262400, 2295900, 2488300, 2330800, 2235900, 2490000, 2306500, 2268800, 2279400, 2244400, 2303300, 2270600, 2242200, 2224600] execute_raw=[13970800, 12737000, 12367000, 12622700, 12922500, 12097200, 12641400, 12940500, 12482000, 12673600, 12311900, 13234700, 12840100, 14020800, 12173000] combined_raw=[3295700, 3260700, 3440500, 3286000, 3247000, 3328000, 3230400, 3316200, 3271300, 3662700, 3215100, 3401000, 4318400, 3356300, 3249100] cpp_raw=[3205800, 3290600, 3269900, 3421900, 3182200, 3185800, 3268700, 3274500, 3274700, 3595900, 3344200, 3236100, 3446100, 3305000, 3240700] public_ns=11563200 bounds_ns=2270600 execute_ns=12673600 combined_ns=3295700 cpp_ns=3274500 source=ea3b47c803d61b61 result=f48fba1f72215e3d
case op=copy-float w=2048 h=512 layout=zero-source public_raw=[11267900, 11383600, 11280700, 11538300, 11504000, 11444800, 11496500, 12136200, 12009300, 11352100, 11661800, 11578700, 11571100, 11677300, 11583100] bounds_raw=[2444900, 2440800, 2468400, 2446200, 2512400, 2613800, 2466700, 2552700, 2600000, 2444000, 2431500, 2500200, 2501600, 2466500, 2474500] execute_raw=[11976500, 12236200, 12023300, 12218300, 12196400, 12366900, 12369400, 12160600, 11918100, 11883100, 11962300, 12103500, 12307200, 12189900, 11791900] combined_raw=[3208200, 2999700, 3062800, 3224700, 3025700, 3051300, 3170700, 3336600, 3048600, 3343300, 3005600, 3451500, 3113000, 3085700, 3037500] cpp_raw=[3714000, 3496700, 3470700, 3484900, 3483700, 5049600, 3572500, 4336600, 3732500, 3472800, 3739200, 3488900, 3490500, 3484700, 3548400] public_ns=11538300 bounds_ns=2468400 execute_ns=12160600 combined_ns=3085700 cpp_ns=3496700 source=3ee659a586185a17 result=3010c258495a713d
case op=copy-Pod w=2048 h=512 layout=zero-source public_raw=[11555000, 12777800, 11320500, 11707800, 11368000, 11492800, 11194100, 12037200, 12405900, 11722800, 11479000, 11353600, 11934900, 11831400, 13366000] bounds_raw=[2496700, 2699700, 2480900, 2395700, 2393800, 2404300, 2520500, 3470500, 2642700, 2574700, 2608400, 2400000, 2436300, 2528300, 2576400] execute_raw=[12101900, 12435600, 12512000, 12556300, 12111900, 12245000, 12261000, 12096000, 12371400, 13072300, 12747100, 13308900, 12671700, 13636100, 13484600] combined_raw=[3475000, 3325500, 3394600, 3314700, 3356500, 3501500, 3559700, 3866500, 4376000, 3781800, 3477600, 3949600, 3351600, 3713000, 3406600] cpp_raw=[3824800, 3711300, 3737400, 3710300, 3759600, 3733400, 3711500, 5931800, 3988200, 3956400, 3718600, 3930800, 3976700, 3798700, 4003100] public_ns=11707800 bounds_ns=2520500 execute_ns=12512000 combined_ns=3477600 cpp_ns=3798700 source=10734a11a61fbe06 result=14eb8df45bd38cf1
case op=convert-ubyte-float w=2048 h=512 layout=zero-source public_raw=[30134800, 29765200, 32123500, 32150000, 30228400, 31341000, 31082500, 30674800, 37595400, 30009600, 33949000, 30030400, 31591800, 31454200, 34964900] bounds_raw=[2446500, 2657300, 2541000, 2800600, 2670100, 2627400, 2482800, 2567100, 2534100, 2458700, 2574200, 2565300, 2776700, 2640600, 2698700] execute_raw=[28404600, 28874000, 28462600, 31084000, 29178500, 28956600, 28814200, 28867500, 30891400, 29560000, 38620100, 28328100, 28244100, 28637900, 34917300] combined_raw=[3171400, 3686100, 3216400, 3449100, 3001800, 3456300, 3444500, 3626900, 3393400, 3652900, 3234200, 3401300, 3183600, 3146800, 3290000] cpp_raw=[754300, 657100, 657200, 751100, 676600, 671600, 701000, 756500, 711500, 657100, 744500, 769900, 754400, 696500, 688300] public_ns=31341000 bounds_ns=2574200 execute_ns=28874000 combined_ns=3393400 cpp_ns=701000 source=ea3b47c803d61b61 result=1ea1c940ba66713d
m3_copy_conversion_candidates PASS cases=96 sink=3470652223959823994
