contracts PASS four-operations invalid/shape/noninjective/overlap/empty/no-write shared-disjoint
semantic PASS cases=32 bitwise-copy all256-conversion source-padding
case op=copy-ubyte w=31 h=17 layout=contiguous public_raw=[100, 100, 0, 200, 100, 200, 0, 300, 100, 0, 0, 100] approved_raw=[4200, 4200, 4300, 4200, 4200, 4400, 4300, 4200, 4200, 4200, 4200, 11500] cpp_raw=[100, 0, 0, 0, 0, 0, 0, 0, 0, 0, 0, 0] relation_raw=[86900, 87400, 87600, 143900, 129500, 87800, 87000, 206600, 87800, 87800, 87700, 103600] public_ns=100 approved_ns=4200 cpp_ns=0 relation_ns=87800 source=e1cb0bb018788cd9 result=6b280f993832c319
case op=copy-float w=31 h=17 layout=contiguous public_raw=[100, 300, 100, 100, 100, 300, 100, 100, 100, 100, 100, 100] approved_raw=[4200, 4200, 4200, 4200, 4100, 4500, 4400, 4300, 4300, 4300, 4300, 4300] cpp_raw=[100, 0, 0, 0, 0, 100, 100, 0, 0, 0, 0, 0] relation_raw=[95100, 88500, 87900, 87800, 87200, 105300, 87200, 87900, 86300, 87000, 87900, 87200] public_ns=100 approved_ns=4300 cpp_ns=0 relation_ns=87850 source=6128204049c0da83 result=264b3169180ebd4b
case op=copy-Pod w=31 h=17 layout=contiguous public_raw=[400, 100, 100, 100, 100, 100, 100, 300, 100, 100, 100, 100] approved_raw=[4200, 4200, 4200, 4200, 4200, 4200, 8700, 4200, 4200, 4200, 4200, 4200] cpp_raw=[100, 100, 100, 100, 100, 100, 100, 100, 100, 100, 100, 100] relation_raw=[88700, 88400, 88400, 88900, 88700, 88500, 107000, 88100, 88800, 88900, 87900, 87900] public_ns=100 approved_ns=4200 cpp_ns=100 relation_ns=88600 source=db360484f487691a result=968b62c61598975a
case op=convert-ubyte-float w=31 h=17 layout=contiguous public_raw=[3100, 3300, 3200, 3100, 3000, 3300, 3300, 3300, 3100, 3300, 3200, 3100] approved_raw=[4300, 4300, 4400, 4300, 4300, 4400, 4400, 4300, 4400, 4300, 4400, 4400] cpp_raw=[100, 100, 100, 100, 100, 100, 100, 100, 100, 100, 100, 100] relation_raw=[488500, 462900, 471300, 463100, 524500, 459300, 480500, 474400, 473500, 455000, 471200, 456500] public_ns=3200 approved_ns=4350 cpp_ns=100 relation_ns=471250 source=e1cb0bb018788cd9 result=1bb7b2c2179a648f
case op=copy-ubyte w=31 h=17 layout=padded public_raw=[144000, 126800, 92100, 92200, 94400, 110100, 107500, 92800, 92700, 92800, 92900, 105300] approved_raw=[4300, 4300, 4400, 4200, 4300, 4200, 4300, 4200, 4300, 4200, 4300, 4200] cpp_raw=[100, 0, 100, 100, 100, 0, 100, 100, 0, 0, 0, 100] relation_raw=[89000, 333900, 87900, 87800, 88100, 87900, 87300, 88500, 88300, 88200, 88500, 88400] public_ns=93650 approved_ns=4300 cpp_ns=100 relation_ns=88250 source=4d0b0939d89e40d9 result=5f21f5ea6035ff19
case op=copy-float w=31 h=17 layout=padded public_raw=[93100, 93900, 153900, 125900, 92800, 94000, 93500, 93300, 93200, 93100, 93500, 92200] approved_raw=[4300, 4300, 4300, 4300, 4300, 4300, 4300, 4200, 4200, 4500, 4300, 4100] cpp_raw=[100, 0, 100, 100, 0, 100, 0, 100, 100, 100, 0, 200] relation_raw=[87800, 133200, 87600, 86800, 110000, 87900, 87300, 87600, 103100, 87500, 87400, 87300] public_ns=93400 approved_ns=4300 cpp_ns=100 relation_ns=87600 source=ebb5b7eaf5f43283 result=3851810ac565964b
case op=copy-Pod w=31 h=17 layout=padded public_raw=[92400, 93100, 91100, 92200, 91900, 91600, 92600, 92100, 92200, 90500, 92700, 92700] approved_raw=[4200, 4300, 4300, 4200, 4200, 4100, 4200, 4200, 4100, 4200, 4500, 4200] cpp_raw=[100, 100, 100, 100, 100, 100, 100, 100, 100, 100, 100, 100] relation_raw=[166500, 168900, 87400, 88700, 88600, 118700, 88300, 88300, 88500, 88800, 89300, 88600] public_ns=92200 approved_ns=4200 cpp_ns=100 relation_ns=88650 source=b28d4f242a91b51a result=7438cdf3ee88135a
case op=convert-ubyte-float w=31 h=17 layout=padded public_raw=[504400, 462800, 472200, 513200, 500900, 478000, 555800, 498300, 599800, 530800, 535200, 538500] approved_raw=[4300, 4400, 4300, 4300, 4300, 4400, 4500, 4400, 4300, 4200, 4200, 4200] cpp_raw=[100, 100, 100, 100, 100, 100, 100, 100, 100, 100, 100, 100] relation_raw=[462400, 471900, 470800, 515400, 475600, 463400, 456900, 461100, 488700, 462500, 459400, 455400] public_ns=508800 approved_ns=4300 cpp_ns=100 relation_ns=462950 source=4d0b0939d89e40d9 result=5a1bf5670dd4dc8f
case op=copy-ubyte w=31 h=17 layout=negative-source public_raw=[92100, 96900, 91100, 90800, 90900, 91600, 91500, 91400, 91500, 103300, 92800, 92500] approved_raw=[4400, 4300, 4300, 4300, 4200, 4400, 4300, 4300, 4300, 4200, 4300, 4300] cpp_raw=[100, 100, 100, 100, 0, 100, 0, 0, 0, 0, 100, 0] relation_raw=[87400, 87300, 86600, 87900, 113300, 87700, 87800, 87700, 87700, 87600, 88600, 88600] public_ns=91550 approved_ns=4300 cpp_ns=50 relation_ns=87700 source=1218578f96e3de39 result=5f21f5ea6035ff19
case op=copy-float w=31 h=17 layout=negative-source public_raw=[141400, 92500, 92000, 123100, 92500, 92700, 92000, 106300, 92400, 94200, 91600, 105800] approved_raw=[4500, 4400, 4400, 4200, 4300, 4200, 4300, 4300, 4300, 4400, 4300, 4200] cpp_raw=[100, 0, 0, 100, 0, 0, 0, 100, 0, 0, 0, 100] relation_raw=[87400, 87700, 87800, 103000, 87800, 87100, 88100, 87000, 86400, 87100, 88000, 87100] public_ns=92600 approved_ns=4300 cpp_ns=0 relation_ns=87550 source=d55c0938ea65990b result=3851810ac565964b
case op=copy-Pod w=31 h=17 layout=negative-source public_raw=[92700, 92400, 91700, 91700, 91800, 91900, 91500, 92500, 118200, 92600, 92000, 92500] approved_raw=[4200, 4200, 4300, 4200, 4300, 4300, 4200, 4200, 4300, 4200, 4200, 4200] cpp_raw=[100, 100, 100, 100, 0, 100, 100, 200, 100, 100, 100, 100] relation_raw=[88000, 87800, 88500, 87800, 88200, 136900, 88800, 309700, 88300, 88100, 88100, 88000] public_ns=92200 approved_ns=4200 cpp_ns=100 relation_ns=88150 source=4cb52a65f8334f3a result=7438cdf3ee88135a
case op=convert-ubyte-float w=31 h=17 layout=negative-source public_raw=[463900, 499900, 477500, 492500, 465900, 516000, 504400, 478500, 468900, 534200, 495000, 475400] approved_raw=[4300, 4400, 4300, 4500, 4300, 4300, 4400, 4200, 4400, 4300, 4300, 4400] cpp_raw=[100, 100, 100, 100, 100, 100, 100, 100, 100, 100, 100, 100] relation_raw=[480400, 460100, 459700, 461900, 538800, 459200, 461700, 468400, 473700, 460200, 459300, 473800] public_ns=485500 approved_ns=4300 cpp_ns=100 relation_ns=461800 source=1218578f96e3de39 result=5a1bf5670dd4dc8f
case op=copy-ubyte w=31 h=17 layout=negative-both public_raw=[92400, 95500, 97100, 99700, 99800, 153500, 96500, 95500, 95600, 275500, 96800, 93700] approved_raw=[4300, 4300, 4300, 4200, 4200, 4300, 4300, 4200, 4200, 4200, 4200, 4100] cpp_raw=[0, 100, 0, 100, 0, 0, 100, 0, 0, 0, 200, 100] relation_raw=[98700, 88600, 89200, 92000, 89500, 88900, 87800, 87400, 87400, 87500, 154600, 93100] public_ns=96650 approved_ns=4200 cpp_ns=0 relation_ns=89050 source=1218578f96e3de39 result=14b2232dcdfde519
case op=copy-float w=31 h=17 layout=negative-both public_raw=[92700, 92700, 94100, 92400, 92600, 92200, 92500, 93000, 142700, 93200, 93100, 92500] approved_raw=[4300, 4200, 4300, 4300, 4300, 4300, 4300, 4200, 4200, 4300, 4300, 4200] cpp_raw=[100, 0, 0, 100, 0, 0, 0, 100, 200, 0, 0, 100] relation_raw=[88100, 88400, 243300, 88000, 88300, 88500, 87600, 88600, 87900, 87800, 137100, 88200] public_ns=92700 approved_ns=4300 cpp_ns=0 relation_ns=88250 source=d55c0938ea65990b result=88af284ef50a9e03
case op=copy-Pod w=31 h=17 layout=negative-both public_raw=[92000, 92100, 93400, 105700, 92400, 92400, 91600, 105400, 92900, 92700, 92500, 92600] approved_raw=[4200, 4200, 4200, 4200, 4200, 4100, 4200, 4200, 4200, 4300, 4200, 7700] cpp_raw=[100, 100, 100, 100, 100, 0, 0, 100, 100, 100, 100, 200] relation_raw=[88400, 88200, 88700, 88200, 88500, 87800, 88000, 88200, 88000, 88300, 88200, 88600] public_ns=92550 approved_ns=4200 cpp_ns=100 relation_ns=88200 source=4cb52a65f8334f3a result=ba5b3439bff1663a
case op=convert-ubyte-float w=31 h=17 layout=negative-both public_raw=[537200, 483200, 522500, 473900, 463500, 560600, 492200, 485000, 461500, 537900, 460600, 486700] approved_raw=[4300, 4400, 4300, 4300, 4300, 5400, 4500, 4200, 4200, 4300, 4200, 4300] cpp_raw=[100, 100, 100, 100, 100, 200, 200, 100, 100, 100, 100, 100] relation_raw=[457400, 674300, 695100, 461900, 491400, 465500, 458100, 458100, 469600, 473400, 461400, 753200] public_ns=485850 approved_ns=4300 cpp_ns=100 relation_ns=467550 source=1218578f96e3de39 result=a84d7158b568dc8f
case op=copy-ubyte w=31 h=17 layout=universal public_raw=[93500, 92500, 107900, 100300, 150300, 93200, 122400, 95600, 92400, 107500, 92200, 175400] approved_raw=[4300, 4200, 4200, 4300, 4300, 4300, 4400, 4200, 4200, 4200, 4300, 4200] cpp_raw=[1600, 1600, 1600, 1600, 1600, 1600, 1600, 1600, 1600, 1600, 1600, 1600] relation_raw=[87400, 87300, 112400, 87500, 87000, 86700, 86800, 118000, 88300, 96300, 139800, 87300] public_ns=97950 approved_ns=4250 cpp_ns=1600 relation_ns=87450 source=104e8d8f8fae3401 result=94a85d26ce182761
case op=copy-float w=31 h=17 layout=universal public_raw=[92800, 93400, 95600, 132000, 113000, 93200, 92000, 92900, 92800, 108600, 93200, 94500] approved_raw=[4200, 4400, 4300, 4300, 4500, 4300, 4200, 4300, 4300, 4500, 4200, 4200] cpp_raw=[1900, 1900, 1900, 1900, 1900, 1900, 1900, 1800, 1700, 1800, 1800, 1800] relation_raw=[87400, 87200, 87500, 87000, 87400, 87500, 87400, 88100, 91800, 87800, 181600, 87400] public_ns=93300 approved_ns=4300 cpp_ns=1900 relation_ns=87450 source=48f4c2fdc1746a4f result=d2f02840ab86d547
case op=copy-Pod w=31 h=17 layout=universal public_raw=[95100, 91000, 92300, 92100, 91900, 91500, 103300, 91300, 92500, 92700, 91900, 92300] approved_raw=[4400, 4200, 4100, 4200, 4300, 4200, 4300, 4200, 4200, 4200, 4300, 4200] cpp_raw=[1900, 1900, 1900, 1900, 1900, 1900, 1900, 1800, 1700, 1700, 1700, 1800] relation_raw=[88400, 88200, 102900, 88700, 88800, 88500, 89000, 89300, 87700, 88200, 142300, 88200] public_ns=92200 approved_ns=4200 cpp_ns=1900 relation_ns=88600 source=a443bfcbbed0823e result=e7d6d6f5c5dc3c8e
case op=convert-ubyte-float w=31 h=17 layout=universal public_raw=[318100, 317000, 463700, 305500, 266300, 380000, 265900, 317400, 265200, 265800, 330100, 267000] approved_raw=[4200, 4500, 6900, 34400, 4300, 9200, 4300, 4300, 4200, 4600, 4300, 4300] cpp_raw=[300, 500, 500, 900, 300, 700, 400, 300, 300, 300, 300, 400] relation_raw=[349200, 262700, 298900, 364000, 306600, 475800, 324800, 260900, 267900, 275800, 261000, 307900] public_ns=311250 approved_ns=4300 cpp_ns=350 relation_ns=302750 source=104e8d8f8fae3401 result=91affb8b2dfc4eb7
case op=copy-ubyte w=31 h=17 layout=universal-negative public_raw=[93100, 180900, 93800, 93200, 92900, 92900, 123500, 93200, 92800, 92800, 92400, 93200] approved_raw=[4200, 4200, 4300, 4200, 4200, 4200, 4300, 4200, 4200, 4200, 4200, 4200] cpp_raw=[1700, 1700, 1800, 1800, 1700, 1700, 1700, 1800, 1700, 1700, 1700, 1700] relation_raw=[88200, 88100, 340200, 88500, 88400, 88200, 88400, 88800, 88300, 91100, 128900, 119200] public_ns=93150 approved_ns=4200 cpp_ns=1700 relation_ns=88450 source=705335b9cf6847c1 result=2bfddff94a971f61
case op=copy-float w=31 h=17 layout=universal-negative public_raw=[96000, 155800, 95900, 100500, 96000, 96700, 97600, 97600, 94500, 99600, 125000, 95400] approved_raw=[4400, 4300, 4200, 4300, 4300, 4500, 4200, 4300, 4300, 4400, 4300, 4300] cpp_raw=[1900, 1900, 1900, 1900, 1900, 1800, 1900, 1900, 1900, 1900, 1900, 1900] relation_raw=[87300, 87700, 88900, 111900, 141800, 90000, 130700, 90400, 87800, 113900, 91900, 91300] public_ns=97150 approved_ns=4300 cpp_ns=1900 relation_ns=90850 source=eada538057fb86ef result=faa4d5eeeda68847
case op=copy-Pod w=31 h=17 layout=universal-negative public_raw=[94200, 93800, 93900, 94300, 91600, 106400, 95400, 96300, 91600, 92200, 94300, 91500] approved_raw=[4300, 4200, 4300, 4200, 4100, 4200, 4300, 4200, 4200, 4200, 4300, 4300] cpp_raw=[1900, 1900, 1900, 1900, 1900, 1900, 1800, 1700, 1700, 1800, 1800, 1700] relation_raw=[92000, 91800, 106500, 92500, 88800, 92900, 93200, 90300, 132900, 131800, 90200, 88900] public_ns=94050 approved_ns=4200 cpp_ns=1850 relation_ns=92250 source=7483a89971f477de result=c1c9f074f82c752e
case op=convert-ubyte-float w=31 h=17 layout=universal-negative public_raw=[296600, 295100, 321600, 295700, 309000, 296900, 313000, 368200, 322100, 298000, 312500, 295000] approved_raw=[4300, 4400, 4300, 4300, 4200, 4300, 4300, 4500, 4300, 4300, 4300, 4300] cpp_raw=[300, 300, 300, 300, 300, 300, 300, 300, 300, 300, 300, 300] relation_raw=[290900, 302000, 324900, 293600, 302200, 322900, 291100, 290800, 290900, 293200, 292000, 291400] public_ns=303500 approved_ns=4300 cpp_ns=300 relation_ns=292600 source=705335b9cf6847c1 result=6cdfcfcdfb5c4eb7
case op=copy-ubyte w=31 h=17 layout=repeated-source public_raw=[98200, 101300, 100400, 125500, 95500, 95500, 94700, 95500, 94800, 95400, 94800, 95800] approved_raw=[4200, 4300, 4200, 4200, 4100, 4200, 4100, 4200, 4300, 4300, 4200, 4300] cpp_raw=[100, 100, 100, 100, 0, 0, 0, 0, 0, 100, 0, 100] relation_raw=[88900, 89000, 88900, 124800, 88000, 88200, 88000, 88000, 103000, 89700, 89200, 147900] public_ns=95500 approved_ns=4200 cpp_ns=50 relation_ns=88950 source=e456631d381264c9 result=79abf60b12593ba9
case op=copy-float w=31 h=17 layout=repeated-source public_raw=[91500, 92100, 91600, 95500, 95300, 95600, 122400, 100500, 100300, 97900, 111700, 92800] approved_raw=[4200, 4300, 4200, 4300, 4300, 4300, 4300, 4300, 4500, 4400, 4300, 4200] cpp_raw=[100, 0, 0, 100, 0, 0, 0, 100, 0, 0, 100, 100] relation_raw=[90000, 90400, 88800, 106900, 92600, 97500, 132300, 91700, 87600, 87700, 87500, 90300] public_ns=95550 approved_ns=4300 cpp_ns=0 relation_ns=90350 source=187f646e4a13563f result=adddf47c9b74a697
case op=copy-Pod w=31 h=17 layout=repeated-source public_raw=[118900, 92900, 92600, 92700, 92500, 92300, 91900, 92000, 121700, 98800, 97400, 94200] approved_raw=[4300, 4200, 4200, 4200, 4200, 4200, 4200, 4200, 4300, 4300, 4300, 4200] cpp_raw=[100, 100, 100, 100, 100, 100, 100, 100, 100, 100, 100, 100] relation_raw=[95500, 92300, 92300, 92400, 109400, 96100, 95800, 95400, 124700, 94900, 95000, 94800] public_ns=92800 approved_ns=4200 cpp_ns=100 relation_ns=95200 source=af5c371632147dfa result=b77ad4f97670f65a
case op=convert-ubyte-float w=31 h=17 layout=repeated-source public_raw=[476300, 465500, 462100, 464700, 474600, 496000, 473800, 476000, 459800, 502200, 474400, 482600] approved_raw=[4200, 4500, 4400, 4300, 4200, 4300, 4200, 4200, 4300, 4300, 4300, 4400] cpp_raw=[100, 100, 100, 100, 100, 100, 100, 100, 100, 100, 100, 100] relation_raw=[465500, 523200, 546600, 489500, 490300, 592300, 456100, 457600, 513200, 503400, 456300, 458000] public_ns=474500 approved_ns=4300 cpp_ns=100 relation_ns=489900 source=e456631d381264c9 result=9364c6c0b904dc8f
case op=copy-ubyte w=31 h=17 layout=zero-source public_raw=[28400, 28500, 28600, 28600, 28200, 28200, 28200, 34900, 28500, 55700, 28500, 28500] approved_raw=[4200, 4300, 4300, 4200, 4200, 4100, 4200, 4200, 4200, 4100, 4400, 4200] cpp_raw=[1600, 1600, 1600, 1600, 1600, 1600, 1600, 1600, 1600, 1600, 1600, 1600] relation_raw=[24400, 24500, 24700, 24800, 24400, 24600, 24400, 50100, 24800, 24700, 24800, 25000] public_ns=28500 approved_ns=4200 cpp_ns=1600 relation_ns=24700 source=53e35892b0900a36 result=c64ce8b5472789e4
case op=copy-float w=31 h=17 layout=zero-source public_raw=[29000, 28900, 29000, 28900, 41800, 28600, 28700, 28700, 28700, 29600, 29000, 28700] approved_raw=[4300, 4400, 4300, 4400, 4300, 4300, 4300, 4300, 4200, 4200, 4200, 4300] cpp_raw=[1900, 2000, 1900, 1900, 1800, 1900, 1900, 1900, 1900, 1900, 1900, 1900] relation_raw=[24700, 24500, 24400, 24300, 24700, 24600, 24400, 24300, 24300, 25000, 24600, 24600] public_ns=28900 approved_ns=4300 cpp_ns=1900 relation_ns=24550 source=48a265c435185a17 result=a412cbd3d3c5dc8f
case op=copy-Pod w=31 h=17 layout=zero-source public_raw=[28400, 28800, 28400, 28400, 28500, 28300, 28300, 28300, 28300, 28800, 28600, 28500] approved_raw=[4200, 4300, 4300, 4300, 4300, 4300, 4300, 4300, 4300, 4200, 4200, 4200] cpp_raw=[1900, 1900, 1900, 1900, 1900, 1900, 1900, 1900, 1900, 1900, 1900, 1900] relation_raw=[24400, 24300, 24300, 24100, 24200, 24300, 24100, 24300, 24200, 24100, 24100, 24200] public_ns=28400 approved_ns=4300 cpp_ns=1900 relation_ns=24200 source=6b0827ecdc4a539a result=3ed4b3ed28cdbf2
case op=convert-ubyte-float w=31 h=17 layout=zero-source public_raw=[109200, 75500, 75500, 75400, 75500, 89600, 75700, 74400, 77400, 75100, 75000, 74800] approved_raw=[4400, 8300, 4300, 4300, 4400, 4300, 4400, 4300, 4300, 4200, 4300, 4300] cpp_raw=[300, 300, 300, 300, 300, 300, 300, 300, 300, 300, 300, 300] relation_raw=[71500, 70300, 71500, 70300, 71000, 71000, 70900, 71000, 70600, 71200, 83100, 96400] public_ns=75500 approved_ns=4300 cpp_ns=300 relation_ns=71000 source=53e35892b0900a36 result=7db46195730ddc8f
case op=copy-ubyte w=256 h=128 layout=contiguous public_raw=[1400, 1700, 2100, 1300, 900, 2500, 2100, 1100, 1100, 2500, 1200, 1300] approved_raw=[277500, 273300, 262700, 278200, 266900, 264600, 262100, 364300, 262200, 265000, 263800, 1157400] cpp_raw=[700, 1000, 900, 700, 700, 800, 800, 900, 800, 1400, 700, 1000] relation_raw=[5282900, 5258300, 5435000, 5177200, 5379300, 6263600, 5448300, 5247500, 6649400, 5740500, 5289000, 5158900] public_ns=1350 approved_ns=265950 cpp_ns=800 relation_ns=5334150 source=e61b28efac3482a5 result=19f1026d069dd2bd
case op=copy-float w=256 h=128 layout=contiguous public_raw=[6000, 7000, 4100, 6500, 2600, 5000, 5600, 4200, 2600, 3800, 5000, 4900] approved_raw=[289300, 289500, 270300, 265600, 291700, 274500, 268700, 265200, 265400, 342500, 280500, 315200] cpp_raw=[2700, 2500, 3000, 2600, 2300, 2400, 2500, 3600, 2300, 2500, 2900, 2600] relation_raw=[5224300, 5372700, 5220600, 5621300, 5197900, 5239400, 4977700, 5263800, 5105800, 5039700, 5111200, 5000800] public_ns=4950 approved_ns=277500 cpp_ns=2550 relation_ns=5209250 source=94c035f8504217ab result=e20bab30ff99efbd
case op=copy-Pod w=256 h=128 layout=contiguous public_raw=[5400, 6000, 5600, 5100, 5200, 5800, 4900, 5100, 5400, 7100, 5900, 5200] approved_raw=[263600, 264600, 261900, 262300, 262100, 261900, 260900, 277700, 277800, 266000, 262100, 275900] cpp_raw=[5000, 5700, 4700, 4700, 6100, 4700, 5200, 4700, 5800, 5100, 5100, 4800] relation_raw=[5405600, 5255000, 5059100, 5062900, 5076500, 5083600, 5057500, 5049300, 5191800, 5246700, 5239900, 5196000] public_ns=5400 approved_ns=262950 cpp_ns=5050 relation_ns=5137700 source=780acdd2b0446151 result=3e08e0fcd50e93b1
case op=convert-ubyte-float w=256 h=128 layout=contiguous public_raw=[230700, 484300, 190800, 218200, 186800, 218900, 212600, 188600, 186600, 188500, 188300, 188300] approved_raw=[267200, 285500, 314100, 281600, 264800, 277200, 295500, 265100, 265500, 267200, 310400, 279000] cpp_raw=[3000, 3100, 3200, 3100, 5000, 3000, 3200, 2900, 2800, 2900, 3000, 2900] relation_raw=[27405700, 27591400, 29466400, 29366200, 26930500, 27310400, 27814700, 27788400, 27573500, 28198500, 26912600, 26680800] public_ns=189700 approved_ns=278100 cpp_ns=3000 relation_ns=27582450 source=e61b28efac3482a5 result=8edc22d932e14fbd
case op=copy-ubyte w=256 h=128 layout=padded public_raw=[5511500, 5328600, 5339800, 5658800, 5389500, 5433000, 5674800, 5369600, 5458500, 6038800, 5873700, 6560900] approved_raw=[265200, 262500, 265200, 305300, 289600, 266100, 289700, 276400, 279900, 274100, 267000, 297600] cpp_raw=[800, 800, 1100, 1100, 44900, 900, 1000, 1800, 900, 1000, 1400, 1500] relation_raw=[5020300, 5056800, 4972800, 4950200, 5102300, 5349000, 5042300, 4983500, 5088900, 6161700, 5207900, 6031900] public_ns=5485000 approved_ns=275250 cpp_ns=1050 relation_ns=5072850 source=e5a18b0018a9faa5 result=d702cf3fb5e29e3d
case op=copy-float w=256 h=128 layout=padded public_raw=[6052700, 5335600, 5395700, 5629100, 5636200, 5366900, 5538200, 5737200, 5587600, 5366900, 5707500, 5720800] approved_raw=[269300, 344200, 274100, 307600, 269800, 273100, 284300, 290000, 266200, 285500, 305600, 269100] cpp_raw=[2800, 2600, 3300, 2800, 2700, 2700, 2700, 3600, 2600, 2600, 2900, 2800] relation_raw=[5294600, 5144600, 5024300, 5523800, 5058000, 5010600, 5032700, 5177800, 5098900, 6422500, 5171300, 5040200] public_ns=5608350 approved_ns=279200 cpp_ns=2750 relation_ns=5121750 source=36662a215b68a60b result=bf1783c6025d513d
case op=copy-Pod w=256 h=128 layout=padded public_raw=[5458000, 5521700, 5254100, 5240600, 5505200, 5351900, 5423100, 5494100, 5490900, 5353100, 5245500, 5480500] approved_raw=[261100, 276000, 265800, 264100, 264300, 260500, 261600, 262300, 262400, 262200, 279600, 262100] cpp_raw=[5400, 5200, 5800, 5300, 6400, 6500, 5600, 5700, 5800, 6100, 6900, 7000] relation_raw=[5155800, 5378400, 5624100, 5050500, 5206600, 5343100, 5142000, 5058500, 5454600, 5209300, 5046800, 5255600] public_ns=5440550 approved_ns=262350 cpp_ns=5800 relation_ns=5207950 source=49f9223bca7c6711 result=6d7da255f160ecf1
case op=convert-ubyte-float w=256 h=128 layout=padded public_raw=[27253600, 28208400, 28402500, 28485500, 42235000, 29119700, 27690500, 27304400, 27433800, 27190900, 26802500, 27305100] approved_raw=[265000, 302100, 291000, 270600, 266300, 284200, 344900, 275000, 265400, 269100, 281800, 281600] cpp_raw=[2900, 3500, 3600, 3000, 3300, 3200, 3400, 3000, 2900, 3100, 3600, 3400] relation_raw=[27387100, 26936200, 27373500, 28457600, 27244300, 28030900, 26675800, 26600200, 36291200, 27294900, 26540000, 26535800] public_ns=27562150 approved_ns=278300 cpp_ns=3250 relation_ns=27269600 source=e5a18b0018a9faa5 result=8d94738f899eb13d
case op=copy-ubyte w=256 h=128 layout=negative-source public_raw=[5391200, 5301400, 5547100, 5266800, 5292800, 5376800, 5550900, 5253700, 5416100, 5303700, 5280700, 5294400] approved_raw=[400100, 264400, 264200, 278200, 280900, 264200, 266000, 263900, 264800, 263400, 263600, 278900] cpp_raw=[1000, 900, 1300, 1000, 800, 800, 900, 800, 1000, 800, 900, 900] relation_raw=[5222400, 5031300, 5003300, 5022000, 4990600, 4976400, 4994900, 5087600, 4986900, 5025800, 5014200, 5053500] public_ns=5302550 approved_ns=264600 cpp_ns=900 relation_ns=5018100 source=e5a18b0018a9faa5 result=d702cf3fb5e29e3d
case op=copy-float w=256 h=128 layout=negative-source public_raw=[5290200, 5507400, 5297900, 5338600, 6155100, 5417200, 5312800, 5322900, 5298300, 5392600, 5397200, 5366400] approved_raw=[265100, 314500, 268900, 266400, 276000, 321600, 268400, 268200, 268200, 276500, 281000, 280900] cpp_raw=[2700, 2700, 3000, 2900, 4300, 2800, 2600, 2700, 2700, 3200, 2700, 2900] relation_raw=[5227500, 5009500, 5090000, 4994700, 5990800, 5126300, 5197400, 5132500, 5015900, 5060900, 5166900, 5157700] public_ns=5352500 approved_ns=272450 cpp_ns=2750 relation_ns=5129400 source=36662a215b68a60b result=bf1783c6025d513d
case op=copy-Pod w=256 h=128 layout=negative-source public_raw=[5357800, 5895700, 5606900, 7338800, 5717400, 6011400, 5593700, 5440500, 5284100, 5294800, 5273600, 5294900] approved_raw=[262600, 264900, 277000, 273600, 317900, 318800, 263800, 262200, 262000, 261900, 261000, 265200] cpp_raw=[5100, 5600, 8600, 12200, 5500, 13600, 6400, 6700, 6000, 4900, 6200, 5500] relation_raw=[5357900, 5158100, 5278000, 5920900, 5308400, 5227500, 5423200, 5359800, 5005000, 5122200, 5009300, 5035000] public_ns=5517100 approved_ns=264350 cpp_ns=6100 relation_ns=5252750 source=7247388808cf2711 result=6d7da255f160ecf1
case op=convert-ubyte-float w=256 h=128 layout=negative-source public_raw=[27451700, 26855600, 27672400, 28268300, 28297800, 29166900, 29230300, 29331500, 28587900, 28416100, 29662300, 29840000] approved_raw=[269100, 290400, 280200, 266800, 456100, 299700, 323800, 279100, 267300, 269100, 268200, 266000] cpp_raw=[3100, 3100, 3400, 3200, 4600, 5200, 3600, 3400, 2800, 2900, 3300, 3700] relation_raw=[27707200, 26978600, 26649300, 28056800, 29757500, 29335100, 28567300, 31551100, 28408700, 29305200, 28670500, 29865000] public_ns=28502000 approved_ns=274100 cpp_ns=3350 relation_ns=28618900 source=e5a18b0018a9faa5 result=8d94738f899eb13d
case op=copy-ubyte w=256 h=128 layout=negative-both public_raw=[5903200, 5803800, 5965400, 5687200, 5921900, 5546500, 5622600, 5946800, 5567900, 5753600, 5945800, 6410200] approved_raw=[319600, 276100, 265100, 262500, 304900, 264100, 362200, 264700, 267400, 360300, 263400, 266100] cpp_raw=[1200, 1000, 1100, 1300, 1000, 1400, 1200, 2000, 1100, 1100, 1100, 1400] relation_raw=[5403300, 5396500, 5423800, 6526400, 8031900, 6579100, 5248200, 5367100, 5652100, 5315800, 5572800, 5487500] public_ns=5853500 approved_ns=266750 cpp_ns=1150 relation_ns=5455650 source=e5a18b0018a9faa5 result=d702cf3fb5e29e3d
case op=copy-float w=256 h=128 layout=negative-both public_raw=[5697500, 6056200, 6039100, 5578700, 5412500, 7715800, 8533400, 6876200, 6491400, 5641000, 7882800, 7419600] approved_raw=[269700, 333400, 270000, 268200, 269300, 498700, 268400, 297000, 267500, 266100, 365200, 289700] cpp_raw=[2800, 2700, 2800, 3700, 2800, 2700, 3700, 3200, 2600, 3100, 3000, 4000] relation_raw=[5333200, 5597300, 5289200, 5559600, 5123400, 5751300, 5682800, 7235200, 5801900, 5608700, 5088600, 5362600] public_ns=6273800 approved_ns=269850 cpp_ns=2900 relation_ns=5578450 source=36662a215b68a60b result=bf1783c6025d513d
case op=copy-Pod w=256 h=128 layout=negative-both public_raw=[6288200, 7027200, 6053100, 7211300, 5597900, 5307900, 6724200, 6634300, 5777700, 6014200, 5491900, 6591900] approved_raw=[264200, 383900, 315400, 262600, 478600, 522500, 275500, 321700, 262700, 262000, 262000, 279100] cpp_raw=[6000, 6400, 7600, 8700, 8000, 6000, 5900, 5800, 5900, 5800, 5900, 437800] relation_raw=[5606900, 5499000, 6250700, 11749000, 5161500, 5926700, 5165600, 5169600, 5249300, 5057000, 5115100, 6191600] public_ns=6170650 approved_ns=277300 cpp_ns=6000 relation_ns=5374150 source=7247388808cf2711 result=9cc58c133fed2cf1
case op=convert-ubyte-float w=256 h=128 layout=negative-both public_raw=[30466500, 28740600, 30514800, 32330800, 30438300, 29350200, 34853000, 30171900, 29737200, 27595600, 29190900, 29992500] approved_raw=[280800, 305100, 267400, 269200, 266600, 295100, 912100, 276300, 306700, 269800, 323900, 286800] cpp_raw=[3600, 3200, 3700, 3600, 3000, 3500, 3500, 3500, 3400, 3500, 3800, 3400] relation_raw=[29641300, 30877900, 33571100, 29085100, 27795700, 32154800, 30183200, 28449800, 28003300, 27998300, 28349700, 27068000] public_ns=30082200 approved_ns=283800 cpp_ns=3500 relation_ns=28767450 source=e5a18b0018a9faa5 result=8d94738f899eb13d
case op=copy-ubyte w=256 h=128 layout=universal public_raw=[6002500, 5814300, 6411700, 7631500, 5846000, 5557200, 5917100, 5354200, 5391900, 5406100, 5486900, 5487500] approved_raw=[277300, 259900, 265400, 276700, 261800, 266800, 268200, 263300, 274900, 263400, 258800, 265100] cpp_raw=[98400, 98900, 98400, 98600, 98400, 99000, 98500, 98600, 100000, 109100, 108900, 127500] relation_raw=[5587600, 13114700, 4965700, 7081800, 5747200, 5130900, 5426900, 5171300, 5080000, 4990400, 5107400, 5002300] public_ns=5685750 approved_ns=265250 cpp_ns=98750 relation_ns=5151100 source=2ca74caf843b767b result=186aee41ab7388cf
case op=copy-float w=256 h=128 layout=universal public_raw=[5645200, 5776000, 5490300, 5641500, 5652000, 5466800, 5614000, 5534200, 5356400, 5515600, 5630800, 5367300] approved_raw=[269800, 308100, 267700, 341200, 338400, 269600, 266200, 331100, 284600, 270000, 282000, 265800] cpp_raw=[107300, 185000, 107400, 107600, 107200, 107300, 107500, 107300, 107200, 122400, 107900, 116700] relation_raw=[8052700, 5166300, 5189100, 5122100, 5075600, 5000800, 5313300, 5284000, 5318000, 5044200, 5017100, 5002500] public_ns=5574100 approved_ns=276000 cpp_ns=107450 relation_ns=5144200 source=2602f36fdf024e48 result=a35a34c9a114294f
case op=copy-Pod w=256 h=128 layout=universal public_raw=[5259700, 5336400, 5274300, 5583400, 5529900, 5382500, 5416300, 5530600, 5426700, 6133500, 5858100, 6848800] approved_raw=[281100, 303400, 294800, 266100, 262400, 262900, 262900, 264100, 303600, 347500, 339400, 345500] cpp_raw=[108400, 108200, 108200, 107600, 125800, 121500, 107800, 111400, 167900, 110900, 145200, 137700] relation_raw=[5164600, 5183500, 5362100, 5069100, 5167100, 5472800, 6895200, 5514100, 5609700, 5460600, 7152600, 5640100] public_ns=5478300 approved_ns=287950 cpp_ns=111150 relation_ns=5466700 source=e9e6a4e830f5d812 result=65aae9126466d5ba
case op=convert-ubyte-float w=256 h=128 layout=universal public_raw=[19040100, 16384400, 18037400, 17001100, 15844500, 19646100, 17663700, 16378900, 15691900, 15500800, 15618700, 17584300] approved_raw=[274900, 268200, 345000, 268800, 266000, 271600, 279100, 270800, 263100, 268100, 288600, 290500] cpp_raw=[18400, 18900, 18300, 51600, 18200, 18800, 18800, 18700, 18100, 18300, 19100, 18300] relation_raw=[15535700, 16344900, 15948600, 16100400, 19838000, 19406700, 19452100, 15701000, 15217600, 15326200, 15161100, 15229800] public_ns=16692750 approved_ns=271200 cpp_ns=18550 relation_ns=15824800 source=2ca74caf843b767b result=9981b35893e1a94f
case op=copy-ubyte w=256 h=128 layout=universal-negative public_raw=[5794900, 5480800, 5637100, 5462000, 6180300, 5596400, 5603400, 5662000, 5681800, 5698400, 5434000, 5586000] approved_raw=[266400, 309600, 271500, 276500, 500200, 262400, 278200, 274700, 282400, 293100, 274100, 266300] cpp_raw=[98400, 98400, 112200, 98400, 99500, 98400, 98600, 138400, 98300, 98500, 98500, 120300] relation_raw=[5326000, 5126400, 5056300, 5154900, 5690600, 5110300, 5313500, 5452600, 5330500, 5269900, 5022800, 5056100] public_ns=5620250 approved_ns=275600 cpp_ns=98500 relation_ns=5212400 source=aee6fc6fec93767b result=e78d431e19cc88cf
case op=copy-float w=256 h=128 layout=universal-negative public_raw=[5559700, 6936600, 5752000, 5571700, 5568800, 5888800, 6280300, 5582700, 5819200, 6183700, 7756700, 5759900] approved_raw=[269300, 269400, 279500, 266600, 544700, 289400, 281300, 270200, 285400, 295000, 299400, 282800] cpp_raw=[107500, 107400, 177500, 107500, 107300, 107300, 107200, 107500, 107400, 107200, 107700, 107400] relation_raw=[5159700, 5211600, 6852700, 5191300, 5842300, 5337700, 5317100, 5133300, 5434000, 5740600, 5623700, 5984000] public_ns=5789550 approved_ns=282050 cpp_ns=107400 relation_ns=5385850 source=a257b6291ff8ce48 result=6438f003893e294f
case op=copy-Pod w=256 h=128 layout=universal-negative public_raw=[5630900, 6149600, 5313700, 5356700, 6756200, 5647100, 5490700, 5939800, 6052400, 5728500, 5764300, 5939600] approved_raw=[275200, 364100, 411700, 263100, 263500, 276900, 301000, 389000, 262500, 263800, 265400, 278300] cpp_raw=[107900, 107700, 120600, 107400, 126100, 107400, 107900, 108000, 129400, 107600, 107700, 107600] relation_raw=[5800200, 5495600, 5413900, 5371200, 5405000, 6244200, 6075700, 5374600, 5634100, 5422100, 5420300, 5431100] public_ns=5746400 approved_ns=276050 cpp_ns=107800 relation_ns=5426600 source=9d3846764beed812 result=da53e1b7f4d855ba
case op=convert-ubyte-float w=256 h=128 layout=universal-negative public_raw=[18550600, 18294500, 18010000, 19882900, 17986800, 18413500, 17963700, 18172900, 18416700, 19664800, 18261500, 17862500] approved_raw=[283900, 278500, 267600, 266600, 347900, 599700, 351500, 290600, 266200, 471500, 650900, 275500] cpp_raw=[18200, 18100, 18400, 18200, 18300, 18700, 18200, 18300, 18200, 18500, 18200, 30100] relation_raw=[18350900, 18092600, 17562600, 17767000, 17674800, 17706700, 18016900, 18314800, 17706800, 17464300, 17097200, 17961900] public_ns=18278000 approved_ns=287250 cpp_ns=18250 relation_ns=17736900 source=aee6fc6fec93767b result=b595bddcda97a94f
case op=copy-ubyte w=256 h=128 layout=repeated-source public_raw=[5634800, 5829000, 7798600, 18967100, 5824700, 7641800, 6756800, 6377600, 5739300, 5428000, 8276100, 5901100] approved_raw=[266000, 266100, 277900, 411600, 267800, 260200, 261100, 289600, 259900, 291200, 262900, 398800] cpp_raw=[800, 1400, 800, 1900, 1000, 900, 1000, 1800, 700, 800, 900, 1200] relation_raw=[5234600, 5147900, 7362600, 18959400, 5487200, 5426100, 7605800, 5493900, 5261500, 5457300, 5660000, 5268400] public_ns=6139350 approved_ns=266950 cpp_ns=950 relation_ns=5472250 source=b801a0f8ceb910a5 result=d702cf3fb5e29e3d
case op=copy-float w=256 h=128 layout=repeated-source public_raw=[5888300, 5833600, 5866300, 5971600, 5720500, 6723200, 6059600, 5779500, 5635300, 6090600, 5843700, 5867600] approved_raw=[284700, 283300, 265400, 332100, 267200, 307500, 391200, 267800, 273900, 354800, 269000, 266300] cpp_raw=[2700, 2000, 2300, 2400, 2000, 2100, 2700, 2200, 2300, 2200, 2600, 2300] relation_raw=[5250900, 5462100, 5241400, 5251100, 5227800, 5141400, 7014300, 5285900, 5981100, 5295400, 5167700, 5637700] public_ns=5866950 approved_ns=278600 cpp_ns=2300 relation_ns=5268500 source=2ab4dac9ab1576eb result=bf1783c6025d513d
case op=copy-Pod w=256 h=128 layout=repeated-source public_raw=[5944700, 5279800, 5536900, 5862100, 7178400, 5554300, 5527200, 5448700, 5800900, 5360300, 5776200, 5663400] approved_raw=[260800, 265200, 262900, 262800, 426900, 279700, 281000, 316300, 365100, 262000, 299900, 261900] cpp_raw=[3100, 3600, 3600, 3300, 3600, 3500, 3100, 3500, 3200, 4100, 3200, 3800] relation_raw=[5198500, 5135800, 5090500, 5053400, 5491000, 5140100, 5289000, 5414500, 5437400, 5178200, 5112000, 5127700] public_ns=5608850 approved_ns=272450 cpp_ns=3500 relation_ns=5159150 source=eeeb850fb0e39951 result=fb16e77c4b15ecf1
case op=convert-ubyte-float w=256 h=128 layout=repeated-source public_raw=[27012900, 27278600, 28099500, 27895400, 28225700, 27919500, 27741300, 27950400, 29106200, 28421000, 28295800, 29388500] approved_raw=[269500, 267200, 282900, 279000, 419800, 300800, 269600, 265100, 319600, 266700, 266100, 279700] cpp_raw=[3800, 3100, 3400, 3300, 3300, 3000, 3000, 3400, 3000, 3200, 3100, 2900] relation_raw=[27411700, 26855600, 27075700, 27510100, 32273400, 27389900, 27644100, 31708700, 28184200, 27013200, 27316400, 28087500] public_ns=28024950 approved_ns=274300 cpp_ns=3150 relation_ns=27460900 source=b801a0f8ceb910a5 result=8d94738f899eb13d
case op=copy-ubyte w=256 h=128 layout=zero-source public_raw=[1679500, 1686200, 1952300, 1739000, 1673400, 1696000, 1755900, 1649100, 1672000, 1707800, 1666700, 2016000] approved_raw=[260500, 263100, 267000, 327900, 267200, 265900, 266300, 327900, 264100, 263300, 263700, 263100] cpp_raw=[98400, 98400, 149300, 98300, 98300, 98300, 98300, 98500, 98300, 98300, 98400, 98500] relation_raw=[1491900, 1496100, 1715300, 1549100, 1455800, 1414000, 1438500, 1417600, 1510800, 1393100, 1514000, 1423300] public_ns=1691100 approved_ns=265000 cpp_ns=98350 relation_ns=1473850 source=ea3b47c803d61b61 result=805f2b0ca3e19e3d
case op=copy-float w=256 h=128 layout=zero-source public_raw=[1771300, 1867200, 1684700, 1675900, 1633600, 1702400, 1719400, 1635500, 1690300, 2062700, 1698900, 1658300] approved_raw=[276900, 267400, 266700, 265000, 278500, 269500, 350700, 287800, 266900, 267700, 320500, 273300] cpp_raw=[107300, 119000, 107400, 116100, 116100, 107200, 122900, 115900, 107000, 116100, 107100, 107000] relation_raw=[1378700, 1369500, 1539200, 1397500, 1653400, 1491700, 1418000, 1388500, 1611600, 1610600, 1553200, 1466500] public_ns=1694600 approved_ns=271400 cpp_ns=111650 relation_ns=1479100 source=3ee659a586185a17 result=d3a2f65955b6b13d
case op=copy-Pod w=256 h=128 layout=zero-source public_raw=[1653800, 2110800, 2539600, 1637700, 1693200, 1721900, 1774300, 1633900, 1714000, 1677600, 1636800, 1654000] approved_raw=[262200, 274300, 262300, 263700, 266500, 265300, 303200, 266200, 265500, 261500, 272800, 261700] cpp_raw=[107200, 107100, 120000, 119300, 107200, 107200, 107900, 107100, 173700, 107100, 121200, 107100] relation_raw=[1386400, 1383800, 1562800, 1458400, 1474400, 2039000, 1565600, 1482700, 1503400, 2320200, 1380700, 1374200] public_ns=1685400 approved_ns=265400 cpp_ns=107200 relation_ns=1478550 source=52489578602bbe06 result=ef186d4d74d56cf1
case op=convert-ubyte-float w=256 h=128 layout=zero-source public_raw=[4726300, 5014100, 4382300, 4639800, 4623400, 4650700, 4331500, 4466300, 4633900, 4410300, 4841300, 4404200] approved_raw=[277600, 279800, 300300, 264500, 283900, 269100, 277200, 313300, 298800, 265800, 422900, 277600] cpp_raw=[17900, 18100, 17900, 18100, 18100, 18000, 18400, 18100, 17900, 18000, 18000, 18100] relation_raw=[4150000, 4119600, 4249100, 4635600, 4178600, 4269300, 4060300, 4141100, 4477100, 4033300, 4308700, 4150600] public_ns=4628650 approved_ns=278700 cpp_ns=18050 relation_ns=4164600 source=ea3b47c803d61b61 result=fb8549580c3ab13d
case op=copy-ubyte w=2048 h=512 layout=contiguous public_raw=[52800, 29600, 40600, 40000, 26900, 28700, 29500, 30200, 24800, 31300, 32200, 28300] approved_raw=[9066300, 8751800, 9021100, 8975500, 9158600, 8694300, 8929200, 8686000, 8984900, 9412000, 8551700, 9288000] cpp_raw=[74000, 33600, 210400, 50800, 48300, 42500, 34200, 33900, 43400, 59200, 38000, 46800] relation_raw=[83289400, 83402000, 82914500, 85280000, 94187100, 86555000, 82185800, 82681500, 90332900, 85570600, 85599200, 84663800] public_ns=29900 approved_ns=8980200 cpp_ns=45100 relation_ns=84971900 source=2330a0f18d4d82a5 result=80d2fb93a399d2bd
case op=copy-float w=2048 h=512 layout=contiguous public_raw=[191700, 245600, 194100, 200000, 158300, 200100, 293100, 193100, 147900, 458700, 222500, 187500] approved_raw=[10343800, 9155300, 9279000, 9907100, 9050000, 8893200, 9103700, 9070200, 8955500, 8646500, 8853800, 8677200] cpp_raw=[172000, 150200, 167300, 178800, 201100, 168000, 165200, 145900, 153100, 187900, 156100, 139700] relation_raw=[84867300, 85802500, 83154000, 110510600, 92664300, 88792500, 87124400, 91005100, 86982400, 88346700, 91189700, 86813300] public_ns=197050 approved_ns=9060100 cpp_ns=166250 relation_ns=87735550 source=13b5de7322d2f7ab result=d89816c09b0f4fbd
case op=copy-Pod w=2048 h=512 layout=contiguous public_raw=[356300, 338400, 348200, 359000, 324300, 378000, 500100, 331700, 322800, 496100, 351200, 1173900] approved_raw=[8498900, 8522500, 8872800, 9043100, 8873300, 10387300, 9106400, 8695900, 9106400, 9204400, 9969500, 9699500] cpp_raw=[353200, 335400, 343300, 349300, 400500, 340400, 354600, 340200, 356600, 398700, 331600, 342900] relation_raw=[82730800, 83511000, 85105400, 84497100, 86760100, 85595800, 88743300, 82900200, 96392100, 91525400, 92844500, 90561300] public_ns=353750 approved_ns=9074750 cpp_ns=346300 relation_ns=86177950 source=d8cd6555f4166151 result=59e0883c487093b1
case op=convert-ubyte-float w=2048 h=512 layout=contiguous public_raw=[6136900, 6388800, 6073600, 6390000, 6124000, 9191600, 6090200, 6433700, 6338800, 6397700, 6365200, 6093900] approved_raw=[8707200, 8915700, 9010000, 9106800, 8812100, 8996100, 8730400, 23187700, 8783800, 9739700, 8695700, 9212900] cpp_raw=[132900, 99800, 92700, 98300, 98100, 89400, 166200, 99300, 97900, 101500, 89600, 87200] relation_raw=[447143600, 452286100, 443850400, 457239200, 434437700, 470851300, 446962500, 451205500, 465033400, 454041300, 480021200, 444229500] public_ns=6352000 approved_ns=8955900 cpp_ns=98200 relation_ns=451745800 source=2330a0f18d4d82a5 result=8830660fbe034fbd
case op=copy-ubyte w=2048 h=512 layout=padded public_raw=[91689000, 90855800, 90451900, 89610100, 95221100, 100453600, 91755900, 89576200, 94409100, 96849200, 96239100, 95049500] approved_raw=[9005300, 8554200, 8503700, 8594900, 8869000, 8611600, 8781000, 8588400, 8966700, 10395100, 8847500, 9237600] cpp_raw=[31600, 31700, 41300, 32600, 37000, 34500, 48000, 46000, 42300, 55800, 45600, 60300] relation_raw=[81590800, 82531300, 81425200, 83434700, 82082500, 82566800, 81709800, 83082600, 85297800, 85685500, 86830300, 94891400] public_ns=93082500 approved_ns=8814250 cpp_ns=41800 relation_ns=82824700 source=ae83cf5b1e4efaa5 result=824b457e72415e3d
case op=copy-float w=2048 h=512 layout=padded public_raw=[96318300, 95927000, 92440800, 93941300, 97658800, 97113100, 92920900, 92313300, 96416500, 92271100, 94037900, 92270900] approved_raw=[9441400, 9153000, 13749100, 12410800, 9363900, 9890300, 8657000, 10678600, 8967200, 9204200, 8873700, 8837100] cpp_raw=[138100, 2220100, 157000, 203000, 148100, 189600, 171200, 127600, 128500, 190200, 148200, 145100] relation_raw=[86526400, 94178700, 86801000, 88661800, 84809300, 86342200, 85675100, 82738900, 93532300, 86336700, 85107000, 83516300] public_ns=93989600 approved_ns=9284050 cpp_ns=152600 relation_ns=86339450 source=f707132824e3b60b result=7e1f3007cb46713d
case op=copy-Pod w=2048 h=512 layout=padded public_raw=[101437400, 94194900, 95466000, 93714000, 94869300, 95764300, 99787500, 93700800, 102687400, 94242100, 93611000, 92731400] approved_raw=[9125200, 10201900, 8660700, 9019000, 9164400, 9226700, 8801200, 9255200, 8762700, 9397400, 9212800, 8998600] cpp_raw=[344100, 330300, 337900, 337300, 383800, 544400, 377000, 380200, 382800, 527600, 366300, 479900] relation_raw=[86251600, 90227900, 88003500, 89370400, 84979900, 83705400, 87034800, 87221700, 99038400, 85159500, 85040500, 86347100] public_ns=94555700 approved_ns=9144800 cpp_ns=378600 relation_ns=86690950 source=e31314711d294711 result=cd84131d95f48cf1
case op=convert-ubyte-float w=2048 h=512 layout=padded public_raw=[463659800, 506230300, 454555500, 469895000, 485248500, 457347600, 475278800, 491770400, 460633900, 462424200, 449528700, 448938500] approved_raw=[8703300, 9789700, 9080900, 9216900, 9603200, 9273200, 8796800, 8724400, 9553200, 9226600, 8739600, 9051000] cpp_raw=[87600, 163000, 88600, 98000, 87200, 114000, 153600, 87900, 98100, 146600, 98600, 99000] relation_raw=[467562900, 462716600, 471467900, 466634700, 453636600, 465206100, 442363100, 449491600, 483876500, 450141300, 442606600, 440386400] public_ns=463042000 approved_ns=9148900 cpp_ns=98350 relation_ns=458176600 source=ae83cf5b1e4efaa5 result=a6f0b1d68eba713d
case op=copy-ubyte w=2048 h=512 layout=negative-source public_raw=[90600200, 93208600, 99573900, 95254300, 101849300, 102680400, 103849500, 99515000, 95439700, 100426800, 97542400, 90592200] approved_raw=[9183300, 8950900, 9433300, 9335900, 9434700, 8742700, 8731700, 8813100, 9322100, 10703100, 9452400, 9338700] cpp_raw=[38100, 47600, 52700, 64800, 71500, 34000, 94100, 34000, 35100, 258000, 99100, 92100] relation_raw=[88138400, 82049000, 83708800, 91341300, 88095400, 87058600, 86825500, 92551900, 104451000, 87297300, 102196300, 84717600] public_ns=98528700 approved_ns=9329000 cpp_ns=58750 relation_ns=87696350 source=ae83cf5b1e4efaa5 result=824b457e72415e3d
case op=copy-float w=2048 h=512 layout=negative-source public_raw=[93297600, 94159000, 93930800, 93308400, 108492100, 106962400, 103072000, 96615000, 95858600, 95736300, 99223800, 93751300] approved_raw=[9448600, 9496900, 9386100, 8985600, 9382500, 10619200, 13915200, 9342600, 9445800, 9808100, 9767300, 9617300] cpp_raw=[234400, 301300, 302700, 221600, 525600, 312800, 211100, 282100, 301300, 246000, 352300, 210900] relation_raw=[83123400, 84849600, 84414700, 88174600, 92778600, 92076300, 113288900, 90065800, 90149300, 90751100, 87497600, 84261000] public_ns=95797450 approved_ns=9472750 cpp_ns=291700 relation_ns=89120200 source=f707132824e3b60b result=7e1f3007cb46713d
case op=copy-Pod w=2048 h=512 layout=negative-source public_raw=[93935300, 98312500, 91593300, 105543500, 97050500, 101374200, 102235400, 105389500, 98512100, 94950200, 95261300, 94999400] approved_raw=[8731300, 9441000, 8813500, 9407900, 9416100, 9996600, 10478200, 10017400, 9679500, 9546200, 10385100, 8862500] cpp_raw=[2749400, 880700, 720900, 608000, 659500, 887700, 798100, 692400, 623600, 555000, 645800, 560300] relation_raw=[88963500, 85452200, 82777300, 82686000, 93088600, 86898500, 92867800, 93837500, 89361900, 87462500, 86288500, 88136000] public_ns=97681500 approved_ns=9493600 cpp_ns=675950 relation_ns=87799250 source=a98d88b93a2d4711 result=cd84131d95f48cf1
case op=convert-ubyte-float w=2048 h=512 layout=negative-source public_raw=[464561300, 457734900, 475765600, 474438100, 493760500, 467586400, 493320000, 457766300, 488416200, 457990300, 462185600, 473576100] approved_raw=[9514500, 9116300, 9293500, 9436900, 10614300, 9233100, 9358100, 10669900, 11568400, 8789300, 10625200, 10418500] cpp_raw=[818000, 238000, 256400, 235000, 282200, 255900, 541700, 325500, 303300, 264100, 284700, 252900] relation_raw=[447792200, 447209900, 445391400, 466546700, 516913300, 459732000, 476197800, 443476300, 452864800, 436404800, 452360400, 453138500] public_ns=470581250 approved_ns=9475700 cpp_ns=273150 relation_ns=452612600 source=ae83cf5b1e4efaa5 result=a6f0b1d68eba713d
case op=copy-ubyte w=2048 h=512 layout=negative-both public_raw=[97263900, 103051800, 106414800, 93841800, 91830400, 95914900, 131871900, 94335700, 93049100, 102086800, 98433300, 107191500] approved_raw=[8772300, 8987700, 11129400, 9124300, 8720900, 9192200, 9307300, 9082100, 8983600, 8946200, 9031700, 9039900] cpp_raw=[37100, 41000, 73100, 66300, 79500, 40200, 39900, 74200, 62800, 66200, 64000, 58400] relation_raw=[92073300, 87664700, 85298800, 87338300, 91706800, 83532800, 84623900, 89674500, 85653400, 84950100, 85794500, 86455000] public_ns=97848600 approved_ns=9035800 cpp_ns=63400 relation_ns=86124750 source=ae83cf5b1e4efaa5 result=824b457e72415e3d
case op=copy-float w=2048 h=512 layout=negative-both public_raw=[104827700, 100362300, 98233200, 97062500, 93379900, 100152200, 103749900, 105655500, 92367600, 94354400, 94724200, 98577900] approved_raw=[9189900, 9191400, 10154500, 9496800, 9166300, 8899900, 9166400, 9215400, 9219200, 9436700, 8843300, 8803400] cpp_raw=[181900, 310900, 228300, 212100, 246300, 207700, 448000, 218200, 212200, 300600, 248200, 357100] relation_raw=[87296200, 92743600, 86802500, 94460200, 84752300, 89891400, 86019100, 88216500, 85229000, 85673900, 91984600, 86766300] public_ns=98405550 approved_ns=9190650 cpp_ns=237300 relation_ns=87049350 source=f707132824e3b60b result=7e1f3007cb46713d
case op=copy-Pod w=2048 h=512 layout=negative-both public_raw=[98666200, 98506600, 93285900, 93586500, 92839000, 94234200, 93097400, 94903300, 91153000, 92389000, 93320700, 95722600] approved_raw=[9115700, 9232900, 9622800, 8712900, 9657300, 9012300, 9088200, 8791000, 9676500, 9596600, 17125900, 9452800] cpp_raw=[783100, 685700, 1010400, 690400, 872200, 754100, 764200, 682900, 667400, 660100, 639800, 588900] relation_raw=[82626300, 89026700, 87037800, 87641100, 83971100, 85165600, 86656100, 86422100, 99592900, 87171500, 87159600, 83834200] public_ns=93453600 approved_ns=9342850 cpp_ns=688050 relation_ns=86846950 source=a98d88b93a2d4711 result=35d2d67477ff8cf1
case op=convert-ubyte-float w=2048 h=512 layout=negative-both public_raw=[485094400, 446966600, 448518200, 503936100, 491486000, 483341800, 488532000, 485086900, 487855500, 460962600, 476522500, 461368200] approved_raw=[9851600, 15797100, 8700100, 9390800, 9589900, 9131500, 9633700, 9852100, 9655100, 9638900, 9241300, 9140400] cpp_raw=[167300, 452900, 162700, 163100, 159600, 541600, 330500, 196300, 170500, 353900, 394800, 165600] relation_raw=[466947400, 460109800, 456552100, 459798200, 481770300, 483003800, 484858400, 477478600, 485430900, 465491100, 457653600, 458210100] public_ns=484214350 approved_ns=9611800 cpp_ns=183400 relation_ns=466219250 source=ae83cf5b1e4efaa5 result=a6f0b1d68eba713d
case op=copy-ubyte w=2048 h=512 layout=universal public_raw=[94939400, 94139900, 93764900, 93008600, 93893500, 98980300, 92753600, 96069900, 94867400, 97801300, 94036600, 94000000] approved_raw=[9089200, 9157400, 9605000, 9133900, 8869700, 8988200, 8978900, 8855500, 8823500, 9033300, 9177600, 8787900] cpp_raw=[3450400, 3287000, 3233300, 3342600, 3413800, 3264000, 3382200, 3471900, 3322400, 3602800, 3820400, 3287300] relation_raw=[87427100, 83285200, 84154500, 89399100, 85741500, 87206700, 86899800, 83942900, 86072900, 84334300, 86669400, 85874200] public_ns=94088250 approved_ns=9010750 cpp_ns=3362400 relation_ns=85973550 source=546dc88cf162767b result=b53972f2ee1fc8cf
case op=copy-float w=2048 h=512 layout=universal public_raw=[94993800, 95264700, 96944700, 93317000, 96413900, 100047500, 99605000, 98227600, 96370300, 103578700, 99636200, 102787800] approved_raw=[9052900, 10980900, 9157700, 9205000, 9053700, 11149800, 15911600, 10434000, 9288000, 10043800, 9501600, 10505100] cpp_raw=[3559900, 3626000, 3580200, 3564000, 3496200, 3861400, 3718200, 6031800, 3545300, 4137200, 4130500, 4285100] relation_raw=[88125000, 86848700, 85584600, 84024300, 85305800, 84819800, 86834300, 90579000, 86694500, 90750400, 94409300, 89516100] public_ns=97586150 approved_ns=9772700 cpp_ns=3672100 relation_ns=86841500 source=4f1036148aacde48 result=1d8ea0b52256e94f
case op=copy-Pod w=2048 h=512 layout=universal public_raw=[104163400, 103127600, 101321200, 112333100, 97460400, 99330200, 94737200, 95187600, 94535700, 100127700, 99420000, 101768300] approved_raw=[9725400, 9885200, 9278200, 9425500, 9408900, 9219400, 9378900, 9139600, 9134300, 9789300, 8938600, 9289500] cpp_raw=[3977200, 3847900, 3801400, 4028800, 4370700, 3492800, 3636900, 3682400, 3842200, 3876500, 4175000, 4271700] relation_raw=[94526200, 94717200, 91053800, 92937300, 85565300, 88978300, 87414400, 88680000, 87544600, 90136800, 93028100, 92256800] public_ns=99773850 approved_ns=9334200 cpp_ns=3862200 relation_ns=90595300 source=196bf4d6cf5eb812 result=fc9731c7256835ba
case op=convert-ubyte-float w=2048 h=512 layout=universal public_raw=[257664300, 260019500, 279870500, 292910800, 298661200, 271028100, 287256800, 278471100, 285937700, 272927000, 267463900, 273669500] approved_raw=[8769700, 8869500, 9486300, 12945000, 10485300, 9549900, 10741700, 9177000, 11479600, 8953500, 9305500, 9088800] cpp_raw=[582500, 582700, 582600, 652100, 915600, 585900, 603400, 595500, 695100, 596400, 592200, 947400] relation_raw=[248488900, 247904900, 255741600, 297304300, 283858900, 261289700, 253915700, 322286700, 277609600, 264538200, 262738500, 281034600] public_ns=276070300 approved_ns=9395900 cpp_ns=595950 relation_ns=263638350 source=546dc88cf162767b result=24fea8e2dff2e94f
case op=copy-ubyte w=2048 h=512 layout=universal-negative public_raw=[93800200, 93810100, 94630000, 92595300, 92298500, 92181500, 95869700, 91759400, 98356000, 94125800, 100795700, 103115000] approved_raw=[9584400, 8752800, 8708500, 8968400, 8606400, 8873200, 8646000, 8913100, 9015100, 9218800, 10749700, 11283600] cpp_raw=[3330300, 3184900, 3307100, 3486000, 3186400, 3450700, 3207700, 3301600, 3227900, 3350300, 3401600, 3410600] relation_raw=[83719300, 84492400, 85109300, 87715000, 84145400, 83920200, 84828300, 82435100, 87557400, 85962600, 91190500, 111297500] public_ns=93967950 approved_ns=8940750 cpp_ns=3318700 relation_ns=84968800 source=46067b9fc62767b result=6220d181b93fc8cf
case op=copy-float w=2048 h=512 layout=universal-negative public_raw=[110447900, 100714400, 103834600, 102354800, 96052200, 103658500, 98991800, 100300900, 96995700, 95002100, 103176100, 96209200] approved_raw=[10139500, 9851000, 10602200, 9105200, 10182300, 10586000, 9202800, 9629700, 8863100, 9378200, 10034900, 9532900] cpp_raw=[3581700, 3856600, 3843900, 3642000, 3543800, 3541800, 4082000, 4403100, 3641000, 3477800, 3614100, 3488600] relation_raw=[98214200, 93823800, 91210900, 89017400, 94332900, 89933000, 93398600, 96435900, 92645100, 89316700, 89615600, 93523900] public_ns=100507650 approved_ns=9740350 cpp_ns=3627550 relation_ns=93021850 source=51109e231b84de48 result=d2e235024092e94f
case op=copy-Pod w=2048 h=512 layout=universal-negative public_raw=[101229300, 92481500, 100884800, 102746000, 97032900, 100353700, 98454900, 96909900, 97153000, 98281000, 100497600, 93128100] approved_raw=[9162900, 9299200, 9264700, 9492400, 9095800, 8987700, 10054500, 9008700, 9205000, 9651000, 10071900, 10332800] cpp_raw=[3929300, 3687900, 3777600, 3759800, 3803900, 3958100, 3993900, 3922400, 3913600, 3915400, 4008800, 3610500] relation_raw=[83640800, 87107900, 91658000, 83644800, 88242600, 88090400, 86010000, 118294500, 89597200, 87421800, 89333900, 84849800] public_ns=98367950 approved_ns=9281950 cpp_ns=3914500 relation_ns=87756100 source=e1be015f3a91b812 result=17fc2f38b61735ba
case op=convert-ubyte-float w=2048 h=512 layout=universal-negative public_raw=[311599000, 307433000, 289342600, 300079400, 302712200, 316934700, 293874700, 323162200, 304664600, 307044200, 289979300, 303936800] approved_raw=[10775300, 9322200, 9299000, 8984800, 8872300, 11698200, 9211100, 10005300, 9115900, 9212700, 8917500, 9982600] cpp_raw=[605600, 709100, 666100, 616700, 581900, 588000, 590300, 817800, 892900, 667000, 595700, 634000] relation_raw=[326967800, 307725500, 289835600, 276594600, 319745000, 302380200, 279441100, 286769700, 293128700, 308416000, 296509100, 273304400] public_ns=304300700 approved_ns=9255850 cpp_ns=625350 relation_ns=294818900 source=46067b9fc62767b result=940c5552cb46e94f
case op=copy-ubyte w=2048 h=512 layout=repeated-source public_raw=[94687100, 101339100, 93701200, 92463500, 89892600, 90528700, 95370000, 100473300, 95603200, 99179600, 102555400, 101503400] approved_raw=[9121300, 8853200, 8496700, 8579500, 8654300, 8644300, 9674800, 9608800, 9655500, 8889500, 10587100, 9356500] cpp_raw=[14000, 14300, 14900, 14300, 14400, 15000, 14400, 14100, 14700, 14200, 14100, 14300] relation_raw=[88470400, 89664900, 84802700, 85816800, 81349900, 81564500, 85480000, 92669300, 87172700, 89117200, 85684700, 91407800] public_ns=95486600 approved_ns=9005400 cpp_ns=14300 relation_ns=86494750 source=6e453727bce9f2a5 result=824b457e72415e3d
case op=copy-float w=2048 h=512 layout=repeated-source public_raw=[95082200, 93923400, 90897300, 88693300, 89155800, 89502200, 96378400, 91067100, 96121600, 93078800, 92117800, 95345200] approved_raw=[9715800, 9387700, 8797100, 8805400, 8674800, 8757700, 9320700, 8765700, 8835700, 8753100, 8958100, 9000500] cpp_raw=[59600, 59900, 60800, 61500, 59700, 60900, 60800, 60000, 58800, 59700, 62400, 59000] relation_raw=[82961500, 84243300, 88376400, 85590400, 80004300, 80055800, 80625200, 84081700, 82621500, 81018200, 81721900, 82208900] public_ns=92598300 approved_ns=8820550 cpp_ns=59950 relation_ns=82415200 source=1890cde25c8499ab result=7e1f3007cb46713d
case op=copy-Pod w=2048 h=512 layout=repeated-source public_raw=[91034900, 91860500, 93538900, 93400100, 97575700, 99768100, 93244300, 97870400, 93833800, 96725000, 96611800, 97705400] approved_raw=[8532200, 8670100, 9756100, 8931900, 10286700, 9641600, 8895700, 10112700, 8836200, 10367900, 10805000, 8807200] cpp_raw=[145900, 133000, 143600, 204400, 154500, 211600, 147300, 146300, 132300, 220100, 161000, 137500] relation_raw=[84733200, 80863200, 85640800, 87879100, 86209000, 85149600, 85155400, 86384800, 80808000, 90997400, 86840100, 87637100] public_ns=95222800 approved_ns=9286750 cpp_ns=146800 relation_ns=85924900 source=20f0ed2a5964e151 result=29ff1e71f7668cf1
case op=convert-ubyte-float w=2048 h=512 layout=repeated-source public_raw=[498541500, 471761800, 474044000, 485336300, 528899600, 462264600, 450548000, 447906200, 446431900, 474728400, 466873400, 450897800] approved_raw=[9226400, 9477700, 9023800, 9382200, 17344400, 9347100, 9477500, 8808700, 8702800, 8869600, 9529800, 8684300] cpp_raw=[87300, 158500, 90200, 98200, 91500, 222800, 115800, 88200, 88400, 125300, 97800, 86800] relation_raw=[460692500, 454158800, 461884000, 454871900, 551327500, 454185300, 464811600, 447517900, 438501800, 452357500, 461018800, 457180400] public_ns=469317600 approved_ns=9286750 cpp_ns=94650 relation_ns=456026150 source=6e453727bce9f2a5 result=a6f0b1d68eba713d
case op=copy-ubyte w=2048 h=512 layout=zero-source public_raw=[31675600, 31511400, 32138300, 31578300, 31620800, 34903900, 32104300, 32947300, 32433700, 31666000, 30924100, 33578300] approved_raw=[8615600, 8650200, 9136500, 9625600, 8616200, 8857400, 10728000, 8844500, 10115400, 8985700, 9031000, 8682500] cpp_raw=[3435000, 3165000, 3392200, 3784100, 3276600, 3236000, 3182900, 3264400, 3617700, 3219200, 3384600, 3964100] relation_raw=[23166300, 22959600, 25472600, 23168900, 23805000, 24087100, 22592400, 22888400, 23941700, 22940400, 23929000, 23241400] public_ns=31889950 approved_ns=8921550 cpp_ns=3330600 relation_ns=23205150 source=ea3b47c803d61b61 result=f48fba1f72215e3d
case op=copy-float w=2048 h=512 layout=zero-source public_raw=[37222700, 30896200, 32774900, 41471900, 30785300, 30853300, 30835400, 30581000, 30970400, 32391400, 36722900, 36251300] approved_raw=[8814300, 9587900, 9022700, 8637300, 8683600, 9582900, 8662000, 8619500, 9095000, 10044700, 11012000, 8899700] cpp_raw=[4198900, 4939300, 3473600, 3487500, 3542100, 3544500, 3482900, 3466500, 3488000, 3544900, 3846500, 4161300] relation_raw=[24548300, 23590200, 26055200, 26339000, 21980100, 22524800, 21990800, 21904300, 22785400, 23837400, 26684100, 24938500] public_ns=31680900 approved_ns=8961200 cpp_ns=3543300 relation_ns=23713800 source=3ee659a586185a17 result=3010c258495a713d
case op=copy-Pod w=2048 h=512 layout=zero-source public_raw=[34232100, 33383100, 32497200, 35317800, 34040400, 36347000, 33369400, 33616300, 32486000, 31700000, 35393400, 33181500] approved_raw=[9394200, 9823700, 9769400, 9207900, 9610900, 12398600, 8931500, 9173200, 9071000, 8528200, 9362400, 10331800] cpp_raw=[3775800, 3770000, 3620000, 3866800, 4357900, 3604400, 3861900, 3785500, 3840200, 3623800, 3610600, 3900800] relation_raw=[23584700, 26220900, 24003500, 24955300, 28331500, 25430900, 23352300, 22830300, 22863500, 25569100, 22308200, 23315600] public_ns=33499700 approved_ns=9378300 cpp_ns=3780650 relation_ns=23794100 source=10734a11a61fbe06 result=14eb8df45bd38cf1
case op=convert-ubyte-float w=2048 h=512 layout=zero-source public_raw=[79247100, 82804300, 82416600, 81303500, 77894100, 76547900, 80703400, 78894700, 80780900, 77392700, 79745200, 85543700] approved_raw=[9098300, 9466800, 9843200, 9060000, 8785400, 8963600, 8992200, 8775000, 8835800, 9370400, 9652300, 9551400] cpp_raw=[680500, 575300, 614200, 678400, 591000, 575800, 575200, 658600, 590700, 588700, 654200, 986500] relation_raw=[69951000, 71438200, 78253100, 72351900, 68093800, 70760600, 70394100, 68734600, 66942700, 65047700, 65549600, 72730100] public_ns=80224300 approved_ns=9079150 cpp_ns=602600 relation_ns=70172550 source=ea3b47c803d61b61 result=1ea1c940ba66713d
m3_copy_conversion PASS cases=96 sink=13023336492318211668
