contracts PASS four-operations invalid/shape/noninjective/overlap/empty/no-write shared-disjoint
semantic PASS cases=32 bitwise-copy all256-conversion source-padding
case op=copy-ubyte w=31 h=17 layout=contiguous public_raw=[100, 300, 100, 100, 100, 100, 100, 0, 0, 0, 0, 0] approved_raw=[4300, 4200, 4200, 4300, 4200, 4200, 4200, 4100, 4200, 4200, 4200, 4100] cpp_raw=[100, 0, 0, 0, 0, 0, 0, 0, 0, 0, 0, 0] relation_raw=[88700, 88900, 104700, 88700, 89000, 88900, 88400, 88800, 88600, 88700, 88700, 88700] public_ns=100 approved_ns=4200 cpp_ns=0 relation_ns=88700 source=e1cb0bb018788cd9 result=6b280f993832c319
case op=copy-float w=31 h=17 layout=contiguous public_raw=[200, 100, 100, 100, 100, 100, 200, 100, 100, 300, 100, 100] approved_raw=[4400, 4400, 4300, 4300, 4300, 4300, 4300, 4200, 4200, 4400, 4300, 4300] cpp_raw=[100, 0, 0, 0, 0, 0, 0, 100, 0, 100, 0, 0] relation_raw=[89000, 88300, 88800, 88700, 86600, 86200, 101300, 87000, 168600, 88500, 88800, 88400] public_ns=100 approved_ns=4300 cpp_ns=0 relation_ns=88600 source=6128204049c0da83 result=264b3169180ebd4b
case op=copy-Pod w=31 h=17 layout=contiguous public_raw=[200, 100, 100, 400, 200, 400, 100, 300, 100, 300, 300, 100] approved_raw=[4200, 4200, 4200, 4200, 4200, 4200, 4200, 4300, 4200, 195300, 4300, 4200] cpp_raw=[100, 100, 100, 200, 100, 100, 100, 100, 100, 200, 100, 100] relation_raw=[88600, 88400, 88400, 292600, 132200, 88700, 88400, 88900, 93000, 89000, 162300, 88100] public_ns=200 approved_ns=4200 cpp_ns=100 relation_ns=88800 source=db360484f487691a result=968b62c61598975a
case op=convert-ubyte-float w=31 h=17 layout=contiguous public_raw=[3200, 3600, 3700, 3100, 3100, 3200, 3700, 3200, 3100, 3300, 3100, 3200] approved_raw=[4400, 4400, 4300, 4300, 4300, 4300, 4300, 4300, 4300, 4300, 4300, 4400] cpp_raw=[100, 100, 100, 100, 100, 100, 100, 100, 100, 100, 100, 100] relation_raw=[459200, 1523600, 2789400, 460900, 512200, 456700, 1896300, 544000, 482500, 488900, 458100, 470700] public_ns=3200 approved_ns=4300 cpp_ns=100 relation_ns=485700 source=e1cb0bb018788cd9 result=1bb7b2c2179a648f
case op=copy-ubyte w=31 h=17 layout=padded public_raw=[92300, 92500, 93000, 93200, 92700, 92500, 138000, 93100, 92600, 108300, 125100, 92600] approved_raw=[4300, 4200, 4100, 4200, 4300, 4200, 4300, 4400, 4200, 4200, 4400, 4100] cpp_raw=[100, 0, 0, 0, 0, 0, 0, 100, 0, 0, 100, 100] relation_raw=[104400, 87900, 87600, 87500, 87600, 87600, 86900, 88000, 88300, 88200, 86700, 86900] public_ns=92850 approved_ns=4200 cpp_ns=0 relation_ns=87600 source=4d0b0939d89e40d9 result=5f21f5ea6035ff19
case op=copy-float w=31 h=17 layout=padded public_raw=[93000, 93100, 92600, 92900, 119400, 92300, 92800, 92100, 95300, 93000, 93800, 113300] approved_raw=[4500, 4200, 4200, 4200, 4500, 4300, 4200, 4300, 4200, 4400, 4300, 8300] cpp_raw=[100, 100, 100, 0, 100, 0, 0, 0, 100, 100, 0, 100] relation_raw=[86600, 87300, 87100, 86900, 88500, 87900, 86300, 87000, 96500, 87400, 100900, 102200] public_ns=93000 approved_ns=4300 cpp_ns=100 relation_ns=87350 source=ebb5b7eaf5f43283 result=3851810ac565964b
case op=copy-Pod w=31 h=17 layout=padded public_raw=[90900, 105400, 91400, 90900, 91400, 91700, 92400, 91900, 92100, 92400, 147600, 91600] approved_raw=[4300, 4300, 4300, 4200, 4200, 4200, 4300, 4200, 4300, 4200, 4100, 4200] cpp_raw=[100, 0, 100, 100, 0, 0, 100, 0, 100, 0, 0, 100] relation_raw=[88400, 88300, 87500, 87200, 88300, 88500, 88700, 88000, 87800, 87900, 104600, 89600] public_ns=91800 approved_ns=4200 cpp_ns=50 relation_ns=88300 source=b28d4f242a91b51a result=7438cdf3ee88135a
case op=convert-ubyte-float w=31 h=17 layout=padded public_raw=[486400, 477200, 461800, 462400, 475700, 461800, 500600, 474200, 484500, 494100, 462200, 464300] approved_raw=[4300, 4300, 4300, 4300, 4200, 4400, 4400, 4400, 4200, 4200, 4200, 4400] cpp_raw=[100, 100, 100, 100, 100, 100, 100, 100, 100, 100, 100, 100] relation_raw=[456400, 471800, 491400, 489600, 462100, 476400, 493300, 472200, 457200, 471900, 469600, 486700] public_ns=474950 approved_ns=4300 cpp_ns=100 relation_ns=472050 source=4d0b0939d89e40d9 result=5a1bf5670dd4dc8f
case op=copy-ubyte w=31 h=17 layout=negative-source public_raw=[91700, 91400, 92300, 93000, 93300, 92100, 92600, 114400, 91700, 91900, 91800, 91700] approved_raw=[4300, 4200, 4300, 4300, 4200, 4300, 4200, 4200, 4400, 4400, 4200, 4200] cpp_raw=[100, 0, 0, 100, 0, 0, 0, 100, 0, 0, 0, 0] relation_raw=[86600, 86500, 89200, 131000, 87000, 87100, 87000, 104600, 86800, 87400, 87900, 88800] public_ns=92000 approved_ns=4250 cpp_ns=0 relation_ns=87250 source=1218578f96e3de39 result=5f21f5ea6035ff19
case op=copy-float w=31 h=17 layout=negative-source public_raw=[92300, 92500, 92000, 92100, 91900, 92100, 93700, 92300, 92600, 109600, 92200, 92200] approved_raw=[4100, 4300, 4400, 4300, 4300, 4200, 4300, 4400, 4300, 4300, 4300, 4200] cpp_raw=[0, 0, 0, 100, 0, 0, 0, 100, 0, 0, 100, 100] relation_raw=[87500, 88500, 87500, 88300, 87900, 86800, 87700, 87400, 87400, 87600, 88000, 87400] public_ns=92250 approved_ns=4300 cpp_ns=0 relation_ns=87550 source=d55c0938ea65990b result=3851810ac565964b
case op=copy-Pod w=31 h=17 layout=negative-source public_raw=[105300, 92200, 91500, 91300, 105300, 101800, 91800, 91600, 107100, 102100, 93200, 130500] approved_raw=[4200, 4200, 4200, 4200, 4200, 4200, 4200, 4200, 4200, 4200, 4200, 4300] cpp_raw=[100, 100, 100, 100, 100, 100, 100, 100, 100, 100, 100, 100] relation_raw=[88600, 88400, 87900, 88000, 87900, 87500, 87700, 86700, 87400, 87000, 87300, 87600] public_ns=97500 approved_ns=4200 cpp_ns=100 relation_ns=87650 source=4cb52a65f8334f3a result=7438cdf3ee88135a
case op=convert-ubyte-float w=31 h=17 layout=negative-source public_raw=[464600, 498700, 475800, 475300, 563500, 500200, 715600, 521200, 499200, 524800, 464600, 462900] approved_raw=[4300, 4300, 4300, 4200, 4300, 4300, 4200, 4300, 4200, 4400, 4400, 4300] cpp_raw=[100, 100, 100, 100, 100, 100, 100, 100, 100, 100, 100, 100] relation_raw=[477400, 458500, 461900, 466400, 493900, 456600, 473100, 503100, 456400, 545300, 515900, 567400] public_ns=498950 approved_ns=4300 cpp_ns=100 relation_ns=475250 source=1218578f96e3de39 result=5a1bf5670dd4dc8f
case op=copy-ubyte w=31 h=17 layout=negative-both public_raw=[94900, 111400, 109700, 119700, 96600, 138600, 99700, 94700, 94000, 94800, 93100, 110500] approved_raw=[4300, 4200, 4400, 7800, 4300, 4300, 37500, 4300, 4200, 4300, 4200, 4300] cpp_raw=[100, 0, 0, 100, 100, 0, 100, 100, 0, 0, 0, 100] relation_raw=[87900, 87700, 93300, 110100, 91200, 90800, 87500, 89100, 89000, 87800, 99500, 90200] public_ns=98150 approved_ns=4300 cpp_ns=50 relation_ns=89650 source=1218578f96e3de39 result=14b2232dcdfde519
case op=copy-float w=31 h=17 layout=negative-both public_raw=[93300, 105700, 93100, 93000, 92900, 93000, 93300, 92500, 137600, 94400, 92100, 92500] approved_raw=[4300, 4300, 4300, 4200, 4300, 4400, 4500, 4300, 4400, 4400, 4300, 4200] cpp_raw=[0, 0, 100, 100, 0, 100, 100, 100, 100, 0, 100, 0] relation_raw=[88400, 87700, 87900, 88900, 116000, 101800, 87600, 88300, 87800, 113500, 88400, 88000] public_ns=93050 approved_ns=4300 cpp_ns=100 relation_ns=88350 source=d55c0938ea65990b result=88af284ef50a9e03
case op=copy-Pod w=31 h=17 layout=negative-both public_raw=[93200, 92700, 221500, 100700, 92700, 110200, 92700, 91900, 92500, 92600, 92700, 92800] approved_raw=[14300, 4200, 4300, 4200, 4300, 4200, 4200, 4200, 4200, 4200, 4200, 4200] cpp_raw=[100, 100, 100, 100, 100, 100, 100, 100, 100, 100, 100, 100] relation_raw=[88400, 88100, 88000, 88500, 88300, 88700, 88500, 88300, 88100, 129600, 129200, 88200] public_ns=92700 approved_ns=4200 cpp_ns=100 relation_ns=88350 source=4cb52a65f8334f3a result=ba5b3439bff1663a
case op=convert-ubyte-float w=31 h=17 layout=negative-both public_raw=[477400, 463900, 461800, 464800, 498000, 462000, 464300, 463000, 491800, 461600, 593800, 491900] approved_raw=[4200, 4300, 4400, 4400, 4300, 4300, 4200, 4300, 4300, 4600, 4300, 4300] cpp_raw=[100, 100, 100, 100, 100, 100, 100, 100, 100, 100, 100, 100] relation_raw=[478800, 557400, 473700, 475900, 488700, 554100, 506700, 471300, 500500, 487300, 485900, 457400] public_ns=464550 approved_ns=4300 cpp_ns=100 relation_ns=486600 source=1218578f96e3de39 result=a84d7158b568dc8f
case op=copy-ubyte w=31 h=17 layout=universal public_raw=[92400, 254900, 93100, 92900, 92700, 92800, 111000, 93000, 92900, 121200, 93200, 93000] approved_raw=[4300, 4400, 4300, 4200, 4200, 4300, 4300, 4300, 4300, 4200, 4300, 4200] cpp_raw=[1700, 1700, 1700, 1600, 1600, 1600, 1600, 1700, 1600, 1600, 1600, 1600] relation_raw=[141700, 217800, 88100, 87800, 87800, 119100, 106600, 136600, 87300, 87200, 88100, 87800] public_ns=93000 approved_ns=4300 cpp_ns=1600 relation_ns=88100 source=104e8d8f8fae3401 result=94a85d26ce182761
case op=copy-float w=31 h=17 layout=universal public_raw=[93100, 92600, 126100, 92500, 93200, 92700, 92700, 92300, 92700, 92900, 93900, 93100] approved_raw=[4400, 4300, 4300, 4100, 4200, 4300, 4300, 4300, 4300, 4300, 4300, 4400] cpp_raw=[1800, 1700, 5200, 1800, 1700, 1700, 1700, 1800, 1700, 1900, 1900, 1900] relation_raw=[88600, 87700, 135800, 88600, 86800, 87100, 101400, 88500, 88600, 88700, 87500, 88500] public_ns=92800 approved_ns=4300 cpp_ns=1800 relation_ns=88550 source=48f4c2fdc1746a4f result=d2f02840ab86d547
case op=copy-Pod w=31 h=17 layout=universal public_raw=[91900, 91200, 105300, 93100, 92500, 92000, 91500, 91900, 91500, 92300, 91900, 91700] approved_raw=[4200, 4200, 4200, 4200, 4200, 4200, 4200, 4300, 4300, 4200, 4200, 4200] cpp_raw=[1900, 1900, 1900, 1900, 1900, 1900, 1900, 1900, 1900, 1900, 1900, 1900] relation_raw=[88500, 88500, 88400, 88800, 87400, 88200, 100900, 88800, 90500, 88400, 88500, 88300] public_ns=91900 approved_ns=4200 cpp_ns=1900 relation_ns=88500 source=a443bfcbbed0823e result=e7d6d6f5c5dc3c8e
case op=convert-ubyte-float w=31 h=17 layout=universal public_raw=[283100, 267300, 266700, 268700, 291600, 265700, 266300, 285800, 265000, 267100, 282100, 273000] approved_raw=[6900, 4400, 4400, 4300, 4400, 4200, 4200, 4300, 4300, 4400, 4200, 4200] cpp_raw=[400, 300, 300, 300, 300, 300, 300, 300, 300, 300, 300, 300] relation_raw=[266900, 261600, 260600, 326900, 295400, 262200, 277800, 261000, 270300, 278100, 277100, 354100] public_ns=268000 approved_ns=4300 cpp_ns=300 relation_ns=273700 source=104e8d8f8fae3401 result=91affb8b2dfc4eb7
case op=copy-ubyte w=31 h=17 layout=universal-negative public_raw=[93300, 104300, 219200, 92600, 92300, 92400, 92000, 92200, 91800, 91900, 92000, 105800] approved_raw=[4300, 4200, 4400, 4300, 4300, 4300, 4400, 4400, 4200, 4300, 4200, 4100] cpp_raw=[1600, 1600, 1600, 1600, 1600, 1600, 1600, 1600, 1600, 1600, 1600, 1600] relation_raw=[88200, 88300, 88700, 88600, 88200, 88300, 88100, 118800, 88400, 88300, 88300, 88200] public_ns=92350 approved_ns=4300 cpp_ns=1600 relation_ns=88300 source=705335b9cf6847c1 result=2bfddff94a971f61
case op=copy-float w=31 h=17 layout=universal-negative public_raw=[99700, 96600, 95900, 96400, 97600, 99200, 96600, 96900, 94000, 94800, 124600, 92400] approved_raw=[4400, 4200, 4500, 4500, 4300, 4300, 4300, 4200, 4400, 4400, 4300, 4300] cpp_raw=[1900, 1900, 1800, 1700, 1700, 1900, 1700, 1900, 1900, 1800, 1800, 1800] relation_raw=[88000, 101400, 90000, 88800, 164700, 87700, 90000, 94900, 122300, 109100, 87000, 91400] public_ns=96600 approved_ns=4300 cpp_ns=1800 relation_ns=90700 source=eada538057fb86ef result=faa4d5eeeda68847
case op=copy-Pod w=31 h=17 layout=universal-negative public_raw=[123300, 93800, 96500, 92500, 95400, 95500, 94000, 97100, 92400, 96900, 91600, 92100] approved_raw=[4200, 4200, 4200, 4200, 4300, 4200, 4200, 4300, 4200, 4200, 4300, 4200] cpp_raw=[1800, 1800, 1700, 1800, 1700, 1700, 1700, 1800, 1700, 1700, 1700, 1800] relation_raw=[92800, 92100, 91600, 91000, 93600, 92600, 93200, 91200, 94700, 93400, 108200, 92600] public_ns=94700 approved_ns=4200 cpp_ns=1700 relation_ns=92700 source=7483a89971f477de result=c1c9f074f82c752e
case op=convert-ubyte-float w=31 h=17 layout=universal-negative public_raw=[310000, 307900, 295600, 295300, 296000, 296300, 296900, 308000, 297300, 299800, 295900, 316300] approved_raw=[4200, 4300, 4400, 4300, 4300, 4400, 4300, 4400, 4300, 4400, 4300, 4200] cpp_raw=[300, 300, 300, 300, 300, 300, 300, 300, 300, 300, 300, 300] relation_raw=[291100, 293300, 299200, 319700, 305200, 291900, 307700, 291500, 306600, 291300, 305500, 305300] public_ns=297100 approved_ns=4300 cpp_ns=300 relation_ns=302200 source=705335b9cf6847c1 result=6cdfcfcdfb5c4eb7
case op=copy-ubyte w=31 h=17 layout=repeated-source public_raw=[92100, 92000, 105600, 97300, 97400, 97100, 94900, 97400, 97200, 97800, 97200, 100300] approved_raw=[4300, 4200, 4400, 4300, 4200, 4300, 4200, 4200, 4300, 4300, 4300, 4200] cpp_raw=[100, 0, 0, 100, 100, 0, 0, 100, 0, 0, 100, 100] relation_raw=[87900, 87900, 114000, 89000, 89300, 89200, 106300, 103300, 92500, 90700, 90200, 305900] public_ns=97250 approved_ns=4300 cpp_ns=50 relation_ns=90450 source=e456631d381264c9 result=79abf60b12593ba9
case op=copy-float w=31 h=17 layout=repeated-source public_raw=[98800, 99800, 99900, 96900, 96800, 95600, 93500, 118800, 100100, 92800, 94900, 100300] approved_raw=[4500, 4300, 4400, 4300, 4300, 4600, 4300, 4300, 4300, 4300, 4300, 4300] cpp_raw=[100, 0, 100, 100, 0, 100, 0, 100, 0, 100, 100, 100] relation_raw=[88200, 128400, 163200, 87600, 123500, 92800, 88700, 88000, 110700, 87700, 88100, 143900] public_ns=97850 approved_ns=4300 cpp_ns=100 relation_ns=90750 source=187f646e4a13563f result=adddf47c9b74a697
case op=copy-Pod w=31 h=17 layout=repeated-source public_raw=[92500, 92500, 94000, 183200, 92900, 92100, 91900, 93300, 94300, 118300, 94000, 94400] approved_raw=[4300, 4300, 4200, 4200, 4200, 4200, 4300, 4200, 4200, 4200, 4200, 4200] cpp_raw=[100, 100, 100, 100, 100, 200, 100, 100, 100, 100, 100, 100] relation_raw=[92100, 87700, 107500, 94700, 92500, 92800, 114200, 88700, 88500, 88500, 111000, 93500] public_ns=93650 approved_ns=4200 cpp_ns=100 relation_ns=92650 source=af5c371632147dfa result=b77ad4f97670f65a
case op=convert-ubyte-float w=31 h=17 layout=repeated-source public_raw=[468100, 462800, 463400, 471000, 463200, 480700, 463600, 464000, 478000, 464100, 465400, 521500] approved_raw=[4200, 4300, 4500, 4300, 19500, 4300, 4300, 4200, 4400, 4300, 4200, 4200] cpp_raw=[100, 100, 100, 100, 100, 100, 100, 100, 100, 100, 100, 100] relation_raw=[470000, 477600, 458200, 461200, 456700, 481800, 474800, 477100, 452800, 598300, 475800, 476900] public_ns=464750 approved_ns=4300 cpp_ns=100 relation_ns=475300 source=e456631d381264c9 result=9364c6c0b904dc8f
case op=copy-ubyte w=31 h=17 layout=zero-source public_raw=[28400, 28500, 28400, 28700, 28300, 28300, 28400, 28300, 28100, 28300, 28400, 28100] approved_raw=[4100, 4200, 4300, 4300, 4000, 4100, 4200, 4200, 4000, 4300, 4200, 4300] cpp_raw=[1700, 1700, 1800, 1700, 1700, 1700, 1700, 1700, 1700, 1700, 1700, 1700] relation_raw=[24800, 24900, 26500, 25000, 24300, 24400, 24400, 24400, 24400, 24400, 24300, 24600] public_ns=28350 approved_ns=4200 cpp_ns=1700 relation_ns=24400 source=53e35892b0900a36 result=c64ce8b5472789e4
case op=copy-float w=31 h=17 layout=zero-source public_raw=[50100, 29300, 28800, 29000, 29000, 29100, 28800, 28800, 44000, 28900, 29000, 28700] approved_raw=[4300, 4400, 4400, 4300, 4300, 4400, 4200, 4300, 4300, 4400, 4300, 4300] cpp_raw=[1700, 1800, 1700, 1700, 1700, 1800, 1700, 1700, 1800, 1700, 1700, 1700] relation_raw=[24500, 24400, 24500, 24300, 24900, 24700, 24300, 24100, 24400, 24300, 24400, 24200] public_ns=29000 approved_ns=4300 cpp_ns=1700 relation_ns=24400 source=48a265c435185a17 result=a412cbd3d3c5dc8f
case op=copy-Pod w=31 h=17 layout=zero-source public_raw=[28400, 28200, 28400, 28400, 28700, 28400, 28600, 28700, 28500, 28500, 28600, 28700] approved_raw=[4200, 4200, 4200, 4300, 4200, 4200, 4300, 4200, 4200, 4200, 4300, 4200] cpp_raw=[1900, 1900, 1900, 1800, 1700, 1700, 1700, 1700, 1700, 1700, 1700, 1700] relation_raw=[24400, 24400, 24400, 39200, 24800, 24800, 24800, 24700, 27500, 24500, 24700, 24600] public_ns=28500 approved_ns=4200 cpp_ns=1700 relation_ns=24700 source=6b0827ecdc4a539a result=3ed4b3ed28cdbf2
case op=convert-ubyte-float w=31 h=17 layout=zero-source public_raw=[75600, 75300, 76200, 74700, 74900, 75600, 75100, 89700, 75300, 75100, 74800, 75400] approved_raw=[4300, 4300, 4500, 4400, 4400, 4200, 4300, 4300, 4300, 4300, 4400, 4200] cpp_raw=[300, 300, 300, 300, 300, 300, 300, 400, 300, 300, 300, 300] relation_raw=[70600, 71400, 70800, 83700, 70800, 71900, 70500, 71000, 70100, 70900, 71000, 70900] public_ns=75300 approved_ns=4300 cpp_ns=300 relation_ns=70900 source=53e35892b0900a36 result=7db46195730ddc8f
case op=copy-ubyte w=256 h=128 layout=contiguous public_raw=[1100, 1200, 2200, 1200, 1200, 1600, 1300, 1800, 900, 2400, 1300, 1100] approved_raw=[277800, 265900, 301200, 260500, 263600, 262600, 340000, 265100, 262800, 270800, 280400, 263400] cpp_raw=[800, 800, 800, 900, 800, 900, 800, 800, 700, 1600, 700, 700] relation_raw=[5051300, 4983500, 5661700, 5115200, 5452600, 5231100, 5292400, 5410500, 6599900, 5185900, 5257700, 5118700] public_ns=1250 approved_ns=265500 cpp_ns=800 relation_ns=5244400 source=e61b28efac3482a5 result=19f1026d069dd2bd
case op=copy-float w=256 h=128 layout=contiguous public_raw=[3400, 3600, 3700, 3600, 2700, 3700, 3900, 3300, 2600, 4200, 3600, 3100] approved_raw=[332600, 282900, 268100, 400400, 270500, 269800, 271300, 304500, 280000, 271600, 279400, 295800] cpp_raw=[2500, 2400, 2400, 3300, 2300, 2500, 2500, 2300, 2600, 2600, 2300, 2700] relation_raw=[5076800, 5289400, 5232300, 5612500, 5484700, 5315900, 4945700, 5026000, 5013600, 5435800, 5151900, 5118100] public_ns=3600 approved_ns=279700 cpp_ns=2500 relation_ns=5192100 source=94c035f8504217ab result=e20bab30ff99efbd
case op=copy-Pod w=256 h=128 layout=contiguous public_raw=[5500, 5900, 6000, 5100, 5000, 5800, 5000, 5600, 5400, 5800, 5300, 5700] approved_raw=[261300, 274200, 352800, 268100, 261900, 261400, 261500, 270500, 281700, 274700, 470400, 276300] cpp_raw=[4800, 5600, 4900, 4900, 4900, 5400, 5600, 4600, 4900, 5000, 4900, 5400] relation_raw=[5595200, 5090000, 5540400, 5108400, 5396300, 5132500, 5058600, 5085300, 5730500, 5189100, 5466500, 5425600] public_ns=5550 approved_ns=272350 cpp_ns=4900 relation_ns=5292700 source=780acdd2b0446151 result=3e08e0fcd50e93b1
case op=convert-ubyte-float w=256 h=128 layout=contiguous public_raw=[217500, 231900, 188300, 220000, 186700, 187900, 218100, 201300, 199800, 210100, 188000, 188600] approved_raw=[266200, 304900, 312000, 267200, 280300, 266200, 297600, 284600, 327200, 284900, 312000, 285800] cpp_raw=[2900, 2900, 3100, 3100, 2800, 3000, 3100, 3000, 3100, 2900, 2900, 3000] relation_raw=[27062700, 28065800, 28681200, 27422500, 29489700, 27753400, 30771500, 26736300, 27407300, 27938900, 26679800, 26640900] public_ns=200550 approved_ns=285350 cpp_ns=3000 relation_ns=27587950 source=e61b28efac3482a5 result=8edc22d932e14fbd
case op=copy-ubyte w=256 h=128 layout=padded public_raw=[5453300, 5553900, 5474600, 5592900, 5469000, 5464400, 5574800, 5668700, 5653700, 5725600, 5446300, 5538600] approved_raw=[264300, 265800, 263500, 279100, 275600, 264900, 266600, 264500, 262800, 264600, 263200, 256200] cpp_raw=[900, 1400, 1000, 1500, 900, 800, 1200, 1500, 1200, 1600, 1200, 1000] relation_raw=[5409800, 5071700, 5233500, 5499500, 5013100, 5141900, 5074600, 5138800, 8373500, 5099200, 5320700, 5390500] public_ns=5546250 approved_ns=264550 cpp_ns=1200 relation_ns=5187700 source=e5a18b0018a9faa5 result=d702cf3fb5e29e3d
case op=copy-float w=256 h=128 layout=padded public_raw=[5467200, 5514700, 5296500, 5721100, 5661600, 5427100, 5586800, 5708700, 5673400, 6563000, 5808700, 5464100] approved_raw=[271200, 397600, 264400, 266900, 317700, 263100, 270800, 268900, 269500, 268400, 294300, 305900] cpp_raw=[3000, 2800, 3300, 2800, 2700, 2600, 2600, 2900, 2800, 2700, 2800, 2900] relation_raw=[5252500, 5226900, 5094800, 4979700, 5212900, 4990100, 5071000, 5102700, 5688700, 5583500, 5146900, 5320600] public_ns=5624200 approved_ns=270150 cpp_ns=2800 relation_ns=5179900 source=36662a215b68a60b result=bf1783c6025d513d
case op=copy-Pod w=256 h=128 layout=padded public_raw=[5486300, 5974300, 5540200, 5256400, 5350200, 5590900, 5484200, 5235500, 5266600, 5422300, 5475400, 5317400] approved_raw=[261800, 261900, 288200, 261100, 262100, 265000, 278100, 267300, 260500, 279100, 284300, 270000] cpp_raw=[6300, 6100, 5500, 5700, 5300, 6900, 5100, 5500, 5600, 5400, 6500, 5800] relation_raw=[5176700, 5205500, 5122300, 5412200, 5240100, 6503300, 5230600, 5210100, 5074500, 5441400, 5073500, 5190800] public_ns=5448850 approved_ns=266150 cpp_ns=5650 relation_ns=5207800 source=49f9223bca7c6711 result=6d7da255f160ecf1
case op=convert-ubyte-float w=256 h=128 layout=padded public_raw=[33909500, 30330600, 30610800, 30013400, 31265700, 32443900, 33750100, 31090900, 34145000, 31440000, 29878700, 28206400] approved_raw=[287600, 284800, 266900, 336100, 370600, 266000, 269000, 283400, 482400, 273400, 366900, 2198700] cpp_raw=[2900, 17400, 3300, 3300, 3100, 3200, 3200, 3300, 3100, 3300, 5300, 5400] relation_raw=[33948300, 31076400, 28887500, 29445200, 30485400, 31270100, 30057000, 28891200, 29165200, 29217900, 28648000, 31836300] public_ns=31178300 approved_ns=286200 cpp_ns=3300 relation_ns=29751100 source=e5a18b0018a9faa5 result=8d94738f899eb13d
case op=copy-ubyte w=256 h=128 layout=negative-source public_raw=[5499300, 5836400, 5442200, 5736000, 7548200, 5785600, 5648700, 5726100, 5599000, 5577400, 6351800, 5801000] approved_raw=[291200, 264300, 261700, 265100, 263400, 264300, 275300, 316300, 261000, 264800, 267300, 277200] cpp_raw=[1500, 900, 1100, 1200, 1200, 1000, 1100, 1300, 1000, 900, 800, 1300] relation_raw=[5575300, 5014900, 5720000, 5842400, 5584300, 5521100, 5451200, 5044900, 5589800, 5112000, 5237600, 5614300] public_ns=5731050 approved_ns=264950 cpp_ns=1100 relation_ns=5548200 source=e5a18b0018a9faa5 result=d702cf3fb5e29e3d
case op=copy-float w=256 h=128 layout=negative-source public_raw=[5323500, 5303600, 5279200, 5304800, 5587200, 5802900, 5423200, 5444700, 5383100, 5334500, 5495000, 5364000] approved_raw=[268500, 296600, 270400, 287400, 267000, 394200, 325200, 270100, 272800, 267300, 279500, 282600] cpp_raw=[2700, 2600, 2600, 2700, 3100, 4100, 3100, 2700, 2600, 2600, 3000, 2700] relation_raw=[5025300, 5044900, 5179100, 5058100, 6302700, 5821100, 6067700, 5044100, 5516700, 5165000, 5118700, 5023000] public_ns=5373550 approved_ns=276150 cpp_ns=2700 relation_ns=5141850 source=36662a215b68a60b result=bf1783c6025d513d
case op=copy-Pod w=256 h=128 layout=negative-source public_raw=[5316900, 5278500, 5341500, 5289100, 5377600, 5300800, 5277000, 5255400, 5323500, 5288600, 5282500, 5447200] approved_raw=[262300, 260600, 279500, 281400, 278400, 263700, 275900, 277600, 265100, 276100, 277800, 267300] cpp_raw=[5100, 5300, 5200, 5200, 5400, 5500, 5800, 5800, 5400, 5600, 5600, 5300] relation_raw=[5015500, 5021900, 5052000, 5039400, 5016300, 5272800, 5013000, 4996700, 5009500, 5026700, 5043900, 5019600] public_ns=5294950 approved_ns=276000 cpp_ns=5400 relation_ns=5020750 source=7247388808cf2711 result=6d7da255f160ecf1
case op=convert-ubyte-float w=256 h=128 layout=negative-source public_raw=[31898000, 26734600, 27521900, 26863700, 26791800, 27577900, 27008200, 26722400, 27086800, 29147700, 28919000, 27440700] approved_raw=[269700, 301700, 428900, 266000, 282200, 270800, 265800, 268000, 267400, 273100, 282800, 274800] cpp_raw=[3700, 3300, 3600, 3200, 3800, 3500, 3700, 3100, 3300, 3100, 3600, 3000] relation_raw=[27596000, 27103500, 26377500, 27043000, 27384900, 27825200, 30710400, 26738100, 26727600, 26826300, 28243900, 30069000] public_ns=27263750 approved_ns=271950 cpp_ns=3400 relation_ns=27244200 source=e5a18b0018a9faa5 result=8d94738f899eb13d
case op=copy-ubyte w=256 h=128 layout=negative-both public_raw=[5396600, 5758700, 5652600, 5694000, 6052700, 5538200, 5330500, 6236000, 5324700, 5589500, 5401400, 5627500] approved_raw=[312900, 292100, 349000, 311000, 275800, 263900, 262500, 267600, 261400, 275500, 262000, 262900] cpp_raw=[900, 1100, 1000, 1000, 1300, 800, 1200, 1100, 800, 900, 1100, 1200] relation_raw=[5418400, 5343200, 5099700, 5112400, 5044500, 5042100, 5046300, 5323800, 5133600, 5082200, 5395400, 5041000] public_ns=5608500 approved_ns=271550 cpp_ns=1050 relation_ns=5106050 source=e5a18b0018a9faa5 result=d702cf3fb5e29e3d
case op=copy-float w=256 h=128 layout=negative-both public_raw=[7145600, 5638800, 6013600, 5672800, 5296100, 6373100, 5560700, 5637200, 5573700, 6562300, 8462400, 6250400] approved_raw=[266100, 295500, 299000, 271500, 281800, 431900, 283400, 284400, 267700, 303800, 265800, 356700] cpp_raw=[3300, 2500, 3000, 2700, 2900, 3200, 4400, 2600, 2500, 2900, 3000, 2900] relation_raw=[5072200, 5564800, 5072100, 5320300, 5282600, 5515900, 5223700, 5173100, 7896300, 5411900, 5429500, 5756800] public_ns=5843200 approved_ns=283900 cpp_ns=2900 relation_ns=5366100 source=36662a215b68a60b result=bf1783c6025d513d
case op=copy-Pod w=256 h=128 layout=negative-both public_raw=[5440700, 5681800, 5830100, 6904700, 5606200, 5783400, 8413900, 6768500, 5617400, 6037000, 6121800, 5814500] approved_raw=[261300, 330400, 266500, 282100, 297900, 383300, 398200, 295600, 264800, 305600, 306900, 330000] cpp_raw=[6200, 6100, 6000, 5900, 32200, 5700, 5600, 5700, 6200, 5600, 10400, 5700] relation_raw=[5065800, 5376400, 5972400, 5279000, 5351000, 5586700, 8980400, 5474300, 6866700, 5977800, 6538600, 5377700] public_ns=5822300 approved_ns=301750 cpp_ns=5950 relation_ns=5530500 source=7247388808cf2711 result=9cc58c133fed2cf1
case op=convert-ubyte-float w=256 h=128 layout=negative-both public_raw=[37164600, 31991000, 28779500, 29390300, 30101500, 27219300, 27322000, 27003400, 27289200, 28976700, 28953300, 28453300] approved_raw=[306100, 305300, 266200, 267300, 266800, 304900, 266900, 284900, 308100, 266100, 267600, 355300] cpp_raw=[3100, 4800, 3700, 3100, 3400, 3600, 3600, 3400, 3600, 3300, 3600, 3600] relation_raw=[31743100, 31873600, 31149100, 29300700, 27413100, 29580600, 27349800, 27427500, 28030300, 27356800, 27706500, 29468000] public_ns=28866400 approved_ns=276250 cpp_ns=3600 relation_ns=28665500 source=e5a18b0018a9faa5 result=8d94738f899eb13d
case op=copy-ubyte w=256 h=128 layout=universal public_raw=[5594400, 5416300, 5768800, 5342500, 5606000, 5388800, 5331800, 5986600, 5453700, 5875700, 5619200, 6034300] approved_raw=[264600, 264300, 262600, 276700, 370300, 264100, 285400, 291300, 324300, 263700, 264800, 359900] cpp_raw=[99100, 98400, 98900, 98500, 207700, 159200, 98400, 98700, 98400, 98300, 170100, 152400] relation_raw=[5034000, 5254200, 5021300, 5062300, 5184000, 5254200, 5511100, 5275600, 5142800, 6357400, 5285900, 5511500] public_ns=5600200 approved_ns=270750 cpp_ns=98800 relation_ns=5254200 source=2ca74caf843b767b result=186aee41ab7388cf
case op=copy-float w=256 h=128 layout=universal public_raw=[5614100, 5597900, 5591500, 5645000, 5542300, 5378700, 5722900, 5724500, 5477500, 5464200, 5421500, 5303200] approved_raw=[267500, 372700, 272100, 271000, 287700, 268800, 267400, 271300, 264800, 289400, 267000, 284900] cpp_raw=[107800, 158900, 163000, 107500, 107700, 107200, 107500, 107700, 120300, 107400, 107400, 107300] relation_raw=[5063900, 5374600, 5366800, 5226400, 5003400, 4967500, 5498300, 5002100, 5262800, 5044900, 5322500, 4953700] public_ns=5566900 approved_ns=271150 cpp_ns=107600 relation_ns=5145150 source=2602f36fdf024e48 result=a35a34c9a114294f
case op=copy-Pod w=256 h=128 layout=universal public_raw=[5374300, 5641600, 6666100, 7570600, 7150500, 6485700, 5773000, 8509700, 5765400, 5413000, 5343200, 5610200] approved_raw=[280500, 267100, 263600, 317800, 264100, 263400, 263900, 284400, 264700, 263600, 279300, 263100] cpp_raw=[107900, 108100, 109100, 107900, 250300, 109000, 151100, 108400, 107700, 108100, 278100, 110400] relation_raw=[5259400, 5444700, 6272200, 7176800, 7104400, 5354800, 5490500, 5476800, 5778900, 5342200, 5503400, 5122100] public_ns=5769200 approved_ns=264400 cpp_ns=108700 relation_ns=5483650 source=e9e6a4e830f5d812 result=65aae9126466d5ba
case op=convert-ubyte-float w=256 h=128 layout=universal public_raw=[16230100, 16649700, 16871700, 16086700, 16218100, 15800200, 15510700, 15623300, 15990300, 16035600, 15808100, 15850000] approved_raw=[297400, 341000, 265700, 269600, 271900, 282200, 267500, 263900, 265600, 285900, 416200, 266200] cpp_raw=[18300, 18300, 18300, 18200, 18200, 18000, 18100, 18100, 18200, 45400, 18100, 18300] relation_raw=[15619000, 15721600, 16579200, 15749400, 15284600, 15481700, 15445500, 15317600, 15266400, 15741500, 15582800, 15997300] public_ns=16012950 approved_ns=270750 cpp_ns=18200 relation_ns=15600900 source=2ca74caf843b767b result=9981b35893e1a94f
case op=copy-ubyte w=256 h=128 layout=universal-negative public_raw=[5647400, 5590700, 5537600, 5803700, 5613700, 5487500, 5616500, 5478300, 5699000, 5641900, 5532000, 5929400] approved_raw=[268800, 264100, 275100, 267900, 262500, 261600, 264300, 274100, 280000, 265100, 278700, 324900] cpp_raw=[98400, 98400, 98400, 98300, 98400, 98300, 109800, 98400, 98800, 98400, 98300, 99000] relation_raw=[5135100, 5318000, 5227600, 5148700, 5074900, 5295100, 5117200, 5372800, 5188500, 5152300, 5278200, 10053500] public_ns=5615100 approved_ns=268350 cpp_ns=98400 relation_ns=5208050 source=aee6fc6fec93767b result=e78d431e19cc88cf
case op=copy-float w=256 h=128 layout=universal-negative public_raw=[6832900, 5481500, 6042700, 5830200, 6060700, 5938500, 6002700, 5523000, 5478700, 7509400, 6201700, 5892700] approved_raw=[308200, 445000, 286900, 283300, 267400, 264500, 318600, 283800, 268500, 293000, 265000, 298800] cpp_raw=[107700, 107400, 120000, 107400, 107300, 127900, 107200, 107500, 107200, 107300, 107900, 107600] relation_raw=[5358200, 5449800, 5185900, 5807500, 6843200, 5155100, 5395200, 5517100, 5189800, 5138800, 5580800, 7371600] public_ns=5970600 approved_ns=285350 cpp_ns=107450 relation_ns=5422500 source=a257b6291ff8ce48 result=6438f003893e294f
case op=copy-Pod w=256 h=128 layout=universal-negative public_raw=[5827600, 5538700, 5636000, 5610300, 6006700, 5518800, 5562000, 5543800, 5573800, 5470200, 5588500, 5726200] approved_raw=[321500, 263600, 294900, 263600, 353900, 317700, 279100, 295000, 264700, 306600, 279900, 605200] cpp_raw=[107800, 107700, 107800, 122300, 107500, 107300, 107400, 107500, 108100, 120400, 107400, 108000] relation_raw=[5537100, 6076300, 5589900, 5330600, 5685100, 6873900, 5927500, 6480100, 5617900, 5335200, 5839200, 5692200] public_ns=5581150 approved_ns=294950 cpp_ns=107750 relation_ns=5688650 source=9d3846764beed812 result=da53e1b7f4d855ba
case op=convert-ubyte-float w=256 h=128 layout=universal-negative public_raw=[19257000, 18467000, 18411000, 18293700, 17476800, 17736300, 17769400, 18213400, 18082800, 18093000, 17891100, 17457100] approved_raw=[314700, 267100, 293400, 270800, 283900, 300400, 284000, 272100, 274000, 268400, 266600, 266900] cpp_raw=[18200, 18100, 18200, 18300, 18100, 18100, 18200, 18200, 18100, 18100, 18200, 18400] relation_raw=[17331700, 17342100, 17244800, 18752900, 18762000, 19246600, 18683300, 17325700, 17738100, 17340200, 20044200, 17490700] public_ns=18087900 approved_ns=273050 cpp_ns=18200 relation_ns=17614400 source=aee6fc6fec93767b result=b595bddcda97a94f
case op=copy-ubyte w=256 h=128 layout=repeated-source public_raw=[6210500, 5635200, 5927500, 6585200, 6116400, 5527500, 6124300, 5591200, 5578500, 5820100, 5760900, 5882100] approved_raw=[263600, 365200, 263400, 264100, 263100, 264200, 267300, 262300, 262900, 262600, 452800, 279800] cpp_raw=[800, 700, 900, 1200, 1000, 700, 1100, 800, 800, 900, 900, 1200] relation_raw=[5169900, 5472500, 5078800, 5403600, 5341000, 5316900, 5048400, 5232200, 5412000, 5133300, 5482500, 5320200] public_ns=5851100 approved_ns=263850 cpp_ns=900 relation_ns=5318550 source=b801a0f8ceb910a5 result=d702cf3fb5e29e3d
case op=copy-float w=256 h=128 layout=repeated-source public_raw=[6014100, 5661000, 5874500, 6573900, 6034100, 5617300, 5840700, 5944700, 5676600, 5831100, 5411700, 5689500] approved_raw=[274700, 278000, 306700, 270100, 279000, 271100, 269700, 412000, 269200, 331300, 267900, 269800] cpp_raw=[2400, 2500, 2300, 2400, 2200, 2000, 2200, 3100, 2200, 2100, 2200, 2400] relation_raw=[5684100, 5771200, 5559600, 5332200, 5449600, 5517700, 5185900, 6270000, 5358900, 5299200, 5297300, 5079700] public_ns=5835900 approved_ns=272900 cpp_ns=2250 relation_ns=5404250 source=2ab4dac9ab1576eb result=bf1783c6025d513d
case op=copy-Pod w=256 h=128 layout=repeated-source public_raw=[5505600, 9362300, 5452000, 5448000, 5407300, 5884700, 5336700, 5326200, 9059300, 5362300, 5509000, 7138300] approved_raw=[313800, 260100, 276000, 268400, 276700, 260500, 400000, 279400, 262000, 312600, 261700, 262700] cpp_raw=[3300, 3500, 3800, 3900, 3200, 3100, 3400, 3400, 3900, 3400, 3600, 3900] relation_raw=[4981500, 5094700, 5095400, 4984000, 4990600, 5749300, 5168000, 5039300, 5327000, 5132700, 5242300, 9666800] public_ns=5478800 approved_ns=272200 cpp_ns=3450 relation_ns=5114050 source=eeeb850fb0e39951 result=fb16e77c4b15ecf1
case op=convert-ubyte-float w=256 h=128 layout=repeated-source public_raw=[32037400, 27099300, 28824300, 31366700, 27952400, 37312500, 29917300, 33689200, 30274100, 30987400, 28384400, 28327700] approved_raw=[289700, 273800, 267200, 278600, 267000, 295900, 269600, 270300, 264100, 300500, 265000, 285900] cpp_raw=[3300, 3100, 3300, 3200, 3300, 3000, 3100, 3100, 3000, 3000, 3300, 3300] relation_raw=[27862100, 26792800, 27299400, 27562400, 27109100, 27498700, 32182600, 30200800, 31031700, 32286700, 30195900, 28743900] public_ns=30095700 approved_ns=272050 cpp_ns=3150 relation_ns=28303000 source=b801a0f8ceb910a5 result=8d94738f899eb13d
case op=copy-ubyte w=256 h=128 layout=zero-source public_raw=[1649200, 1626900, 1657000, 1638000, 1640700, 1803800, 1821100, 1739600, 1756900, 1670300, 1842200, 1808000] approved_raw=[264500, 266500, 314700, 275600, 263400, 276200, 263400, 267000, 279400, 278900, 469100, 264200] cpp_raw=[98300, 98500, 110600, 98300, 98300, 98300, 125900, 98400, 166800, 98400, 98300, 120700] relation_raw=[1606500, 1417100, 1480900, 1425800, 1380600, 1650800, 1577700, 1386400, 1455700, 1378200, 1389800, 2216400] public_ns=1704950 approved_ns=271300 cpp_ns=98400 relation_ns=1440750 source=ea3b47c803d61b61 result=805f2b0ca3e19e3d
case op=copy-float w=256 h=128 layout=zero-source public_raw=[2006400, 2273200, 1947400, 1726700, 1735300, 1749500, 1678400, 2587500, 1646000, 1846300, 1980900, 2070600] approved_raw=[268700, 262900, 269100, 312300, 330600, 269500, 268400, 285100, 275500, 268900, 486700, 666400] cpp_raw=[107400, 121800, 107300, 107300, 127700, 107200, 107200, 147200, 107100, 107500, 107200, 107300] relation_raw=[2192900, 1602100, 1462300, 1378400, 1370000, 1392800, 1397300, 2128800, 1492700, 1787200, 1563100, 1484000] public_ns=1896850 approved_ns=272500 cpp_ns=107300 relation_ns=1488350 source=3ee659a586185a17 result=d3a2f65955b6b13d
case op=copy-Pod w=256 h=128 layout=zero-source public_raw=[2137900, 1862300, 1762500, 2084900, 2214800, 1734000, 1738300, 1672500, 1955100, 2031700, 4204300, 1903200] approved_raw=[263200, 261000, 261600, 307600, 303700, 267500, 302900, 522100, 316800, 263400, 260800, 262100] cpp_raw=[107200, 107200, 107500, 107200, 107500, 119800, 107400, 107100, 107300, 120600, 126300, 107300] relation_raw=[1539600, 1371800, 1449900, 1567300, 1508000, 1460500, 1440100, 1369200, 1470700, 1510900, 2134600, 2133000] public_ns=1929150 approved_ns=265450 cpp_ns=107350 relation_ns=1489350 source=52489578602bbe06 result=ef186d4d74d56cf1
case op=convert-ubyte-float w=256 h=128 layout=zero-source public_raw=[4420000, 4588300, 4616100, 4514500, 4379400, 4348400, 4440700, 5577300, 4414500, 4445100, 4528000, 5105000] approved_raw=[266200, 279400, 268700, 269000, 265300, 270200, 266600, 270400, 473000, 341800, 279300, 293600] cpp_raw=[18100, 17900, 18000, 18100, 18100, 17900, 18000, 18000, 18000, 18100, 18100, 23300] relation_raw=[4267400, 4283500, 4257000, 4292600, 4276700, 4256300, 4022600, 4516500, 5430200, 4223300, 5350200, 4820100] public_ns=4479800 approved_ns=270300 cpp_ns=18050 relation_ns=4280100 source=ea3b47c803d61b61 result=fb8549580c3ab13d
case op=copy-ubyte w=2048 h=512 layout=contiguous public_raw=[31100, 29200, 31900, 29100, 24900, 30700, 29200, 34400, 26500, 26400, 42400, 29100] approved_raw=[9432700, 9364000, 8997800, 8485100, 8864100, 10256600, 9212400, 8567400, 8633700, 8676400, 8648900, 12616700] cpp_raw=[49000, 39600, 30300, 36100, 33900, 77000, 35000, 47200, 53100, 34300, 33800, 43100] relation_raw=[82615500, 88321700, 84526800, 86066100, 87152000, 83672000, 83754500, 81968300, 83233900, 84120800, 83439800, 83937200] public_ns=29200 approved_ns=8930950 cpp_ns=37850 relation_ns=83845850 source=2330a0f18d4d82a5 result=80d2fb93a399d2bd
case op=copy-float w=2048 h=512 layout=contiguous public_raw=[189800, 342800, 188900, 187500, 132400, 228600, 264900, 205100, 122600, 197800, 243200, 200400] approved_raw=[8652800, 8936200, 9318500, 8678600, 9047000, 8620000, 9196400, 9135300, 9233300, 8614700, 8828500, 9439200] cpp_raw=[126900, 175900, 141800, 129000, 120700, 133100, 176100, 146000, 126100, 141500, 171000, 164700] relation_raw=[85798900, 84036900, 85989600, 87300300, 85527600, 82945300, 84954700, 88375200, 88454500, 87142500, 84726100, 86209400] public_ns=199100 approved_ns=8991600 cpp_ns=141650 relation_ns=85894250 source=13b5de7322d2f7ab result=d89816c09b0f4fbd
case op=copy-Pod w=2048 h=512 layout=contiguous public_raw=[347200, 419400, 357900, 352100, 344900, 394500, 366200, 391000, 335800, 504100, 377500, 366100] approved_raw=[8738900, 8518400, 8677500, 8940800, 8853100, 8649800, 10112900, 8970600, 8681700, 9017000, 8561400, 9383700] cpp_raw=[340800, 347800, 345600, 349200, 463000, 333900, 359400, 334200, 395700, 370400, 396000, 538300] relation_raw=[87323600, 82082700, 85592000, 84130900, 82913000, 83618300, 83722800, 86847100, 84362700, 87706100, 86544800, 83661200] public_ns=366150 approved_ns=8796000 cpp_ns=354300 relation_ns=84246800 source=d8cd6555f4166151 result=59e0883c487093b1
case op=convert-ubyte-float w=2048 h=512 layout=contiguous public_raw=[6077700, 6217600, 6083300, 6282500, 6340200, 6249700, 6388900, 6690400, 6160500, 6206400, 6376200, 8988400] approved_raw=[8667900, 9162600, 8905700, 8754700, 8699300, 8773000, 8822800, 9153400, 9242400, 9019600, 8891800, 9332200] cpp_raw=[99200, 88100, 102900, 98100, 99000, 87800, 99800, 112300, 97900, 89800, 99000, 138900] relation_raw=[471030800, 434332600, 431126600, 435107800, 433836700, 435259000, 472134100, 451296500, 471913400, 451798700, 455889200, 458269000] public_ns=6266100 approved_ns=8898750 cpp_ns=99000 relation_ns=451547600 source=2330a0f18d4d82a5 result=8830660fbe034fbd
case op=copy-ubyte w=2048 h=512 layout=padded public_raw=[102064600, 105465500, 105337200, 96778500, 95415700, 97576700, 91834200, 96294700, 93756400, 97513400, 105382700, 96583100] approved_raw=[9906100, 9628600, 8718900, 9263200, 8775100, 8541500, 9446900, 8709900, 8894300, 10421300, 9329500, 9403400] cpp_raw=[39500, 49200, 55800, 36000, 35200, 37400, 42500, 35200, 40100, 57100, 50000, 37300] relation_raw=[94555200, 93011400, 88645400, 87499600, 84692400, 84897600, 83509900, 86732600, 91630700, 88072300, 92145300, 84699100] public_ns=97145950 approved_ns=9296350 cpp_ns=39800 relation_ns=87785950 source=ae83cf5b1e4efaa5 result=824b457e72415e3d
case op=copy-float w=2048 h=512 layout=padded public_raw=[106845600, 105741500, 93954000, 96674600, 100314700, 97496700, 136842600, 93390200, 93126800, 96630200, 96586400, 94605400] approved_raw=[9069500, 9021700, 9483000, 9516400, 9438700, 10133800, 8718900, 8827200, 8891300, 9669200, 9014400, 9612500] cpp_raw=[163200, 177200, 202600, 196200, 367100, 187500, 205300, 189800, 163700, 329200, 198300, 353200] relation_raw=[89220700, 86394600, 87397500, 94169400, 87730200, 92132300, 86689900, 83916600, 85976900, 87603300, 84741300, 85362800] public_ns=96652400 approved_ns=9254100 cpp_ns=197250 relation_ns=87043700 source=f707132824e3b60b result=7e1f3007cb46713d
case op=copy-Pod w=2048 h=512 layout=padded public_raw=[94518700, 94578100, 94367100, 93530700, 93082100, 93050300, 93094600, 94214200, 92455300, 97099000, 93123400, 94396700] approved_raw=[9339100, 9338200, 8648900, 9090200, 9901800, 9463800, 9284000, 8899000, 8660100, 9256600, 8601300, 9002900] cpp_raw=[369200, 343200, 340500, 375500, 340400, 412100, 366800, 394500, 356800, 375300, 337400, 353400] relation_raw=[87191700, 83744400, 93512500, 85274100, 86649000, 84950400, 84745200, 83878200, 85675000, 85530200, 82959000, 84798600] public_ns=93872450 approved_ns=9173400 cpp_ns=361800 relation_ns=85112250 source=e31314711d294711 result=cd84131d95f48cf1
case op=convert-ubyte-float w=2048 h=512 layout=padded public_raw=[462064600, 449852600, 465270500, 484555600, 455064200, 523916500, 457555700, 479275100, 459377100, 476517400, 487966100, 520179200] approved_raw=[8910800, 9212000, 9086900, 11305700, 8762700, 9036000, 8897700, 9402300, 9301600, 8772500, 9060500, 9872100] cpp_raw=[97900, 87500, 98800, 89800, 99600, 99500, 93700, 101700, 374700, 99300, 88600, 100300] relation_raw=[444049200, 439368300, 447112700, 450389000, 445148300, 448025600, 482749700, 450362200, 464069000, 487166700, 463244300, 452330600] public_ns=470893950 approved_ns=9073700 cpp_ns=99050 relation_ns=450375600 source=ae83cf5b1e4efaa5 result=a6f0b1d68eba713d
case op=copy-ubyte w=2048 h=512 layout=negative-source public_raw=[90009700, 89663400, 90425400, 90427900, 89964700, 90440500, 89370600, 91576500, 90654400, 89102300, 93436800, 89709600] approved_raw=[8605200, 8760200, 8504200, 8700300, 8597700, 8903400, 8644900, 8816500, 8835600, 8596400, 8559300, 9248500] cpp_raw=[32700, 51900, 59600, 68600, 41300, 52700, 48900, 39700, 38900, 46200, 73700, 36500] relation_raw=[81645600, 80997300, 80840900, 80699900, 81507800, 81380300, 88764800, 83022000, 81189700, 83494100, 85215000, 82297400] public_ns=90217550 approved_ns=8672600 cpp_ns=47550 relation_ns=81576700 source=ae83cf5b1e4efaa5 result=824b457e72415e3d
case op=copy-float w=2048 h=512 layout=negative-source public_raw=[91225800, 94581600, 108478000, 93249500, 93139300, 95431400, 98261500, 104907400, 92183500, 94014300, 94767600, 95614100] approved_raw=[8995700, 9200100, 10830300, 9302400, 9498700, 9602700, 8834100, 9240700, 9806700, 9508100, 9145600, 10422000] cpp_raw=[390500, 240000, 266200, 294100, 308800, 362200, 237900, 260700, 253300, 335800, 221900, 294800] relation_raw=[85492400, 84708900, 88590300, 93929100, 87194800, 94233100, 82963100, 86999500, 86429200, 85316900, 85289700, 83464900] public_ns=94674600 approved_ns=9400550 cpp_ns=280150 relation_ns=85960800 source=f707132824e3b60b result=7e1f3007cb46713d
case op=copy-Pod w=2048 h=512 layout=negative-source public_raw=[92769900, 92188500, 94572800, 93195400, 91282000, 97553000, 94719000, 95268000, 95888400, 96581300, 104010300, 100392800] approved_raw=[9382100, 9004300, 9042100, 8830800, 9337300, 9129000, 9116800, 9645600, 9114400, 9200700, 9686600, 9398600] cpp_raw=[551400, 563300, 539200, 547400, 560500, 523300, 644300, 768000, 724000, 658700, 600800, 690400] relation_raw=[85217500, 84667200, 87986000, 83546300, 84540500, 92173500, 88874700, 84736600, 84617500, 87437400, 103348600, 95487200] public_ns=94993500 approved_ns=9164850 cpp_ns=582050 relation_ns=86327450 source=a98d88b93a2d4711 result=cd84131d95f48cf1
case op=convert-ubyte-float w=2048 h=512 layout=negative-source public_raw=[453938400, 476893600, 479022000, 465297600, 464083500, 476542400, 490737900, 461116700, 519374700, 484315800, 488207100, 482700900] approved_raw=[10529600, 9637200, 9004300, 9006200, 11861600, 13067000, 9138500, 8732900, 8987300, 9080000, 9605300, 9850100] cpp_raw=[221200, 288900, 177000, 159600, 164100, 258000, 155300, 193400, 233600, 183700, 207400, 168200] relation_raw=[485206500, 458270300, 458409500, 457913600, 471846300, 474205400, 488761300, 445307500, 435582700, 457340700, 472791300, 449101600] public_ns=477957800 approved_ns=9371900 cpp_ns=188550 relation_ns=458339900 source=ae83cf5b1e4efaa5 result=a6f0b1d68eba713d
case op=copy-ubyte w=2048 h=512 layout=negative-both public_raw=[98607000, 92137200, 90627500, 92276900, 93760000, 91973700, 94244000, 90817400, 91375900, 100025300, 90998600, 99583200] approved_raw=[9948800, 9421700, 8689800, 8514700, 8706500, 8593300, 8545400, 8804900, 8691200, 8816500, 10089200, 8733100] cpp_raw=[93700, 127200, 59100, 30300, 41000, 37200, 40200, 37100, 32700, 97300, 33600, 76200] relation_raw=[88673500, 87148200, 86657600, 81906500, 82022000, 83195500, 84631600, 85581700, 84140800, 95901800, 87153900, 87463200] public_ns=92207050 approved_ns=8719800 cpp_ns=40600 relation_ns=86119650 source=ae83cf5b1e4efaa5 result=824b457e72415e3d
case op=copy-float w=2048 h=512 layout=negative-both public_raw=[92601800, 93114100, 90916200, 92714700, 91144500, 120826500, 91080200, 92858100, 91165400, 92494700, 93016500, 90306800] approved_raw=[9437900, 10308600, 8965600, 8998500, 8844500, 8799500, 8878800, 8736500, 9238700, 9235400, 8825600, 9052900] cpp_raw=[252200, 364300, 393000, 396000, 349000, 293000, 299900, 321400, 356900, 278700, 274300, 308000] relation_raw=[81921300, 83700400, 82911900, 84332300, 80807000, 85845100, 82509700, 83086900, 91783200, 86826000, 83223200, 83294800] public_ns=92548250 approved_ns=8982050 cpp_ns=314700 relation_ns=83259000 source=f707132824e3b60b result=7e1f3007cb46713d
case op=copy-Pod w=2048 h=512 layout=negative-both public_raw=[95006000, 100535100, 102535000, 94160800, 97412900, 93857000, 98196200, 93619000, 101662100, 95535900, 96667600, 100231700] approved_raw=[9528900, 11280900, 10320500, 10002000, 9930400, 9832400, 8886200, 9553000, 8812500, 9320100, 9659300, 10625300] cpp_raw=[736900, 682000, 768600, 803400, 772100, 685200, 723700, 703700, 693700, 730000, 682000, 893900] relation_raw=[90992200, 88499900, 87762200, 92082300, 92544400, 83935200, 84386800, 85039000, 86463900, 86598800, 86788900, 88854900] public_ns=97040250 approved_ns=9745850 cpp_ns=726850 relation_ns=87275550 source=a98d88b93a2d4711 result=35d2d67477ff8cf1
case op=convert-ubyte-float w=2048 h=512 layout=negative-both public_raw=[500990500, 478946400, 581728300, 476307900, 464449500, 470667100, 505513900, 461721900, 459960200, 476422600, 509878900, 456089800] approved_raw=[10890300, 9557800, 9005600, 8883200, 9679100, 9231000, 9781900, 9285800, 8861000, 8823200, 9439000, 8998300] cpp_raw=[316000, 323200, 243700, 369500, 408200, 280700, 200900, 141900, 154500, 162600, 186800, 282400] relation_raw=[493328300, 485325300, 479210200, 455542400, 535948900, 465569400, 444898100, 480763000, 450094400, 462659900, 456936100, 454015100] public_ns=476365250 approved_ns=9258400 cpp_ns=262200 relation_ns=464114650 source=ae83cf5b1e4efaa5 result=a6f0b1d68eba713d
case op=copy-ubyte w=2048 h=512 layout=universal public_raw=[97633300, 100197400, 93024700, 93265700, 98293300, 93831500, 92537500, 97974100, 91598600, 97936300, 96716400, 97298400] approved_raw=[9495700, 8702700, 10287200, 9062300, 9449500, 8696200, 8743900, 9033200, 9164800, 10066900, 10408500, 8940300] cpp_raw=[3258600, 4760100, 3341000, 3285800, 3326900, 3235500, 3367900, 3227400, 3327100, 3268600, 4315500, 3380900] relation_raw=[85239600, 87011800, 83902400, 83898100, 84890700, 86926700, 95148200, 87054500, 84110900, 84184200, 92928500, 83644700] public_ns=97007400 approved_ns=9113550 cpp_ns=3327000 relation_ns=85065150 source=546dc88cf162767b result=b53972f2ee1fc8cf
case op=copy-float w=2048 h=512 layout=universal public_raw=[90774600, 90293500, 96177300, 90965200, 93692600, 94813000, 103763100, 100263400, 98616500, 95523700, 101462100, 95623000] approved_raw=[8632200, 8886100, 8694300, 8696300, 8669900, 8918800, 10482900, 9821800, 9567000, 8954200, 9587900, 8777000] cpp_raw=[3523600, 3486600, 3492400, 3771000, 3461900, 3480600, 3586300, 3804900, 3710500, 3642200, 3888800, 3550500] relation_raw=[80906300, 81596900, 81087800, 81515800, 81633600, 82975700, 90749600, 89683600, 88026700, 85949500, 85870700, 91440000] public_ns=95573350 approved_ns=8902450 cpp_ns=3568400 relation_ns=84423200 source=4f1036148aacde48 result=1d8ea0b52256e94f
case op=copy-Pod w=2048 h=512 layout=universal public_raw=[100525300, 96426000, 96204300, 98884100, 95092000, 94676400, 95206000, 94703000, 98258700, 96979900, 97616100, 100169300] approved_raw=[8616100, 12153300, 15001900, 9352000, 8977100, 9339900, 9049100, 8887400, 8687500, 9352500, 9137600, 9073400] cpp_raw=[3993500, 3490800, 3571400, 3838200, 3569400, 4067400, 4037300, 3526600, 3769400, 4398500, 3546700, 3923500] relation_raw=[87324800, 86410000, 88508500, 90146800, 85951300, 86111300, 89480900, 93001900, 86957100, 83411300, 83540700, 89753400] public_ns=96702950 approved_ns=9105500 cpp_ns=3803800 relation_ns=87140950 source=196bf4d6cf5eb812 result=fc9731c7256835ba
case op=convert-ubyte-float w=2048 h=512 layout=universal public_raw=[274572000, 261472400, 264124200, 256706900, 264697800, 263259200, 256069600, 272011900, 282957500, 291605000, 267998300, 272757100] approved_raw=[9200000, 8794800, 9565900, 10063300, 9122600, 10952200, 9308800, 9462900, 9118900, 11408200, 9018100, 9474800] cpp_raw=[599500, 610700, 604700, 627100, 617100, 631000, 582000, 601900, 760000, 631400, 624800, 608200] relation_raw=[273357000, 257531700, 260945700, 249797300, 266891700, 249629800, 248171200, 305875000, 281236200, 278892000, 268598400, 254305800] public_ns=266348050 approved_ns=9385850 cpp_ns=613900 relation_ns=263918700 source=546dc88cf162767b result=24fea8e2dff2e94f
case op=copy-ubyte w=2048 h=512 layout=universal-negative public_raw=[101289200, 105392900, 99390900, 103779300, 102165500, 98185700, 94633900, 99704000, 92228100, 91999700, 93972400, 94048200] approved_raw=[9233600, 8678400, 9798900, 10209700, 10557700, 16102500, 8860800, 8740200, 8930900, 8747800, 9010200, 8835700] cpp_raw=[3339800, 3251500, 3351800, 3215300, 3250400, 5673600, 3606200, 3344200, 3211400, 3259300, 3514500, 3238700] relation_raw=[89180100, 92029600, 90186600, 89258300, 89736500, 87942600, 87674500, 83975100, 85582000, 84164600, 84448100, 83998200] public_ns=98788300 approved_ns=8970550 cpp_ns=3299550 relation_ns=87808550 source=46067b9fc62767b result=6220d181b93fc8cf
case op=copy-float w=2048 h=512 layout=universal-negative public_raw=[94702400, 93848300, 94192700, 92298800, 92442000, 96824400, 93201700, 96570300, 94418800, 99070400, 97411400, 93006700] approved_raw=[8764200, 9244900, 8796000, 8876400, 9788200, 11716700, 8733300, 9014600, 9137000, 8745000, 10640800, 9260600] cpp_raw=[3668600, 3509600, 3456300, 3461700, 3464600, 3550800, 3574100, 3503300, 3546300, 3487000, 3779000, 3503900] relation_raw=[83619100, 92266100, 84377900, 87879200, 87440600, 84007300, 84565300, 83391200, 83355100, 83059700, 91120800, 92187000] public_ns=94305750 approved_ns=9075800 cpp_ns=3506750 relation_ns=84471600 source=51109e231b84de48 result=d2e235024092e94f
case op=copy-Pod w=2048 h=512 layout=universal-negative public_raw=[93041100, 95932200, 99133300, 101753200, 101779600, 97379100, 97747800, 94492400, 96675500, 92824900, 93650300, 94938800] approved_raw=[9010300, 9007800, 9935300, 10064100, 13311600, 14832700, 10681600, 8982200, 20447700, 9160300, 9006100, 9301900] cpp_raw=[3517500, 3533400, 3750800, 3881100, 3894700, 3617800, 3590200, 3795500, 3598400, 3712100, 3605800, 3662500] relation_raw=[85047300, 86567900, 87130500, 83881900, 91406700, 89369800, 84432500, 86803600, 86004300, 83492000, 84890300, 83594700] public_ns=96303850 approved_ns=9618600 cpp_ns=3640150 relation_ns=85525800 source=e1be015f3a91b812 result=17fc2f38b61735ba
case op=convert-ubyte-float w=2048 h=512 layout=universal-negative public_raw=[296301800, 292825400, 333436400, 292282700, 289867400, 295937000, 287162700, 293088500, 297011300, 312700000, 312532600, 292371300] approved_raw=[9375700, 8754300, 9230400, 10196800, 9001400, 8876300, 9134500, 9181400, 8991600, 9098600, 9956900, 9160800] cpp_raw=[602400, 601000, 1592900, 675700, 642000, 630600, 602600, 584100, 583200, 596800, 644000, 659200] relation_raw=[283128000, 308598500, 320475300, 313553900, 279797500, 287747100, 275463700, 287013400, 282086500, 290729400, 313143500, 298155900] public_ns=294512750 approved_ns=9147650 cpp_ns=616600 relation_ns=289238250 source=46067b9fc62767b result=940c5552cb46e94f
case op=copy-ubyte w=2048 h=512 layout=repeated-source public_raw=[93327700, 98683500, 93566800, 95285000, 90819600, 92948000, 101135500, 91624300, 88727900, 98267000, 90414700, 90472600] approved_raw=[8711800, 9872100, 8761600, 9174800, 8495700, 8498400, 8629200, 8832200, 8589200, 8956400, 8487100, 8850300] cpp_raw=[14900, 14600, 16200, 15800, 15400, 15400, 16800, 15800, 14500, 30400, 15700, 15300] relation_raw=[82545200, 85745400, 86786900, 83861200, 85409100, 86641500, 91043200, 80208400, 82765700, 80759000, 82039300, 88810100] public_ns=93137850 approved_ns=8736700 cpp_ns=15550 relation_ns=84635150 source=6e453727bce9f2a5 result=824b457e72415e3d
case op=copy-float w=2048 h=512 layout=repeated-source public_raw=[91634200, 95774800, 93341800, 91431200, 90577300, 96211400, 96605300, 93409700, 90960100, 91681000, 115298200, 95585800] approved_raw=[9197300, 8950900, 8999300, 8990900, 9366400, 8762800, 8783300, 9047300, 8979500, 12378200, 10413800, 9576000] cpp_raw=[111900, 64600, 235500, 77200, 68700, 62300, 72700, 60700, 59400, 61000, 63300, 111100] relation_raw=[84626300, 89936200, 81774200, 81852600, 85602800, 83821100, 88299600, 82237900, 83204000, 87496500, 86272300, 82467500] public_ns=93375750 approved_ns=9023300 cpp_ns=66650 relation_ns=84223700 source=1890cde25c8499ab result=7e1f3007cb46713d
case op=copy-Pod w=2048 h=512 layout=repeated-source public_raw=[91548900, 93895800, 91880700, 97704000, 113186600, 93963900, 97039900, 98641500, 98080200, 90393800, 92506400, 94425500] approved_raw=[8824600, 9623100, 8889200, 9668300, 10249800, 9522500, 9240100, 9073600, 9011800, 9032300, 8554400, 9324100] cpp_raw=[160800, 169700, 195700, 174900, 538200, 140400, 147400, 374100, 153400, 144500, 158300, 143100] relation_raw=[83610800, 84075600, 86657000, 87188800, 84964100, 87731400, 91511100, 84029500, 89095300, 83588800, 83049200, 83446700] public_ns=94194700 approved_ns=9156850 cpp_ns=159550 relation_ns=84519850 source=20f0ed2a5964e151 result=29ff1e71f7668cf1
case op=convert-ubyte-float w=2048 h=512 layout=repeated-source public_raw=[454231000, 448230300, 452761500, 459284400, 454632700, 449744000, 448732400, 466059500, 458664900, 488988700, 454803300, 454114800] approved_raw=[9273500, 8730200, 10233900, 8901700, 9282000, 8906900, 9199300, 9112400, 8882300, 9157000, 8821500, 8949800] cpp_raw=[98000, 107400, 98100, 97900, 85600, 98800, 97500, 98000, 87600, 106000, 148800, 86900] relation_raw=[440070600, 454172300, 434141500, 431391800, 436636600, 448312800, 446623600, 477485600, 446921000, 436248900, 442413500, 441258500] public_ns=454431850 approved_ns=9031100 cpp_ns=98000 relation_ns=441836000 source=6e453727bce9f2a5 result=a6f0b1d68eba713d
case op=copy-ubyte w=2048 h=512 layout=zero-source public_raw=[33022200, 30845900, 32110500, 31604200, 34991500, 34967100, 32219300, 32009800, 31290000, 35387300, 35660200, 34860100] approved_raw=[9912500, 9110500, 9064800, 8821700, 9128300, 8657300, 8985900, 8608300, 8690600, 9017100, 9427500, 9276100] cpp_raw=[4551700, 3523300, 3279900, 3324700, 3229400, 3193300, 3230800, 3294500, 3176900, 3288500, 3511200, 5151600] relation_raw=[24230000, 24480200, 22912700, 23142100, 24303900, 23310500, 22523200, 22347700, 22172500, 22717900, 24932600, 24871000] public_ns=32620750 approved_ns=9040950 cpp_ns=3291500 relation_ns=23226300 source=ea3b47c803d61b61 result=f48fba1f72215e3d
case op=copy-float w=2048 h=512 layout=zero-source public_raw=[35956300, 34045400, 34051300, 37548800, 33420900, 34951500, 35719200, 34263700, 35015200, 52256500, 34888700, 32901800] approved_raw=[9094800, 8847800, 10889400, 15027400, 9776600, 8979100, 9259500, 9510900, 9470800, 10098700, 9694000, 9948800] cpp_raw=[3513400, 3751700, 3822900, 3498600, 3839600, 4108900, 5229400, 3682200, 3836800, 4316800, 6058500, 3698900] relation_raw=[24107800, 23315100, 39388000, 24051100, 26550800, 24455800, 23952500, 25083900, 31256400, 23624300, 25572100, 32428800] public_ns=34920100 approved_ns=9602450 cpp_ns=3829850 relation_ns=24769850 source=3ee659a586185a17 result=3010c258495a713d
case op=copy-Pod w=2048 h=512 layout=zero-source public_raw=[31637200, 31107300, 31537500, 32755200, 32549500, 32475000, 31078000, 31680000, 35980500, 32434500, 33689700, 31585800] approved_raw=[8560200, 8872600, 8565900, 10073100, 8556500, 9446400, 8907900, 11099700, 10625800, 8872400, 9139700, 9501000] cpp_raw=[3918200, 4014500, 3931400, 4033100, 3726700, 3722700, 4783500, 3864800, 3992700, 3960800, 4079600, 3742900] relation_raw=[23022600, 22748000, 22653100, 23848600, 22510300, 22632700, 22826100, 22195300, 23655500, 23039800, 23232000, 23641500] public_ns=32057250 approved_ns=9023800 cpp_ns=3946100 relation_ns=22924350 source=10734a11a61fbe06 result=14eb8df45bd38cf1
case op=convert-ubyte-float w=2048 h=512 layout=zero-source public_raw=[76169000, 75942600, 74153400, 75909300, 77825700, 77684000, 75585200, 75034400, 79145100, 74361400, 79686800, 76546100] approved_raw=[9054900, 8727900, 9096100, 8982100, 12528400, 9698100, 9038700, 9513000, 9581700, 9236900, 9275200, 8886200] cpp_raw=[574200, 804200, 589100, 588400, 676700, 574200, 588000, 591200, 575200, 604400, 589400, 603900] relation_raw=[64640900, 65974300, 66003200, 67084900, 68434400, 67568300, 66216700, 65328600, 66855800, 68476500, 66605800, 70255600] public_ns=76055800 approved_ns=9166500 cpp_ns=589250 relation_ns=66730800 source=ea3b47c803d61b61 result=1ea1c940ba66713d
m3_copy_conversion PASS cases=96 sink=13023336492318211668
