contracts PASS four-operations invalid/shape/noninjective/overlap/empty/no-write shared-disjoint
semantic PASS cases=32 bitwise-copy all256-conversion source-padding
case op=copy-ubyte w=31 h=17 layout=contiguous public_raw=[100, 100, 100, 100, 0, 200, 0, 100, 0, 100, 0, 0] approved_raw=[4200, 4300, 4200, 4300, 4300, 4400, 4400, 4200, 4300, 4200, 4200, 4200] cpp_raw=[100, 100, 0, 0, 0, 100, 100, 0, 0, 0, 0, 0] relation_raw=[88000, 87900, 87900, 87800, 100900, 88700, 88700, 88700, 88700, 88500, 88800, 88500] public_ns=100 approved_ns=4250 cpp_ns=0 relation_ns=88600 source=e1cb0bb018788cd9 result=6b280f993832c319
case op=copy-float w=31 h=17 layout=contiguous public_raw=[300, 100, 100, 100, 100, 100, 400, 100, 100, 100, 100, 100] approved_raw=[4500, 4600, 4400, 4600, 4500, 4400, 4600, 4600, 4700, 4500, 4600, 4600] cpp_raw=[0, 100, 100, 100, 100, 100, 0, 100, 100, 100, 100, 100] relation_raw=[88800, 88500, 88600, 88600, 88100, 88400, 116600, 87900, 88000, 88500, 87700, 88500] public_ns=100 approved_ns=4600 cpp_ns=100 relation_ns=88500 source=6128204049c0da83 result=264b3169180ebd4b
case op=copy-Pod w=31 h=17 layout=contiguous public_raw=[400, 100, 100, 100, 100, 800, 200, 400, 100, 100, 300, 100] approved_raw=[4200, 4200, 4200, 4200, 4200, 4200, 4200, 4200, 4200, 4200, 4200, 4200] cpp_raw=[100, 100, 100, 100, 200, 100, 100, 100, 100, 100, 100, 100] relation_raw=[87000, 87200, 87000, 87000, 86900, 86600, 189700, 119400, 87400, 87000, 140400, 87000] public_ns=100 approved_ns=4200 cpp_ns=100 relation_ns=87000 source=db360484f487691a result=968b62c61598975a
case op=convert-ubyte-float w=31 h=17 layout=contiguous public_raw=[3100, 3500, 3400, 3100, 3100, 3500, 3400, 3300, 3100, 3200, 3200, 3200] approved_raw=[4500, 4400, 4300, 4400, 4200, 4500, 4300, 4300, 4300, 4300, 4400, 4500] cpp_raw=[100, 100, 100, 100, 100, 200, 100, 100, 100, 100, 100, 100] relation_raw=[628300, 819500, 596100, 465300, 712400, 536500, 591500, 507500, 521700, 500300, 569500, 487700] public_ns=3200 approved_ns=4350 cpp_ns=100 relation_ns=553000 source=e1cb0bb018788cd9 result=1bb7b2c2179a648f
case op=copy-ubyte w=31 h=17 layout=padded public_raw=[92500, 160400, 91500, 91300, 91200, 120500, 91300, 91200, 91300, 91200, 102500, 92200] approved_raw=[4100, 4200, 4400, 4300, 4200, 4400, 4400, 4300, 4200, 4200, 4300, 4100] cpp_raw=[100, 0, 100, 0, 0, 100, 100, 0, 0, 0, 0, 100] relation_raw=[88300, 117300, 88700, 88600, 109700, 88700, 88600, 88400, 88300, 88300, 88300, 88300] public_ns=91400 approved_ns=4250 cpp_ns=0 relation_ns=88500 source=4d0b0939d89e40d9 result=5f21f5ea6035ff19
case op=copy-float w=31 h=17 layout=padded public_raw=[92400, 92700, 93400, 92700, 119600, 92900, 91900, 107800, 122900, 93100, 92500, 92800] approved_raw=[4500, 4400, 4400, 4300, 4400, 4400, 4400, 4500, 4200, 4500, 4500, 4400] cpp_raw=[100, 100, 0, 0, 100, 100, 100, 100, 100, 200, 100, 0] relation_raw=[99700, 88700, 88600, 87900, 102000, 144000, 87900, 88400, 93000, 88900, 88200, 88200] public_ns=92850 approved_ns=4400 cpp_ns=100 relation_ns=88650 source=ebb5b7eaf5f43283 result=3851810ac565964b
case op=copy-Pod w=31 h=17 layout=padded public_raw=[92200, 104100, 94000, 284400, 93500, 145900, 92400, 93000, 171700, 93400, 134600, 92400] approved_raw=[4300, 4300, 4200, 4400, 4300, 4200, 4300, 4200, 4200, 4300, 4200, 4200] cpp_raw=[100, 100, 100, 200, 100, 100, 100, 100, 200, 100, 100, 100] relation_raw=[88200, 88200, 87200, 87000, 87500, 112000, 86300, 88100, 109400, 88000, 87700, 86500] public_ns=93750 approved_ns=4250 cpp_ns=100 relation_ns=87850 source=b28d4f242a91b51a result=7438cdf3ee88135a
case op=convert-ubyte-float w=31 h=17 layout=padded public_raw=[810100, 685700, 464600, 486800, 582600, 496000, 573300, 494400, 471100, 920600, 483000, 463500] approved_raw=[4400, 4300, 4500, 4400, 4400, 4500, 4200, 4300, 4300, 4400, 4400, 4400] cpp_raw=[100, 100, 100, 100, 100, 100, 100, 100, 100, 100, 100, 100] relation_raw=[496200, 497800, 558200, 532100, 522700, 459900, 462200, 465500, 474200, 460200, 532900, 484400] public_ns=495200 approved_ns=4400 cpp_ns=100 relation_ns=490300 source=4d0b0939d89e40d9 result=5a1bf5670dd4dc8f
case op=copy-ubyte w=31 h=17 layout=negative-source public_raw=[216100, 116200, 91600, 91400, 91500, 92100, 90400, 92200, 91700, 91800, 92000, 91300] approved_raw=[4300, 4300, 4300, 4200, 4200, 4200, 8300, 4200, 4300, 4300, 6800, 4100] cpp_raw=[200, 200, 100, 100, 0, 0, 100, 100, 0, 0, 100, 100] relation_raw=[152800, 88000, 88600, 88000, 87900, 137500, 110100, 130600, 89300, 87900, 103700, 88100] public_ns=91750 approved_ns=4300 cpp_ns=100 relation_ns=88950 source=1218578f96e3de39 result=5f21f5ea6035ff19
case op=copy-float w=31 h=17 layout=negative-source public_raw=[94400, 92000, 92500, 92500, 91900, 92800, 92000, 91900, 91300, 93400, 92300, 118300] approved_raw=[4200, 4600, 4300, 4200, 4200, 4400, 4400, 4300, 4300, 4400, 4200, 4400] cpp_raw=[0, 100, 0, 0, 0, 100, 0, 0, 0, 100, 100, 100] relation_raw=[110500, 88300, 87400, 87900, 101300, 88400, 88200, 87800, 98900, 92800, 87500, 88300] public_ns=92400 approved_ns=4300 cpp_ns=0 relation_ns=88300 source=d55c0938ea65990b result=3851810ac565964b
case op=copy-Pod w=31 h=17 layout=negative-source public_raw=[92600, 92400, 92400, 389700, 91300, 91800, 216700, 91700, 92400, 92500, 92800, 147000] approved_raw=[4200, 4200, 4300, 4200, 4200, 4200, 4300, 30000, 4200, 4200, 4200, 4300] cpp_raw=[100, 100, 100, 200, 100, 100, 100, 100, 100, 100, 100, 100] relation_raw=[87300, 115400, 237700, 88000, 88700, 88000, 87600, 87600, 86900, 227700, 105100, 117800] public_ns=92450 approved_ns=4200 cpp_ns=100 relation_ns=88350 source=4cb52a65f8334f3a result=7438cdf3ee88135a
case op=convert-ubyte-float w=31 h=17 layout=negative-source public_raw=[465000, 469800, 472000, 467200, 704300, 468200, 467000, 516900, 525100, 492500, 634800, 513800] approved_raw=[4300, 4400, 4400, 4400, 4300, 4300, 4300, 4300, 4300, 4300, 4300, 4400] cpp_raw=[100, 200, 100, 100, 100, 100, 100, 100, 100, 100, 100, 200] relation_raw=[534500, 481400, 462700, 477100, 465600, 508400, 525500, 493000, 483300, 524300, 468300, 702600] public_ns=482250 approved_ns=4300 cpp_ns=100 relation_ns=488150 source=1218578f96e3de39 result=5a1bf5670dd4dc8f
case op=copy-ubyte w=31 h=17 layout=negative-both public_raw=[100200, 99900, 102200, 100100, 110500, 92700, 93500, 140300, 93200, 93300, 93400, 93400] approved_raw=[4300, 4200, 4300, 4200, 4300, 4200, 4200, 4300, 4200, 4200, 4200, 4200] cpp_raw=[100, 0, 0, 0, 0, 100, 0, 100, 0, 100, 0, 0] relation_raw=[92400, 91800, 92600, 92900, 146500, 91200, 91000, 91200, 112700, 89500, 88700, 88800] public_ns=96700 approved_ns=4200 cpp_ns=0 relation_ns=91500 source=1218578f96e3de39 result=14b2232dcdfde519
case op=copy-float w=31 h=17 layout=negative-both public_raw=[92900, 93200, 122000, 92700, 329300, 150900, 92200, 92900, 92700, 108400, 275900, 93000] approved_raw=[4500, 4600, 4400, 4300, 4200, 4300, 4300, 4400, 4400, 4200, 4300, 4300] cpp_raw=[100, 0, 0, 100, 400, 0, 100, 0, 0, 0, 100, 100] relation_raw=[88100, 88200, 88700, 88700, 89300, 88800, 87800, 88400, 88000, 89000, 89000, 92600] public_ns=93100 approved_ns=4300 cpp_ns=50 relation_ns=88700 source=d55c0938ea65990b result=88af284ef50a9e03
case op=copy-Pod w=31 h=17 layout=negative-both public_raw=[94500, 107300, 93400, 93100, 92200, 91900, 92400, 93100, 93300, 93200, 93000, 92400] approved_raw=[4200, 4200, 4300, 4200, 4200, 4200, 4200, 4200, 4300, 4200, 4300, 4300] cpp_raw=[100, 0, 100, 100, 100, 100, 100, 100, 100, 100, 100, 100] relation_raw=[88900, 89200, 110300, 88700, 88700, 88600, 119200, 89200, 88400, 88100, 98800, 87800] public_ns=93100 approved_ns=4200 cpp_ns=100 relation_ns=88800 source=4cb52a65f8334f3a result=ba5b3439bff1663a
case op=convert-ubyte-float w=31 h=17 layout=negative-both public_raw=[665400, 849600, 517300, 466100, 633900, 595300, 506300, 502300, 469900, 492000, 464900, 468400] approved_raw=[4500, 4400, 4300, 4400, 4300, 4500, 4300, 4600, 4400, 4400, 4300, 4200] cpp_raw=[100, 100, 200, 100, 100, 100, 100, 100, 100, 100, 100, 100] relation_raw=[491500, 577700, 557900, 487300, 461300, 580700, 514800, 463800, 642700, 505900, 472500, 537200] public_ns=504300 approved_ns=4400 cpp_ns=100 relation_ns=510350 source=1218578f96e3de39 result=a84d7158b568dc8f
case op=copy-ubyte w=31 h=17 layout=universal public_raw=[91500, 91300, 90900, 147000, 92700, 91200, 92300, 118300, 92300, 92100, 92200, 91900] approved_raw=[4300, 4300, 4300, 4200, 4300, 4200, 4200, 4200, 4300, 4200, 4300, 4200] cpp_raw=[1600, 1600, 1600, 1700, 1600, 1600, 1600, 1700, 1600, 1600, 1600, 1600] relation_raw=[88300, 88100, 88100, 315800, 88600, 88600, 88800, 88900, 88800, 88700, 88700, 88500] public_ns=92150 approved_ns=4250 cpp_ns=1600 relation_ns=88650 source=104e8d8f8fae3401 result=94a85d26ce182761
case op=copy-float w=31 h=17 layout=universal public_raw=[92100, 105500, 93100, 232900, 109100, 93000, 92000, 144700, 117500, 92800, 91600, 92100] approved_raw=[4500, 4300, 4300, 4300, 4300, 4300, 4300, 4400, 4300, 4200, 4400, 4400] cpp_raw=[1900, 1900, 1800, 1800, 1800, 1800, 1700, 1800, 1800, 1900, 1900, 1900] relation_raw=[87500, 89100, 89100, 88700, 113400, 89500, 89100, 88800, 89500, 88700, 88300, 155300] public_ns=93050 approved_ns=4300 cpp_ns=1800 relation_ns=89100 source=48f4c2fdc1746a4f result=d2f02840ab86d547
case op=copy-Pod w=31 h=17 layout=universal public_raw=[93000, 137000, 93400, 127600, 93800, 93600, 124200, 93000, 92600, 92300, 93400, 92800] approved_raw=[4300, 4300, 4400, 4300, 4400, 4200, 4400, 4400, 4300, 4300, 4300, 4300] cpp_raw=[1900, 1900, 1800, 1800, 1900, 1900, 2000, 1900, 1900, 1900, 1900, 1900] relation_raw=[120100, 132900, 88300, 88400, 88300, 241000, 86700, 88100, 88600, 87800, 100400, 87500] public_ns=93400 approved_ns=4300 cpp_ns=1900 relation_ns=88350 source=a443bfcbbed0823e result=e7d6d6f5c5dc3c8e
case op=convert-ubyte-float w=31 h=17 layout=universal public_raw=[302300, 280100, 268000, 267600, 265900, 284800, 270500, 278600, 360100, 269900, 268600, 311200] approved_raw=[4300, 4400, 4400, 4600, 4600, 4300, 4300, 4300, 4400, 4300, 4300, 7700] cpp_raw=[300, 300, 300, 300, 300, 400, 300, 300, 300, 300, 300, 600] relation_raw=[264900, 264700, 340800, 286000, 348100, 310700, 292100, 264400, 265700, 308400, 351800, 305000] public_ns=274550 approved_ns=4350 cpp_ns=300 relation_ns=298550 source=104e8d8f8fae3401 result=91affb8b2dfc4eb7
case op=copy-ubyte w=31 h=17 layout=universal-negative public_raw=[93000, 92800, 106600, 93300, 93000, 93000, 93200, 92600, 92700, 92600, 92500, 93000] approved_raw=[4200, 4200, 4400, 4200, 4200, 4200, 4200, 4300, 4200, 4200, 4300, 4200] cpp_raw=[1600, 1600, 1600, 1700, 1600, 1600, 1600, 1600, 1600, 1600, 1600, 1600] relation_raw=[89200, 89100, 89000, 88800, 88700, 89000, 88600, 100500, 88900, 88900, 89000, 89100] public_ns=93000 approved_ns=4200 cpp_ns=1600 relation_ns=89000 source=705335b9cf6847c1 result=2bfddff94a971f61
case op=copy-float w=31 h=17 layout=universal-negative public_raw=[94800, 93100, 94600, 185800, 92600, 97600, 93200, 94900, 92300, 101700, 128600, 92500] approved_raw=[4400, 4400, 4300, 4300, 4400, 4500, 4400, 4400, 4300, 4400, 4400, 4400] cpp_raw=[1900, 1900, 1900, 1800, 1800, 1800, 1800, 1900, 1900, 1900, 1900, 1900] relation_raw=[95800, 90200, 91500, 91400, 119000, 95300, 95300, 114700, 89400, 93200, 112600, 92900] public_ns=94700 approved_ns=4400 cpp_ns=1900 relation_ns=94250 source=eada538057fb86ef result=faa4d5eeeda68847
case op=copy-Pod w=31 h=17 layout=universal-negative public_raw=[93400, 92400, 120200, 97000, 98400, 93200, 96400, 92500, 94600, 206800, 99000, 97700] approved_raw=[4300, 4300, 4300, 4200, 4300, 4300, 4300, 4300, 4200, 4200, 4200, 4300] cpp_raw=[1800, 1700, 1700, 1800, 1700, 1700, 1700, 1800, 1700, 1700, 1800, 1700] relation_raw=[88500, 89000, 92000, 88800, 88300, 88400, 102900, 90500, 88800, 87800, 90000, 89700] public_ns=96700 approved_ns=4300 cpp_ns=1700 relation_ns=88900 source=7483a89971f477de result=c1c9f074f82c752e
case op=convert-ubyte-float w=31 h=17 layout=universal-negative public_raw=[298500, 428700, 298600, 544600, 298800, 327500, 350100, 328400, 312400, 378300, 322400, 297100] approved_raw=[4300, 4400, 4400, 4400, 4300, 4300, 4300, 4300, 4300, 4300, 4300, 4300] cpp_raw=[300, 300, 300, 300, 300, 300, 400, 300, 300, 300, 400, 300] relation_raw=[320500, 295200, 319800, 321500, 322800, 290500, 293800, 318700, 294300, 498200, 293200, 293200] public_ns=324950 approved_ns=4300 cpp_ns=300 relation_ns=306950 source=705335b9cf6847c1 result=6cdfcfcdfb5c4eb7
case op=copy-ubyte w=31 h=17 layout=repeated-source public_raw=[97200, 95800, 96800, 105700, 92100, 91900, 139700, 94200, 93900, 92300, 92100, 92500] approved_raw=[4100, 4200, 4200, 4300, 4200, 4200, 4400, 4300, 4300, 4300, 4200, 4200] cpp_raw=[100, 100, 0, 0, 0, 0, 0, 100, 0, 100, 0, 0] relation_raw=[90600, 91500, 92900, 110500, 91800, 91500, 97200, 93100, 114900, 90100, 90000, 90500] public_ns=94050 approved_ns=4200 cpp_ns=0 relation_ns=91650 source=e456631d381264c9 result=79abf60b12593ba9
case op=copy-float w=31 h=17 layout=repeated-source public_raw=[97100, 142100, 129800, 95600, 95000, 112300, 93200, 91900, 92000, 93900, 93400, 93400] approved_raw=[4300, 4400, 4400, 4300, 4300, 4500, 4300, 4500, 4300, 4600, 4400, 4400] cpp_raw=[0, 100, 200, 100, 0, 0, 100, 100, 0, 200, 100, 100] relation_raw=[88000, 95700, 87200, 90700, 93700, 87900, 89900, 89600, 91200, 87000, 88100, 94400] public_ns=94450 approved_ns=4400 cpp_ns=100 relation_ns=89750 source=187f646e4a13563f result=adddf47c9b74a697
case op=copy-Pod w=31 h=17 layout=repeated-source public_raw=[107700, 95000, 94900, 151400, 97500, 99800, 99800, 99700, 92400, 99400, 98900, 99300] approved_raw=[4300, 4200, 4300, 4200, 4200, 4300, 4200, 4200, 4200, 4200, 4200, 4200] cpp_raw=[100, 100, 100, 200, 100, 100, 100, 100, 100, 100, 100, 100] relation_raw=[91500, 87800, 87700, 87900, 88100, 87900, 88300, 88500, 100500, 134900, 87500, 87400] public_ns=99350 approved_ns=4200 cpp_ns=100 relation_ns=88000 source=af5c371632147dfa result=b77ad4f97670f65a
case op=convert-ubyte-float w=31 h=17 layout=repeated-source public_raw=[460300, 547800, 490000, 493800, 481100, 580400, 465900, 472400, 517500, 530400, 517200, 512400] approved_raw=[4200, 4300, 4300, 4300, 4300, 4200, 4300, 4300, 4200, 4500, 4500, 4300] cpp_raw=[100, 100, 100, 100, 100, 100, 100, 100, 100, 100, 100, 100] relation_raw=[615000, 463700, 516400, 562100, 472700, 460500, 525300, 471300, 458700, 475800, 492000, 498800] public_ns=503100 approved_ns=4300 cpp_ns=100 relation_ns=483900 source=e456631d381264c9 result=9364c6c0b904dc8f
case op=copy-ubyte w=31 h=17 layout=zero-source public_raw=[29400, 28500, 28600, 28500, 28600, 28700, 28500, 28700, 28700, 28900, 29100, 29000] approved_raw=[4300, 4200, 4300, 4200, 4200, 4200, 4200, 4100, 4300, 4200, 4300, 4300] cpp_raw=[1600, 1600, 1600, 1600, 1600, 1600, 1600, 1600, 1600, 1600, 1600, 1600] relation_raw=[24300, 24100, 24200, 24300, 24300, 24500, 24200, 24300, 24100, 24100, 24100, 24100] public_ns=28700 approved_ns=4200 cpp_ns=1600 relation_ns=24200 source=53e35892b0900a36 result=c64ce8b5472789e4
case op=copy-float w=31 h=17 layout=zero-source public_raw=[29000, 29000, 28700, 28800, 28700, 28700, 29400, 28700, 28600, 28900, 28700, 28700] approved_raw=[4200, 4200, 4400, 4400, 4200, 4300, 4300, 4300, 4300, 4300, 4300, 4200] cpp_raw=[1900, 1800, 1900, 1900, 1900, 1900, 1900, 1800, 1700, 1800, 1700, 1700] relation_raw=[24400, 24800, 24400, 24200, 24400, 24400, 171000, 24600, 54900, 24300, 24200, 24500] public_ns=28700 approved_ns=4300 cpp_ns=1850 relation_ns=24400 source=48a265c435185a17 result=a412cbd3d3c5dc8f
case op=copy-Pod w=31 h=17 layout=zero-source public_raw=[28400, 28700, 28700, 79600, 29000, 28700, 28300, 28700, 28700, 28700, 35000, 28500] approved_raw=[4200, 4200, 4300, 4200, 4200, 4200, 4200, 4300, 4200, 4200, 4200, 4200] cpp_raw=[1900, 1900, 1900, 1800, 1900, 1900, 1900, 1900, 1900, 1900, 1900, 1900] relation_raw=[35900, 24400, 24600, 24600, 24200, 24100, 24200, 24200, 24400, 24200, 24300, 24200] public_ns=28700 approved_ns=4200 cpp_ns=1900 relation_ns=24250 source=6b0827ecdc4a539a result=3ed4b3ed28cdbf2
case op=convert-ubyte-float w=31 h=17 layout=zero-source public_raw=[76700, 75300, 75100, 75600, 75400, 75500, 79700, 75300, 74900, 75900, 239900, 75300] approved_raw=[4300, 4300, 4400, 4400, 4500, 4400, 70700, 4300, 4300, 4300, 4400, 4400] cpp_raw=[300, 500, 300, 300, 300, 300, 300, 300, 300, 300, 300, 300] relation_raw=[70900, 77300, 72100, 71400, 71200, 139300, 70300, 70700, 70400, 71400, 70600, 71000] public_ns=75450 approved_ns=4400 cpp_ns=300 relation_ns=71100 source=53e35892b0900a36 result=7db46195730ddc8f
case op=copy-ubyte w=256 h=128 layout=contiguous public_raw=[1500, 2000, 2100, 1800, 700, 1700, 1700, 2000, 1000, 1400, 1000, 1300] approved_raw=[264600, 318700, 400600, 261500, 304100, 265200, 308000, 322600, 292900, 334400, 331600, 263600] cpp_raw=[900, 1000, 900, 800, 900, 900, 1000, 1000, 800, 900, 800, 800] relation_raw=[5569500, 5622400, 8005400, 5675400, 5686800, 6677200, 6082000, 5758400, 5455000, 5772900, 5208300, 5960700] public_ns=1600 approved_ns=306050 cpp_ns=900 relation_ns=5722600 source=e61b28efac3482a5 result=19f1026d069dd2bd
case op=copy-float w=256 h=128 layout=contiguous public_raw=[4700, 3500, 3900, 4000, 2600, 3900, 3700, 3200, 2700, 5700, 4000, 3400] approved_raw=[301500, 468400, 273000, 311000, 267400, 265000, 266400, 292800, 323000, 266000, 269700, 271600] cpp_raw=[2400, 2600, 2300, 2500, 2400, 3200, 2400, 2400, 2500, 2500, 2800, 2500] relation_raw=[5712300, 5928500, 5747600, 5531900, 5120800, 5174300, 6238600, 5475800, 5876900, 6340800, 5604600, 5822600] public_ns=3800 approved_ns=272300 cpp_ns=2500 relation_ns=5729950 source=94c035f8504217ab result=e20bab30ff99efbd
case op=copy-Pod w=256 h=128 layout=contiguous public_raw=[6300, 7600, 5400, 6500, 5900, 5400, 5900, 5800, 5500, 5800, 5900, 5800] approved_raw=[332800, 299300, 422300, 262500, 262400, 288400, 265800, 322300, 262100, 261000, 295300, 260600] cpp_raw=[6300, 6400, 5800, 5500, 5400, 5100, 5700, 4900, 4900, 5000, 5000, 5200] relation_raw=[7076200, 5376300, 5345900, 5588000, 5408700, 5277700, 5684500, 5083300, 5214100, 5771900, 5334900, 5265500] public_ns=5850 approved_ns=277100 cpp_ns=5300 relation_ns=5361100 source=780acdd2b0446151 result=3e08e0fcd50e93b1
case op=convert-ubyte-float w=256 h=128 layout=contiguous public_raw=[219800, 189000, 188100, 223400, 270300, 200100, 187600, 188200, 187100, 188100, 192200, 188400] approved_raw=[303800, 272100, 361600, 296300, 301900, 267500, 296500, 283200, 262700, 299000, 452400, 265400] cpp_raw=[3100, 3100, 3000, 3100, 2800, 2900, 3100, 2900, 2800, 2900, 3100, 3100] relation_raw=[29049500, 30272900, 28865100, 29681900, 27258800, 27105500, 27906600, 28485000, 28879800, 28580600, 32410800, 31531500] public_ns=188700 approved_ns=296400 cpp_ns=3050 relation_ns=28872450 source=e61b28efac3482a5 result=8edc22d932e14fbd
case op=copy-ubyte w=256 h=128 layout=padded public_raw=[5695800, 6809800, 5468600, 5364400, 5599000, 5340300, 5433100, 5418900, 5576700, 5564700, 5791000, 5246000] approved_raw=[262300, 264100, 262600, 409600, 299300, 279400, 268000, 274700, 294900, 261100, 262000, 262600] cpp_raw=[1300, 1000, 1600, 1400, 1300, 1200, 1000, 1000, 900, 1000, 1100, 1000] relation_raw=[5274300, 5344700, 5477500, 5082900, 6267100, 5315900, 5382500, 5747100, 5678600, 5311600, 5452900, 5163200] public_ns=5516650 approved_ns=266050 cpp_ns=1050 relation_ns=5363600 source=e5a18b0018a9faa5 result=d702cf3fb5e29e3d
case op=copy-float w=256 h=128 layout=padded public_raw=[5356600, 5284700, 5575800, 6029600, 5688700, 5599600, 6503000, 7617100, 5905600, 6040700, 5626900, 6113700] approved_raw=[271000, 263000, 271000, 269700, 290400, 261300, 344100, 356300, 432900, 355300, 296800, 276100] cpp_raw=[2700, 3300, 2600, 2800, 2700, 2900, 3000, 3100, 3000, 3000, 2800, 2800] relation_raw=[5149200, 5148700, 5061300, 5066300, 5059200, 5063900, 5320100, 5187300, 5692000, 5682000, 5814600, 5845100] public_ns=5797150 approved_ns=283250 cpp_ns=2850 relation_ns=5168250 source=36662a215b68a60b result=bf1783c6025d513d
case op=copy-Pod w=256 h=128 layout=padded public_raw=[5561400, 5398000, 5695700, 6601000, 5695500, 5525400, 5629600, 5421900, 6141200, 5677800, 5657500, 5971700] approved_raw=[279800, 279100, 310200, 262300, 327800, 278700, 261900, 269100, 263500, 263000, 277800, 261600] cpp_raw=[5100, 6100, 5300, 6300, 7100, 6300, 5800, 6000, 10500, 6100, 5500, 6000] relation_raw=[5183300, 5524100, 5355100, 6335900, 5372100, 5332200, 5040900, 5622900, 5462100, 5370800, 5737300, 5150800] public_ns=5667650 approved_ns=273450 cpp_ns=6050 relation_ns=5371450 source=49f9223bca7c6711 result=6d7da255f160ecf1
case op=convert-ubyte-float w=256 h=128 layout=padded public_raw=[31097000, 28349100, 30607700, 29804700, 29511500, 28316700, 28014700, 28777300, 28242900, 30494600, 28696700, 30169500] approved_raw=[267200, 327200, 267000, 266700, 286600, 281800, 267900, 267500, 264500, 285400, 294200, 294700] cpp_raw=[3000, 3100, 3100, 2900, 3200, 2900, 3400, 3200, 3100, 3100, 3300, 3300] relation_raw=[28440500, 28125500, 29453800, 31873100, 31678300, 28936700, 28605100, 28079600, 30071600, 28917700, 29058500, 28110800] public_ns=29144400 approved_ns=274850 cpp_ns=3100 relation_ns=28927200 source=e5a18b0018a9faa5 result=8d94738f899eb13d
case op=copy-ubyte w=256 h=128 layout=negative-source public_raw=[5975700, 6057700, 5463800, 5463100, 5486200, 5499600, 5297500, 5254300, 5268500, 5289800, 5356200, 5341100] approved_raw=[266000, 302100, 289700, 282100, 263200, 269700, 410200, 276100, 261700, 261900, 263800, 265000] cpp_raw=[1000, 1200, 1100, 1400, 900, 900, 900, 800, 800, 800, 900, 1600] relation_raw=[5612200, 5256500, 5354800, 5152100, 5107200, 5071000, 5046300, 5153600, 5010100, 5575700, 5366800, 5055200] public_ns=5409650 approved_ns=267850 cpp_ns=900 relation_ns=5152850 source=e5a18b0018a9faa5 result=d702cf3fb5e29e3d
case op=copy-float w=256 h=128 layout=negative-source public_raw=[5288400, 5382700, 5323600, 5303400, 5747000, 5452900, 5568400, 5417100, 6781800, 5444700, 5559600, 6081000] approved_raw=[279600, 293200, 269800, 266400, 302600, 341400, 268500, 278900, 265900, 265100, 271000, 377100] cpp_raw=[2600, 2700, 2700, 3300, 3000, 3400, 3200, 3000, 2900, 2900, 3200, 3500] relation_raw=[5046300, 5032400, 5025000, 5466300, 5233600, 7339500, 5206300, 5238300, 5449900, 5467700, 5177100, 5220400] public_ns=5448800 approved_ns=274950 cpp_ns=3000 relation_ns=5227000 source=36662a215b68a60b result=bf1783c6025d513d
case op=copy-Pod w=256 h=128 layout=negative-source public_raw=[5406000, 5628600, 5437000, 5644300, 6270800, 5905500, 6101700, 5943800, 5906200, 6847900, 5528600, 6225300] approved_raw=[263400, 487200, 265400, 291900, 263700, 262700, 276600, 276000, 278100, 290500, 547300, 262200] cpp_raw=[7000, 6200, 6600, 6800, 6600, 6000, 6700, 8400, 5400, 6100, 5900, 5800] relation_raw=[5156100, 6187100, 5225900, 5283600, 5453500, 5705300, 5126600, 5478600, 5246200, 5223200, 5414700, 6761500] public_ns=5905850 approved_ns=276300 cpp_ns=6400 relation_ns=5349150 source=7247388808cf2711 result=6d7da255f160ecf1
case op=convert-ubyte-float w=256 h=128 layout=negative-source public_raw=[29055800, 28737100, 29303400, 29926800, 30192300, 28494600, 28935300, 28317100, 28525000, 30706100, 29431300, 28929600] approved_raw=[281600, 285100, 265500, 262000, 269900, 287000, 267300, 267100, 266900, 307200, 275500, 265300] cpp_raw=[3100, 213100, 3400, 4000, 4700, 3500, 3300, 3300, 21200, 3000, 3200, 3400] relation_raw=[27786400, 29783600, 28553100, 30716700, 28578900, 28024200, 28628600, 28752000, 28083200, 28403300, 28715400, 27406400] public_ns=28995550 approved_ns=268600 cpp_ns=3400 relation_ns=28566000 source=e5a18b0018a9faa5 result=8d94738f899eb13d
case op=copy-ubyte w=256 h=128 layout=negative-both public_raw=[5898200, 5532000, 5825100, 5755200, 6442800, 5700300, 6244600, 5702600, 9970000, 5445900, 5854200, 6081900] approved_raw=[279100, 366900, 257100, 297300, 263800, 398800, 261000, 334700, 262000, 275400, 319100, 261100] cpp_raw=[1300, 900, 900, 1200, 800, 900, 1200, 1600, 1100, 1100, 900, 1100] relation_raw=[5441900, 5438200, 5595200, 5227300, 5251700, 5885600, 5387600, 5439100, 5520300, 5266300, 5796700, 5437500] public_ns=5839650 approved_ns=277250 cpp_ns=1100 relation_ns=5438650 source=e5a18b0018a9faa5 result=d702cf3fb5e29e3d
case op=copy-float w=256 h=128 layout=negative-both public_raw=[5703400, 5706900, 5383400, 5908500, 6584300, 5653900, 5606100, 5661100, 5695200, 5711800, 5628800, 5785200] approved_raw=[278600, 295000, 270000, 266300, 1122100, 297300, 274500, 366100, 322600, 314500, 266100, 268900] cpp_raw=[2700, 6900, 2900, 2900, 3600, 2600, 2600, 3000, 3100, 3500, 2800, 3000] relation_raw=[5211600, 5420200, 5105100, 5413500, 5376600, 5176300, 5414900, 5172100, 5253100, 5560800, 5239200, 5088100] public_ns=5699300 approved_ns=286800 cpp_ns=2950 relation_ns=5246150 source=36662a215b68a60b result=bf1783c6025d513d
case op=copy-Pod w=256 h=128 layout=negative-both public_raw=[5469100, 5537900, 5785400, 5443900, 5587900, 6741200, 7350500, 6334900, 5866300, 5729700, 5620500, 5737800] approved_raw=[276500, 313100, 295500, 261900, 262200, 276500, 261200, 275600, 262300, 262700, 262100, 288200] cpp_raw=[6700, 7300, 6000, 5600, 5300, 5300, 6900, 7100, 5700, 5800, 5700, 6100] relation_raw=[5384100, 5329700, 5722000, 5600800, 5119800, 6169700, 6248900, 5323700, 5113800, 5727300, 5608000, 5468600] public_ns=5733750 approved_ns=269150 cpp_ns=5900 relation_ns=5534700 source=7247388808cf2711 result=9cc58c133fed2cf1
case op=convert-ubyte-float w=256 h=128 layout=negative-both public_raw=[29568400, 28835500, 29584000, 30360300, 28741100, 30136300, 30495600, 31548400, 31932100, 27784100, 28435200, 29758900] approved_raw=[287700, 295400, 265800, 421100, 301400, 299700, 300100, 385600, 502500, 267000, 384700, 293400] cpp_raw=[3600, 3300, 3500, 3600, 3600, 3100, 3500, 3400, 3500, 3300, 3300, 3400] relation_raw=[29241700, 27627000, 28204300, 32971800, 30079100, 32472300, 31263800, 29897000, 29078400, 29156600, 28586600, 27531200] public_ns=29671450 approved_ns=299900 cpp_ns=3450 relation_ns=29199150 source=e5a18b0018a9faa5 result=8d94738f899eb13d
case op=copy-ubyte w=256 h=128 layout=universal public_raw=[5257200, 5808600, 7579200, 5741600, 5488900, 5336000, 5229500, 5257000, 5710600, 5560000, 5385800, 5863700] approved_raw=[259600, 258500, 282700, 273300, 334000, 263700, 257200, 262300, 262700, 261100, 262700, 267600] cpp_raw=[98300, 183800, 134800, 109500, 98600, 107900, 212500, 111300, 98700, 113000, 98800, 98900] relation_raw=[5284600, 7597500, 5505500, 6438800, 5100300, 5358200, 5350400, 5163000, 5152200, 5211300, 5327000, 5353300] public_ns=5524450 approved_ns=262700 cpp_ns=108700 relation_ns=5338700 source=2ca74caf843b767b result=186aee41ab7388cf
case op=copy-float w=256 h=128 layout=universal public_raw=[5492400, 5684600, 5734800, 11613300, 11714500, 6642400, 5730600, 6906900, 7153300, 6601100, 5440400, 5989100] approved_raw=[270800, 281800, 274200, 271700, 272200, 267700, 272600, 298500, 854000, 451300, 348800, 269700] cpp_raw=[122500, 107200, 107600, 107700, 118700, 107500, 107700, 108000, 107800, 107600, 107300, 107500] relation_raw=[5262800, 5668100, 5904200, 5633700, 9258000, 5651500, 5754600, 6728800, 6894900, 5670400, 5499200, 5152500] public_ns=6295100 approved_ns=273400 cpp_ns=107650 relation_ns=5669250 source=2602f36fdf024e48 result=a35a34c9a114294f
case op=copy-Pod w=256 h=128 layout=universal public_raw=[7205600, 8105000, 5728800, 6472800, 6291500, 6134400, 6034300, 7814700, 6158200, 6112100, 6185200, 6504100] approved_raw=[292600, 279300, 263400, 263100, 264400, 263200, 281300, 262900, 350000, 262800, 296500, 266400] cpp_raw=[107800, 107800, 150800, 107900, 108900, 107500, 125000, 108100, 107600, 107600, 107700, 108300] relation_raw=[5461700, 9074700, 6092300, 5436000, 5317100, 5348200, 5728500, 5639500, 5229500, 5469300, 7848000, 8110200] public_ns=6238350 approved_ns=265400 cpp_ns=107850 relation_ns=5554400 source=e9e6a4e830f5d812 result=65aae9126466d5ba
case op=convert-ubyte-float w=256 h=128 layout=universal public_raw=[19057500, 20935400, 18868800, 21869800, 17315100, 17867200, 30643600, 35611000, 32079000, 16432000, 15703400, 15868500] approved_raw=[298500, 292600, 414000, 268700, 304700, 273500, 798100, 332800, 275000, 280900, 267000, 280200] cpp_raw=[18300, 18400, 18300, 18100, 18200, 18300, 18300, 18400, 18200, 18300, 18300, 18200] relation_raw=[35407200, 16346000, 16131700, 17256900, 17068400, 26756800, 22479500, 21892900, 28047800, 17811700, 15901400, 15673400] public_ns=18963150 approved_ns=286750 cpp_ns=18300 relation_ns=17534300 source=2ca74caf843b767b result=9981b35893e1a94f
case op=copy-ubyte w=256 h=128 layout=universal-negative public_raw=[5401800, 5511000, 5605700, 5734700, 5851700, 5590900, 5665400, 5923000, 10080500, 5545100, 5856000, 6720300] approved_raw=[279000, 270500, 399300, 278600, 263700, 282000, 276500, 300600, 294800, 263700, 302100, 288600] cpp_raw=[98800, 98800, 99000, 98900, 99400, 98600, 98600, 99500, 261800, 235700, 116200, 99300] relation_raw=[6431000, 5807000, 5228800, 5402800, 5282000, 5374200, 5557100, 5298700, 6739400, 5726900, 5665500, 6387400] public_ns=5700050 approved_ns=280500 cpp_ns=99150 relation_ns=5611300 source=aee6fc6fec93767b result=e78d431e19cc88cf
case op=copy-float w=256 h=128 layout=universal-negative public_raw=[5469700, 5519900, 6020500, 6208200, 11135600, 5800700, 5657400, 6638500, 5825400, 5677200, 5923700, 7531700] approved_raw=[268500, 269200, 267300, 270100, 269200, 352700, 267800, 268300, 266700, 269400, 285900, 1740900] cpp_raw=[107500, 107200, 107400, 182100, 107500, 107100, 107600, 107500, 107300, 107600, 107400, 118200] relation_raw=[5319600, 5507500, 8861700, 6728700, 5991100, 5413800, 7048300, 7246000, 6072400, 5916500, 5577700, 5589700] public_ns=5874550 approved_ns=269200 cpp_ns=107500 relation_ns=5953800 source=a257b6291ff8ce48 result=6438f003893e294f
case op=copy-Pod w=256 h=128 layout=universal-negative public_raw=[6288300, 14372900, 7570400, 5843300, 6124300, 6115900, 6325900, 6357900, 6249100, 5644200, 6100400, 6508100] approved_raw=[262900, 362500, 278500, 275400, 263100, 314400, 563200, 263300, 263000, 263300, 282300, 411500] cpp_raw=[213000, 107700, 108400, 120500, 108100, 108100, 107900, 107800, 108000, 108000, 107800, 108200] relation_raw=[5704800, 6132300, 9757900, 6509300, 6499000, 6242000, 7156300, 5494500, 5615000, 6624700, 5486800, 5845600] public_ns=6268700 approved_ns=276950 cpp_ns=108050 relation_ns=6187150 source=9d3846764beed812 result=da53e1b7f4d855ba
case op=convert-ubyte-float w=256 h=128 layout=universal-negative public_raw=[19128600, 18895700, 20169500, 19072300, 18648700, 19729100, 18088600, 19304700, 21655700, 19348100, 18553800, 32109100] approved_raw=[323900, 287500, 265900, 268000, 314600, 298800, 270600, 396900, 275900, 308300, 266700, 268600] cpp_raw=[18200, 18100, 18600, 37900, 18300, 18200, 18400, 18400, 18200, 18400, 18300, 18300] relation_raw=[18932900, 17778100, 17894500, 19235900, 18528500, 17715000, 19848700, 17927000, 18126600, 19817400, 18599000, 18199800] public_ns=19216650 approved_ns=281700 cpp_ns=18300 relation_ns=18364150 source=aee6fc6fec93767b result=b595bddcda97a94f
case op=copy-ubyte w=256 h=128 layout=repeated-source public_raw=[5966500, 5776200, 6282100, 6273600, 6399500, 5910500, 5488900, 6762600, 7068400, 6026600, 5856900, 5605900] approved_raw=[264700, 264500, 884500, 265300, 318300, 261400, 275000, 264000, 293300, 266200, 263700, 275000] cpp_raw=[1000, 900, 900, 1700, 1200, 1300, 1100, 1200, 1100, 1200, 900, 1100] relation_raw=[5505600, 9863600, 6130200, 6201100, 6386600, 6215500, 6582800, 5369400, 6166200, 5493900, 5460300, 5757600] public_ns=5996550 approved_ns=265750 cpp_ns=1100 relation_ns=6148200 source=b801a0f8ceb910a5 result=d702cf3fb5e29e3d
case op=copy-float w=256 h=128 layout=repeated-source public_raw=[5375800, 5420300, 5373600, 5351200, 5395700, 5338200, 5630700, 5463300, 5459100, 5415400, 5456300, 5479800] approved_raw=[264200, 269300, 268700, 300500, 394500, 291500, 270800, 268300, 266000, 295300, 267300, 265400] cpp_raw=[2300, 2100, 2300, 2200, 2400, 2100, 2300, 2300, 2300, 2100, 2200, 2400] relation_raw=[5178100, 5309500, 5503200, 5228400, 5334800, 7327800, 5306400, 5516100, 5380400, 5264300, 5412000, 5405800] public_ns=5417850 approved_ns=269000 cpp_ns=2300 relation_ns=5357600 source=2ab4dac9ab1576eb result=bf1783c6025d513d
case op=copy-Pod w=256 h=128 layout=repeated-source public_raw=[6671900, 5779500, 5395600, 5771300, 6543000, 5650200, 5392300, 5332600, 5680000, 5339100, 5749800, 5434000] approved_raw=[270500, 349800, 292600, 262500, 261400, 260700, 261900, 273700, 260900, 259700, 261400, 265800] cpp_raw=[3900, 3500, 3600, 3900, 4000, 3200, 4100, 3900, 3200, 3300, 3800, 3800] relation_raw=[5229800, 6459900, 5174100, 5381000, 5224400, 5462700, 5416200, 5248500, 5154800, 5311100, 5284100, 5223100] public_ns=5665100 approved_ns=262200 cpp_ns=3800 relation_ns=5266300 source=eeeb850fb0e39951 result=fb16e77c4b15ecf1
case op=convert-ubyte-float w=256 h=128 layout=repeated-source public_raw=[33108300, 29157800, 30607200, 28869900, 30278000, 31238900, 30113200, 30079900, 29423600, 31892700, 30966400, 38466700] approved_raw=[284000, 338500, 317900, 284800, 267600, 302400, 272400, 297200, 363200, 297600, 264800, 2286600] cpp_raw=[3500, 3400, 3300, 3400, 3100, 3000, 2900, 2900, 3200, 3100, 3200, 3400] relation_raw=[29765300, 28226000, 32331400, 29739400, 31850700, 32125500, 30296600, 29088400, 31887700, 30224600, 31343900, 29780000] public_ns=30442600 approved_ns=297400 cpp_ns=3200 relation_ns=30260600 source=b801a0f8ceb910a5 result=8d94738f899eb13d
case op=copy-ubyte w=256 h=128 layout=zero-source public_raw=[1967100, 2195900, 1786600, 1728400, 1748200, 1708700, 1685900, 1808600, 1980400, 1918000, 1734900, 1955600] approved_raw=[261200, 334500, 262600, 322200, 262500, 263300, 261300, 326500, 261300, 341900, 283100, 311500] cpp_raw=[98500, 98600, 98600, 98300, 193600, 98400, 98300, 98500, 99000, 98400, 98300, 98400] relation_raw=[1587600, 1376700, 1493000, 1423900, 1617600, 1464600, 1369900, 1493400, 1662300, 1402100, 1520900, 1528800] public_ns=1797600 approved_ns=273200 cpp_ns=98450 relation_ns=1493200 source=ea3b47c803d61b61 result=805f2b0ca3e19e3d
case op=copy-float w=256 h=128 layout=zero-source public_raw=[1814500, 1657500, 1731500, 1776800, 1738100, 1785400, 1803300, 1774100, 1758800, 1687000, 1790900, 1739400] approved_raw=[289700, 266400, 276700, 269500, 276000, 267600, 335900, 309700, 294500, 290700, 266100, 277900] cpp_raw=[107100, 107100, 129800, 107100, 118600, 107100, 107200, 107300, 107100, 151600, 116400, 296100] relation_raw=[1386700, 1388700, 1488800, 1367600, 1366600, 1382600, 1379700, 1628600, 1719500, 1482300, 1547100, 1626600] public_ns=1766450 approved_ns=277300 cpp_ns=107250 relation_ns=1435500 source=3ee659a586185a17 result=d3a2f65955b6b13d
case op=copy-Pod w=256 h=128 layout=zero-source public_raw=[1745100, 1766900, 1688800, 1760300, 1651900, 1644600, 1623200, 1660500, 1649900, 1622300, 1641800, 1650200] approved_raw=[346400, 262600, 262200, 263100, 260600, 260500, 327000, 261800, 289800, 262100, 265000, 259800] cpp_raw=[107400, 107300, 107100, 107100, 107200, 107100, 107100, 107200, 107100, 107100, 107200, 107500] relation_raw=[1654300, 1391400, 1383100, 1387000, 1384800, 1454800, 1425800, 1514600, 1456300, 1383800, 1391400, 1405100] public_ns=1651050 approved_ns=262400 cpp_ns=107150 relation_ns=1398250 source=52489578602bbe06 result=ef186d4d74d56cf1
case op=convert-ubyte-float w=256 h=128 layout=zero-source public_raw=[5400300, 4826400, 4614900, 4793300, 5745400, 4349200, 4917000, 4536800, 4473300, 4874300, 6381100, 6424500] approved_raw=[358500, 314000, 298000, 266500, 294000, 265200, 280500, 342100, 282600, 274400, 265400, 265700] cpp_raw=[18100, 18000, 18000, 18000, 43600, 18000, 18100, 18100, 17900, 22000, 18000, 18100] relation_raw=[4535200, 4256300, 4325700, 4143300, 4401600, 4107200, 4381900, 4116800, 4296200, 4186400, 6612800, 6113800] public_ns=4850350 approved_ns=281550 cpp_ns=18050 relation_ns=4310950 source=ea3b47c803d61b61 result=fb8549580c3ab13d
case op=copy-ubyte w=2048 h=512 layout=contiguous public_raw=[36900, 30500, 30500, 32300, 26200, 32600, 35600, 31500, 25100, 38700, 33500, 30500] approved_raw=[9984500, 8773500, 9019200, 8770500, 8897900, 8516100, 8612500, 9345500, 9305800, 10491500, 9186500, 9546500] cpp_raw=[47600, 37600, 31800, 33700, 29300, 35500, 34500, 34100, 41000, 48500, 35400, 34600] relation_raw=[93619000, 85551900, 85286800, 87271300, 85096900, 85758100, 83519800, 91791900, 93778400, 95302600, 91014800, 93024200] public_ns=31900 approved_ns=9102850 cpp_ns=35000 relation_ns=89143050 source=2330a0f18d4d82a5 result=80d2fb93a399d2bd
case op=copy-float w=2048 h=512 layout=contiguous public_raw=[198700, 201300, 315900, 203000, 254300, 191500, 274900, 214700, 191300, 191600, 254400, 349600] approved_raw=[9167000, 10229700, 9774800, 21072000, 8800900, 8997900, 9032200, 8858400, 9368100, 8708400, 8567900, 9245800] cpp_raw=[127300, 169700, 243100, 199600, 214000, 184900, 129600, 265600, 165100, 165900, 122800, 153700] relation_raw=[95357200, 92049200, 99612100, 99893700, 84340800, 84891900, 85149300, 83950100, 82948600, 82814900, 89279700, 86118200] public_ns=208850 approved_ns=9099600 cpp_ns=167800 relation_ns=85633750 source=13b5de7322d2f7ab result=d89816c09b0f4fbd
case op=copy-Pod w=2048 h=512 layout=contiguous public_raw=[369900, 357200, 404000, 369000, 619300, 397300, 364500, 403400, 542900, 370000, 386600, 359700] approved_raw=[8914700, 9237000, 9134100, 9019300, 11067200, 9502100, 10346800, 9074600, 8952700, 18745100, 10817100, 9332500] cpp_raw=[521300, 463900, 352800, 353900, 614400, 363200, 430500, 345700, 612800, 366400, 360800, 374700] relation_raw=[92644700, 88994000, 97873400, 96895200, 98883200, 117966400, 97692400, 88487500, 131914300, 84307300, 93163900, 95956200] public_ns=378300 approved_ns=9284750 cpp_ns=370550 relation_ns=96425700 source=d8cd6555f4166151 result=59e0883c487093b1
case op=convert-ubyte-float w=2048 h=512 layout=contiguous public_raw=[6576100, 6446700, 7263400, 6454000, 6399100, 6663100, 7373000, 6200100, 6442900, 6531300, 6415200, 6262100] approved_raw=[9749300, 12950300, 9563700, 9528300, 10020100, 8955800, 9200300, 8834800, 9277400, 9134800, 9707000, 9210800] cpp_raw=[164100, 98900, 98600, 98700, 100400, 135600, 99100, 87500, 98800, 98200, 87600, 86400] relation_raw=[481620600, 531710800, 474772500, 462762700, 458998600, 481148800, 527563800, 470479400, 483688800, 452761600, 482278100, 464100600] public_ns=6450350 approved_ns=9402850 cpp_ns=98750 relation_ns=477960650 source=2330a0f18d4d82a5 result=8830660fbe034fbd
case op=copy-ubyte w=2048 h=512 layout=padded public_raw=[92025800, 98412700, 101520600, 98834600, 99499200, 96739400, 97086300, 102618800, 105342700, 96472700, 98845300, 98633000] approved_raw=[8909700, 8982200, 9325800, 8647900, 9445400, 10818500, 9536800, 9479100, 10332200, 9489000, 8727900, 8635100] cpp_raw=[31800, 37200, 44700, 65600, 33600, 49500, 46200, 38800, 38300, 33800, 52600, 53400] relation_raw=[85560800, 84599700, 92449200, 91850100, 86651500, 87166000, 86492300, 91224800, 90335800, 86225100, 92212700, 89639100] public_ns=98733800 approved_ns=9385600 cpp_ns=41750 relation_ns=88402550 source=ae83cf5b1e4efaa5 result=824b457e72415e3d
case op=copy-float w=2048 h=512 layout=padded public_raw=[98966600, 99559100, 95823700, 99008000, 103214100, 106500900, 98681900, 99364600, 103103900, 101079800, 94519200, 99389900] approved_raw=[10122100, 8833400, 10130700, 10125600, 9346900, 10810100, 9721100, 9236300, 9273800, 9106100, 8804400, 9602000] cpp_raw=[166600, 139400, 142900, 155600, 184400, 142900, 184000, 265500, 152700, 151900, 180000, 152600] relation_raw=[85993700, 86700900, 94318600, 85203200, 86242100, 87403800, 98945600, 86292700, 97153300, 94392000, 92125500, 87083900] public_ns=99377250 approved_ns=9474450 cpp_ns=154150 relation_ns=87243850 source=f707132824e3b60b result=7e1f3007cb46713d
case op=copy-Pod w=2048 h=512 layout=padded public_raw=[102378300, 97701300, 101341900, 107401600, 101065200, 95336800, 105125000, 102270800, 96204100, 95659600, 97417200, 98957400] approved_raw=[8691000, 9031000, 9776000, 9982000, 11093200, 9968400, 9501600, 9436500, 9061200, 8888800, 9330200, 9056100] cpp_raw=[347700, 339800, 365300, 366800, 383900, 384400, 356100, 350600, 380900, 343000, 436600, 371400] relation_raw=[85050600, 87792300, 89825800, 101618400, 92817700, 88072500, 87149600, 89347900, 84012600, 87386000, 86757200, 93549500] public_ns=100011300 approved_ns=9383350 cpp_ns=366050 relation_ns=87932400 source=e31314711d294711 result=cd84131d95f48cf1
case op=convert-ubyte-float w=2048 h=512 layout=padded public_raw=[485800800, 495796100, 497272600, 473108900, 486873900, 523244200, 478314600, 482038300, 486851400, 542611300, 490145500, 513806000] approved_raw=[9264100, 9411200, 11579600, 11062400, 10253500, 12442600, 9441900, 9951100, 10029000, 9208900, 9439800, 9863100] cpp_raw=[98200, 99100, 99000, 87400, 87700, 88400, 103100, 206400, 99200, 98200, 88400, 98900] relation_raw=[481739100, 479410900, 483944300, 473639800, 466136000, 476765700, 501176200, 477552100, 471823800, 480295500, 481383200, 508738000] public_ns=488509700 approved_ns=9907100 cpp_ns=98550 relation_ns=479853200 source=ae83cf5b1e4efaa5 result=a6f0b1d68eba713d
case op=copy-ubyte w=2048 h=512 layout=negative-source public_raw=[105920400, 98496700, 107335200, 101380300, 101643800, 100024200, 96042500, 97663000, 94405600, 98146400, 97024800, 99850800] approved_raw=[11663600, 8921200, 9304000, 9233700, 9330100, 9311100, 11138100, 8618600, 9079600, 9778400, 10263500, 10700800] cpp_raw=[53400, 41900, 107700, 81500, 43100, 55400, 64100, 93300, 33800, 36500, 56700, 80800] relation_raw=[92255900, 92761800, 90146100, 97814100, 97282100, 98650600, 87897700, 94716600, 90888500, 85645800, 89191900, 96110500] public_ns=99173750 approved_ns=9320600 cpp_ns=56050 relation_ns=92508850 source=ae83cf5b1e4efaa5 result=824b457e72415e3d
case op=copy-float w=2048 h=512 layout=negative-source public_raw=[107514700, 99904400, 99593500, 101137100, 98364000, 103251500, 96915300, 97793100, 101318100, 104783400, 100540700, 94579300] approved_raw=[10810700, 9363500, 8960500, 9952200, 9648800, 9260100, 9602600, 9312400, 8963300, 8976400, 9606400, 9446100] cpp_raw=[221000, 290400, 379500, 224300, 214000, 217300, 528600, 216900, 238800, 321900, 265100, 191500] relation_raw=[88540300, 90476300, 93658500, 87449800, 87292400, 96639800, 92806800, 89484600, 88217900, 87439300, 93934900, 90966800] public_ns=100222550 approved_ns=9404800 cpp_ns=231550 relation_ns=89980450 source=f707132824e3b60b result=7e1f3007cb46713d
case op=copy-Pod w=2048 h=512 layout=negative-source public_raw=[95325400, 96315600, 103252700, 100665400, 102182700, 98328800, 106930300, 101506000, 102375900, 108694300, 112155000, 104906600] approved_raw=[11386800, 9297700, 9060400, 9808400, 9980500, 9926100, 10926000, 11177800, 9470300, 9835500, 9595400, 9654100] cpp_raw=[657600, 773900, 656700, 664400, 546500, 706200, 592900, 616400, 713900, 673900, 1023600, 619400] relation_raw=[87125300, 85089500, 89534000, 95217100, 88780700, 89604500, 97709600, 100148400, 90243800, 93097600, 90457700, 117296800] public_ns=102279300 approved_ns=9821950 cpp_ns=661000 relation_ns=90350750 source=a98d88b93a2d4711 result=cd84131d95f48cf1
case op=convert-ubyte-float w=2048 h=512 layout=negative-source public_raw=[491016100, 499063700, 459656600, 458074100, 454890400, 461238600, 463893000, 460326500, 459825600, 492849500, 484505800, 506541500] approved_raw=[9940600, 10105900, 8907300, 9322600, 8873500, 9245200, 8994400, 9328000, 9382200, 9454400, 9167500, 9551600] cpp_raw=[266600, 215300, 181300, 162600, 201300, 250500, 234000, 186500, 185900, 164500, 174400, 285800] relation_raw=[491875100, 506459000, 457763000, 444272200, 469844800, 472443200, 465231100, 455243100, 451231200, 444424300, 470507200, 481494200] public_ns=462565800 approved_ns=9325300 cpp_ns=193900 relation_ns=467537950 source=ae83cf5b1e4efaa5 result=a6f0b1d68eba713d
case op=copy-ubyte w=2048 h=512 layout=negative-both public_raw=[116566500, 92637100, 90645500, 91486000, 94428000, 96553300, 95110300, 91524700, 94139500, 92270500, 92130200, 97681600] approved_raw=[10215600, 9650500, 8682700, 10203200, 9121800, 8871500, 8768600, 8677200, 8742800, 9599600, 8713800, 9366800] cpp_raw=[59000, 81100, 63900, 46800, 48200, 44400, 60000, 72700, 59300, 67900, 65700, 31800] relation_raw=[98708000, 94099400, 82436700, 82617600, 83617200, 98403100, 91478000, 83194300, 82651200, 81862800, 84586600, 84283000] public_ns=93388300 approved_ns=8996650 cpp_ns=59650 relation_ns=83950100 source=ae83cf5b1e4efaa5 result=824b457e72415e3d
case op=copy-float w=2048 h=512 layout=negative-both public_raw=[95795200, 94932400, 105863600, 115294900, 118265400, 102397000, 148205100, 99400800, 93362900, 93195600, 114751200, 105733500] approved_raw=[9059200, 9428500, 9304500, 9698600, 9183500, 8859900, 20160300, 8744300, 9180900, 8784500, 8810600, 9407900] cpp_raw=[364500, 285500, 252300, 349700, 283400, 205900, 248200, 254300, 324100, 281600, 381600, 285800] relation_raw=[82515900, 84457300, 88280900, 102770700, 87682300, 82923100, 85998900, 91358200, 85111200, 82703500, 82891700, 81705600] public_ns=104065250 approved_ns=9182200 cpp_ns=284450 relation_ns=84784250 source=f707132824e3b60b result=7e1f3007cb46713d
case op=copy-Pod w=2048 h=512 layout=negative-both public_raw=[93793700, 96935100, 111907300, 103953600, 114523900, 92562200, 92023300, 92902300, 91821000, 91606100, 96290100, 105733700] approved_raw=[9341400, 9268600, 9495700, 9361000, 11628200, 9255500, 9233100, 8766700, 9213600, 8797900, 8793600, 8972200] cpp_raw=[772200, 712700, 1000000, 700100, 769500, 674700, 713200, 840100, 668100, 691400, 723200, 695400] relation_raw=[84678500, 108850100, 88293300, 92762100, 96479300, 83920300, 100550500, 83278400, 83315000, 85652800, 82663500, 90918100] public_ns=95041900 approved_ns=9244300 cpp_ns=712950 relation_ns=86973050 source=a98d88b93a2d4711 result=35d2d67477ff8cf1
case op=convert-ubyte-float w=2048 h=512 layout=negative-both public_raw=[460880000, 460010800, 447093800, 505389100, 518214100, 483681300, 500100600, 513795400, 515096400, 446881800, 468341500, 461683100] approved_raw=[9860100, 10646500, 8773800, 10475800, 10986000, 9446200, 9366400, 9959600, 11752000, 9211600, 9345100, 11016100] cpp_raw=[269800, 268400, 184200, 250700, 263400, 242300, 288500, 194400, 255500, 270700, 210400, 419800] relation_raw=[470976500, 455855400, 440194900, 443748100, 489847400, 492487600, 487659300, 465247800, 492921300, 473788800, 452105300, 475663200] public_ns=476011400 approved_ns=9909850 cpp_ns=259450 relation_ns=472382650 source=ae83cf5b1e4efaa5 result=a6f0b1d68eba713d
case op=copy-ubyte w=2048 h=512 layout=universal public_raw=[92110300, 97601200, 97472400, 97949200, 98244900, 97574900, 101553400, 93875400, 94437200, 97966700, 102103400, 98998600] approved_raw=[8805400, 9103100, 9222200, 10227400, 8924600, 8832100, 9170700, 9287700, 9624900, 9602600, 10127500, 9190900] cpp_raw=[3251500, 3597400, 3224400, 3466600, 3473400, 3192400, 4892800, 3686600, 3378800, 3236700, 4114500, 3208900] relation_raw=[83055400, 84527100, 87638500, 86996700, 84130500, 88895900, 94666400, 85329200, 88199100, 86320000, 87071300, 93678200] public_ns=97775200 approved_ns=9206550 cpp_ns=3422700 relation_ns=87034000 source=546dc88cf162767b result=b53972f2ee1fc8cf
case op=copy-float w=2048 h=512 layout=universal public_raw=[95243500, 97602400, 94121200, 96435500, 90923600, 91998900, 93311100, 96585500, 97827900, 92837100, 94304500, 91612800] approved_raw=[9189900, 9011400, 8902900, 9007600, 9150700, 9978500, 10685300, 8774000, 8981800, 8982900, 8832700, 9200000] cpp_raw=[3553500, 3666300, 4201500, 3476900, 3710600, 3575300, 3472500, 3735900, 3473000, 3488400, 3541400, 3582600] relation_raw=[91066200, 88334400, 84167300, 84569000, 81061700, 81965000, 82693300, 87125200, 83275600, 82729000, 87337600, 86936900] public_ns=94212850 approved_ns=9009500 cpp_ns=3564400 relation_ns=84368150 source=4f1036148aacde48 result=1d8ea0b52256e94f
case op=copy-Pod w=2048 h=512 layout=universal public_raw=[92494400, 94515300, 96708500, 94270000, 89853300, 94912700, 92852300, 102736700, 148104700, 101846100, 99196700, 101671400] approved_raw=[9019200, 9035900, 9287800, 8717300, 8612000, 8717100, 8699400, 8631300, 9548700, 9801400, 9269400, 11773800] cpp_raw=[4035200, 3489800, 3518400, 3512400, 3492000, 3740700, 3588300, 5091300, 3901400, 4044100, 3566100, 4018600] relation_raw=[85919700, 86421600, 88814600, 83497100, 86852900, 131029300, 83310100, 83336500, 93879300, 94532900, 96035200, 92403000] public_ns=95810600 approved_ns=9027550 cpp_ns=3664500 relation_ns=87833750 source=196bf4d6cf5eb812 result=fc9731c7256835ba
case op=convert-ubyte-float w=2048 h=512 layout=universal public_raw=[260020900, 264674600, 271018600, 275043200, 259104100, 273860900, 264440800, 276283500, 267842700, 261847200, 256806700, 286337600] approved_raw=[9046300, 8751600, 9718300, 9419500, 9014000, 9290000, 9061100, 9696300, 14849500, 9219400, 9717600, 9059200] cpp_raw=[582300, 601200, 619600, 599200, 600200, 618900, 583700, 583400, 626800, 598400, 622700, 598200] relation_raw=[255773500, 255025200, 254506700, 259090100, 252933600, 254705900, 264141600, 256003700, 261343200, 247741000, 249244100, 249922400] public_ns=266258650 approved_ns=9254700 cpp_ns=599700 relation_ns=254865550 source=546dc88cf162767b result=24fea8e2dff2e94f
case op=copy-ubyte w=2048 h=512 layout=universal-negative public_raw=[99663000, 101303900, 100762000, 98532400, 95198600, 98511200, 96620300, 101983300, 95834300, 108658600, 95084600, 93392300] approved_raw=[8994800, 9179600, 9476300, 10840400, 9065600, 9128200, 9547600, 8910000, 8890800, 10584900, 8955200, 9205700] cpp_raw=[3445500, 3404200, 3234000, 3671400, 4418200, 3501200, 3307100, 3224600, 3714900, 3365500, 3405200, 3373600] relation_raw=[96344400, 91586400, 87939000, 89598200, 89388300, 94813000, 91571800, 90653600, 85771300, 87989300, 87560300, 84332400] public_ns=98521800 approved_ns=9153900 cpp_ns=3404700 relation_ns=89493250 source=46067b9fc62767b result=6220d181b93fc8cf
case op=copy-float w=2048 h=512 layout=universal-negative public_raw=[96446500, 95288100, 93047900, 97955600, 94747100, 94643800, 94581300, 93176000, 95623000, 94124700, 92772400, 93798100] approved_raw=[8990900, 9888800, 8923400, 9073500, 9286700, 8876800, 8718500, 8946500, 8926300, 10712400, 8849600, 9645900] cpp_raw=[3704900, 3680800, 3511900, 3743400, 3551000, 3587400, 3700000, 3524400, 3697100, 3563500, 3484900, 3481800] relation_raw=[89853400, 85383100, 87425200, 85125700, 84417100, 85717300, 86993500, 82762600, 84201200, 87400300, 87133300, 87671600] public_ns=94612550 approved_ns=8968700 cpp_ns=3575450 relation_ns=86355400 source=51109e231b84de48 result=d2e235024092e94f
case op=copy-Pod w=2048 h=512 layout=universal-negative public_raw=[94815200, 97284600, 100194200, 97406800, 94972300, 94424700, 91433000, 91507100, 99943300, 92514300, 98955200, 100990800] approved_raw=[9013900, 9838600, 9081700, 8916200, 9353000, 9490000, 8941600, 10212900, 9085300, 8984900, 9488700, 8926700] cpp_raw=[3609500, 3777300, 3533800, 3608500, 3614100, 3677400, 3757400, 3652900, 3792500, 3536400, 3616700, 3646200] relation_raw=[83771500, 85005900, 85477900, 83923400, 89531400, 85066800, 85195600, 84290800, 109354000, 84885300, 108587800, 91232700] public_ns=96128450 approved_ns=9083500 cpp_ns=3631450 relation_ns=85131200 source=e1be015f3a91b812 result=17fc2f38b61735ba
case op=convert-ubyte-float w=2048 h=512 layout=universal-negative public_raw=[296249900, 303316600, 297959900, 300100200, 293083900, 295478000, 288149200, 299819400, 290829500, 291633100, 301184600, 321973300] approved_raw=[10150500, 9257500, 9790200, 8985500, 9206400, 8985800, 9783300, 9415900, 9512000, 9234300, 9111100, 9622200] cpp_raw=[584700, 595400, 598100, 583700, 766400, 600700, 597200, 809700, 582000, 582200, 620600, 683100] relation_raw=[291015500, 283155800, 278136300, 310721200, 394643000, 292839000, 285666200, 283476900, 285028600, 285507600, 289943600, 297926500] public_ns=297104900 approved_ns=9336700 cpp_ns=597650 relation_ns=287804900 source=46067b9fc62767b result=940c5552cb46e94f
case op=copy-ubyte w=2048 h=512 layout=repeated-source public_raw=[99967400, 97212200, 93669400, 96566500, 93771900, 95643200, 102627300, 95766700, 104966200, 97320100, 93629500, 93151300] approved_raw=[9294300, 8918600, 9129600, 8948600, 9319400, 10951000, 10999700, 9229700, 8516100, 8823400, 8711100, 10100300] cpp_raw=[15300, 14700, 14500, 14700, 14700, 14900, 15700, 14800, 14400, 15100, 16300, 21100] relation_raw=[85580000, 85779400, 85465300, 85569700, 87895800, 91471300, 90008300, 97482000, 85733800, 88159100, 88297700, 83699000] public_ns=96166600 approved_ns=9179650 cpp_ns=14850 relation_ns=86837600 source=6e453727bce9f2a5 result=824b457e72415e3d
case op=copy-float w=2048 h=512 layout=repeated-source public_raw=[99812700, 96325500, 95832500, 92121600, 102351000, 95242600, 89839100, 91778700, 103365100, 94732600, 93234600, 94419100] approved_raw=[11096500, 9226500, 9091300, 8969400, 10774400, 9431300, 8792300, 8870400, 8896600, 9964300, 9567700, 8677000] cpp_raw=[115600, 179900, 128600, 115500, 90700, 127400, 67800, 61000, 60800, 60300, 161600, 59100] relation_raw=[84699800, 85255900, 83915100, 84840200, 106023100, 91126000, 94955100, 84344500, 86263800, 88574500, 83337600, 85386700] public_ns=94987600 approved_ns=9158900 cpp_ns=103100 relation_ns=85321300 source=1890cde25c8499ab result=7e1f3007cb46713d
case op=copy-Pod w=2048 h=512 layout=repeated-source public_raw=[94145100, 99376800, 90611300, 95373100, 94765800, 96253800, 98842400, 98710300, 100196500, 110669900, 93876900, 93174800] approved_raw=[8914000, 11263400, 8529200, 9154700, 8988100, 9310200, 8838000, 8689300, 9332100, 9431800, 10356700, 9146700] cpp_raw=[178100, 268400, 277900, 158200, 150200, 255400, 231200, 191800, 260400, 238100, 271000, 134700] relation_raw=[85139100, 88205600, 86499600, 82212300, 94691000, 88926000, 89795000, 82619800, 89352200, 85438000, 85243200, 84517000] public_ns=95813450 approved_ns=9150700 cpp_ns=234650 relation_ns=85968800 source=20f0ed2a5964e151 result=29ff1e71f7668cf1
case op=convert-ubyte-float w=2048 h=512 layout=repeated-source public_raw=[464600000, 487810800, 465534300, 471917200, 491099800, 480449700, 461128000, 435518700, 470373500, 479375300, 447615100, 463611300] approved_raw=[9342600, 9990800, 9907900, 11925600, 9284200, 8783900, 9481000, 8779400, 9649100, 9357700, 9196300, 9082900] cpp_raw=[88200, 89200, 87200, 87800, 87400, 88200, 87500, 99200, 101400, 98800, 87800, 87500] relation_raw=[470781800, 461643100, 458430900, 461959400, 481300800, 458582500, 467300400, 489884300, 456696300, 449509200, 458302700, 443013500] public_ns=467953900 approved_ns=9350150 cpp_ns=88000 relation_ns=460112800 source=6e453727bce9f2a5 result=a6f0b1d68eba713d
case op=copy-ubyte w=2048 h=512 layout=zero-source public_raw=[31612100, 32583300, 32889600, 31273800, 30903700, 30328500, 31981300, 31924500, 31519700, 30777300, 33445600, 31321300] approved_raw=[8731400, 10981300, 9003400, 8524400, 8520800, 8552800, 8919800, 8918300, 8706300, 8527400, 8766600, 8901800] cpp_raw=[3168500, 5250700, 3319500, 3187800, 3179900, 3183700, 3178700, 3181300, 3181700, 3285700, 3274600, 3368700] relation_raw=[24379300, 22928000, 22928900, 23073900, 22568700, 22403300, 22703000, 22490400, 23298700, 23907200, 23391100, 23024100] public_ns=31565900 approved_ns=8749000 cpp_ns=3185750 relation_ns=22976500 source=ea3b47c803d61b61 result=f48fba1f72215e3d
case op=copy-float w=2048 h=512 layout=zero-source public_raw=[33622200, 34285700, 35016400, 35685400, 33413600, 33016300, 32251900, 34774800, 35204100, 33581500, 31561600, 34304500] approved_raw=[9535200, 8932400, 9473400, 9016300, 9794100, 8892500, 9832500, 9363400, 9294300, 8782800, 8873600, 11927800] cpp_raw=[3509000, 3491000, 3650800, 3776000, 3566300, 3466600, 3627700, 3935300, 3542800, 3475000, 3910600, 3804600] relation_raw=[25415300, 22825900, 24893200, 24167600, 24375200, 23754900, 23146100, 23158000, 22713900, 23292900, 26824000, 24268600] public_ns=33953950 approved_ns=9328850 cpp_ns=3597000 relation_ns=23961250 source=3ee659a586185a17 result=3010c258495a713d
case op=copy-Pod w=2048 h=512 layout=zero-source public_raw=[33807800, 35144300, 33736000, 33513400, 35365000, 32809600, 32198900, 31208800, 32694600, 31584400, 36112500, 36396300] approved_raw=[9535800, 9402200, 9319200, 9296300, 9821300, 9354000, 9102500, 8729500, 8895500, 9139300, 9706200, 9797800] cpp_raw=[4030200, 3759900, 3693900, 3619600, 3722800, 3604900, 3838600, 3916800, 3782300, 3480100, 3996300, 3639200] relation_raw=[24189400, 25871900, 29175200, 23319300, 25484000, 25060000, 24496600, 23832900, 23521200, 24638100, 22783700, 24577200] public_ns=33624700 approved_ns=9336600 cpp_ns=3741350 relation_ns=24536900 source=10734a11a61fbe06 result=14eb8df45bd38cf1
case op=convert-ubyte-float w=2048 h=512 layout=zero-source public_raw=[85378100, 83437600, 80732500, 78694300, 79968300, 79613400, 78469600, 77605300, 78181000, 80757900, 81839200, 76990400] approved_raw=[8742200, 8728800, 9447100, 9144800, 9602100, 8985600, 8847800, 9617200, 8717900, 8914900, 11423200, 9168500] cpp_raw=[589400, 593100, 691000, 589800, 632000, 576300, 612800, 575600, 590500, 589900, 637900, 621000] relation_raw=[69041800, 68392100, 76860800, 72222700, 70568900, 71951100, 71354900, 66010100, 65446900, 69049400, 71645500, 73912600] public_ns=79790850 approved_ns=9065200 cpp_ns=591800 relation_ns=70961900 source=ea3b47c803d61b61 result=1ea1c940ba66713d
m3_copy_conversion PASS cases=96 sink=13023336492318211668
