contracts PASS four-operations invalid/shape/noninjective/overlap/empty/no-write shared-disjoint
semantic PASS cases=32 bitwise-copy all256-conversion source-padding
case op=copy-ubyte w=31 h=17 layout=contiguous public_raw=[200, 100, 0, 0, 0, 0, 100, 0, 0, 200, 0, 0] approved_raw=[1100, 1100, 1100, 1100, 1100, 1100, 1100, 1100, 1100, 1100, 1100, 1100] cpp_raw=[0, 0, 0, 0, 0, 0, 0, 100, 0, 0, 100, 100] relation_raw=[40300, 44900, 40300, 40300, 40300, 40200, 40300, 40200, 40200, 144500, 40300, 40300] public_ns=0 approved_ns=1100 cpp_ns=0 relation_ns=40300 source=e1cb0bb018788cd9 result=6b280f993832c319
case op=copy-float w=31 h=17 layout=contiguous public_raw=[0, 0, 0, 100, 0, 0, 0, 0, 0, 0, 0, 0] approved_raw=[1200, 1200, 1200, 1200, 1200, 1200, 1200, 1100, 1200, 1100, 1100, 1200] cpp_raw=[0, 0, 0, 0, 0, 0, 0, 0, 0, 0, 0, 0] relation_raw=[40300, 40300, 40300, 40300, 40300, 40300, 40300, 40300, 40300, 40300, 40300, 40300] public_ns=0 approved_ns=1200 cpp_ns=0 relation_ns=40300 source=6128204049c0da83 result=264b3169180ebd4b
case op=copy-Pod w=31 h=17 layout=contiguous public_raw=[100, 100, 100, 0, 100, 100, 100, 100, 100, 100, 100, 0] approved_raw=[1200, 1200, 1100, 1100, 1200, 1200, 1200, 1200, 1200, 1200, 1200, 1200] cpp_raw=[100, 100, 100, 100, 100, 100, 100, 100, 100, 100, 100, 100] relation_raw=[40300, 40200, 40300, 40300, 40300, 40300, 40300, 40300, 40300, 40200, 40300, 40300] public_ns=100 approved_ns=1200 cpp_ns=100 relation_ns=40300 source=db360484f487691a result=968b62c61598975a
case op=convert-ubyte-float w=31 h=17 layout=contiguous public_raw=[2200, 2200, 2000, 2200, 2100, 2300, 2000, 2000, 2000, 2200, 2000, 2000] approved_raw=[1200, 1200, 1100, 1200, 1100, 1200, 1200, 1100, 1100, 1200, 1100, 1100] cpp_raw=[100, 100, 100, 100, 100, 100, 100, 100, 100, 100, 100, 100] relation_raw=[223500, 163600, 163600, 217900, 183200, 252300, 160000, 159900, 176100, 181200, 160200, 160200] public_ns=2050 approved_ns=1150 cpp_ns=100 relation_ns=169850 source=e1cb0bb018788cd9 result=1bb7b2c2179a648f
case op=copy-ubyte w=31 h=17 layout=padded public_raw=[41400, 41400, 41400, 41400, 41500, 41400, 41400, 41400, 41300, 41400, 41400, 41400] approved_raw=[1100, 1100, 1100, 1100, 1100, 1100, 1100, 1100, 1100, 1100, 1100, 1100] cpp_raw=[0, 0, 0, 0, 0, 0, 0, 0, 0, 0, 0, 0] relation_raw=[40300, 40300, 40300, 40300, 40300, 40300, 40300, 40300, 40300, 40300, 40300, 40300] public_ns=41400 approved_ns=1100 cpp_ns=0 relation_ns=40300 source=4d0b0939d89e40d9 result=5f21f5ea6035ff19
case op=copy-float w=31 h=17 layout=padded public_raw=[54500, 41400, 41400, 41400, 41500, 42700, 41500, 108400, 60400, 106900, 41500, 41400] approved_raw=[1200, 1200, 1300, 1200, 1200, 1300, 1200, 1200, 1400, 1200, 1200, 1200] cpp_raw=[100, 0, 0, 0, 0, 200, 100, 200, 100, 0, 100, 0] relation_raw=[40300, 40300, 40300, 40300, 44400, 91500, 40300, 40300, 41000, 40300, 40300, 40300] public_ns=41500 approved_ns=1200 cpp_ns=50 relation_ns=40300 source=ebb5b7eaf5f43283 result=3851810ac565964b
case op=copy-Pod w=31 h=17 layout=padded public_raw=[41400, 41800, 41500, 41400, 41400, 41400, 41400, 41400, 41400, 41500, 41500, 41400] approved_raw=[1200, 1100, 1200, 1100, 1200, 1100, 1100, 1200, 1100, 1200, 1200, 1100] cpp_raw=[0, 100, 0, 100, 0, 100, 0, 100, 100, 200, 100, 100] relation_raw=[40300, 40400, 67400, 40200, 40200, 40200, 40200, 40200, 41200, 40300, 40800, 40300] public_ns=41400 approved_ns=1150 cpp_ns=100 relation_ns=40300 source=b28d4f242a91b51a result=7438cdf3ee88135a
case op=convert-ubyte-float w=31 h=17 layout=padded public_raw=[228800, 164800, 185800, 162200, 164900, 184500, 163000, 162900, 162900, 162100, 162000, 175200] approved_raw=[1200, 1100, 1700, 1200, 1200, 1100, 1200, 1100, 1100, 1200, 1100, 1200] cpp_raw=[100, 100, 100, 100, 100, 100, 100, 100, 100, 100, 100, 100] relation_raw=[162700, 162600, 162600, 204200, 159800, 174800, 159900, 159900, 171800, 160300, 160200, 160200] public_ns=163900 approved_ns=1200 cpp_ns=100 relation_ns=161450 source=4d0b0939d89e40d9 result=5a1bf5670dd4dc8f
case op=copy-ubyte w=31 h=17 layout=negative-source public_raw=[41400, 41400, 41400, 41400, 41400, 41400, 41400, 41600, 41400, 41500, 41400, 41400] approved_raw=[1100, 1100, 1100, 1100, 1100, 1100, 1100, 1100, 1700, 1100, 1100, 1100] cpp_raw=[0, 0, 0, 0, 0, 0, 0, 0, 100, 100, 0, 0] relation_raw=[40200, 40200, 40200, 40200, 40200, 40200, 40200, 40300, 74300, 40200, 40200, 40200] public_ns=41400 approved_ns=1100 cpp_ns=0 relation_ns=40200 source=1218578f96e3de39 result=5f21f5ea6035ff19
case op=copy-float w=31 h=17 layout=negative-source public_raw=[41500, 41600, 42200, 41500, 41500, 41400, 41400, 264000, 41500, 41500, 61800, 228900] approved_raw=[1200, 1200, 1200, 1200, 1200, 1200, 1200, 1200, 1100, 1200, 1200, 1100] cpp_raw=[0, 100, 0, 100, 0, 0, 0, 200, 0, 0, 0, 200] relation_raw=[59800, 40300, 60500, 40500, 40500, 40400, 40400, 40400, 40200, 40200, 40200, 40300] public_ns=41500 approved_ns=1200 cpp_ns=0 relation_ns=40400 source=d55c0938ea65990b result=3851810ac565964b
case op=copy-Pod w=31 h=17 layout=negative-source public_raw=[41500, 42600, 41500, 41700, 41500, 41500, 41500, 41500, 136500, 88600, 41600, 41600] approved_raw=[1200, 1100, 1600, 1200, 1200, 1200, 1200, 1200, 1200, 1100, 1200, 1200] cpp_raw=[100, 100, 200, 0, 0, 0, 100, 100, 100, 100, 200, 100] relation_raw=[40200, 88200, 40300, 40300, 40300, 40300, 40300, 40300, 40300, 40300, 40400, 75200] public_ns=41550 approved_ns=1200 cpp_ns=100 relation_ns=40300 source=4cb52a65f8334f3a result=7438cdf3ee88135a
case op=convert-ubyte-float w=31 h=17 layout=negative-source public_raw=[166400, 166000, 186800, 166000, 217500, 166200, 259500, 191200, 202900, 186400, 167300, 163300] approved_raw=[1200, 1200, 1200, 1200, 1200, 1200, 1100, 1200, 1200, 3300, 1200, 1200] cpp_raw=[100, 100, 100, 100, 100, 100, 100, 100, 100, 300, 200, 100] relation_raw=[161700, 210900, 163600, 163600, 163900, 182000, 212000, 163600, 238200, 330400, 164600, 202300] public_ns=176850 approved_ns=1200 cpp_ns=100 relation_ns=173300 source=1218578f96e3de39 result=5a1bf5670dd4dc8f
case op=copy-ubyte w=31 h=17 layout=negative-both public_raw=[60700, 41700, 41600, 41600, 41600, 41600, 41600, 41600, 41600, 41600, 41700, 41600] approved_raw=[1600, 1100, 1100, 1100, 1100, 1100, 1100, 1100, 1100, 1100, 1100, 1100] cpp_raw=[100, 0, 100, 0, 0, 0, 0, 0, 0, 0, 0, 100] relation_raw=[40500, 92900, 40600, 40600, 40500, 40500, 40500, 40500, 40500, 40500, 60300, 40500] public_ns=41600 approved_ns=1100 cpp_ns=0 relation_ns=40500 source=1218578f96e3de39 result=14b2232dcdfde519
case op=copy-float w=31 h=17 layout=negative-both public_raw=[41900, 41700, 41700, 41700, 41800, 41700, 41700, 41800, 90500, 41700, 41700, 41600] approved_raw=[1200, 1200, 1200, 1200, 1100, 1200, 1200, 1100, 1100, 1200, 1200, 1200] cpp_raw=[0, 0, 0, 0, 0, 0, 0, 100, 100, 100, 100, 0] relation_raw=[40500, 40500, 40500, 40500, 40500, 40500, 40500, 40500, 83700, 40600, 40500, 40500] public_ns=41700 approved_ns=1200 cpp_ns=0 relation_ns=40500 source=d55c0938ea65990b result=88af284ef50a9e03
case op=copy-Pod w=31 h=17 layout=negative-both public_raw=[41800, 41800, 41800, 41700, 41700, 41400, 41400, 41400, 201500, 41500, 41400, 41400] approved_raw=[1200, 1200, 1200, 1200, 1200, 1200, 1100, 1200, 1200, 1100, 1200, 1100] cpp_raw=[100, 100, 0, 100, 100, 100, 100, 0, 200, 100, 0, 100] relation_raw=[60900, 40600, 96400, 40600, 40600, 40600, 40300, 40300, 40300, 40300, 40300, 40300] public_ns=41600 approved_ns=1200 cpp_ns=100 relation_ns=40450 source=4cb52a65f8334f3a result=ba5b3439bff1663a
case op=convert-ubyte-float w=31 h=17 layout=negative-both public_raw=[162000, 161900, 162100, 161900, 177300, 165000, 164800, 184000, 391300, 186600, 176300, 164400] approved_raw=[1200, 1100, 1200, 1100, 1200, 1200, 1100, 1200, 1200, 1100, 1200, 1200] cpp_raw=[100, 100, 100, 100, 100, 100, 100, 100, 100, 100, 100, 100] relation_raw=[159500, 159500, 197500, 161700, 179900, 215000, 162100, 162100, 162100, 162100, 162300, 162100] public_ns=164900 approved_ns=1200 cpp_ns=100 relation_ns=162100 source=1218578f96e3de39 result=a84d7158b568dc8f
case op=copy-ubyte w=31 h=17 layout=universal public_raw=[41500, 41500, 41300, 81700, 41600, 41900, 41700, 41600, 41600, 41600, 41600, 42600] approved_raw=[1200, 1100, 1100, 1100, 1100, 1100, 1100, 1100, 1100, 1100, 1100, 1500] cpp_raw=[1600, 1600, 1600, 1600, 1600, 1700, 1600, 1600, 1600, 1600, 1600, 1800] relation_raw=[108700, 40200, 40200, 40300, 41000, 40600, 65300, 88800, 40600, 40600, 40600, 40600] public_ns=41600 approved_ns=1100 cpp_ns=1600 relation_ns=40600 source=104e8d8f8fae3401 result=94a85d26ce182761
case op=copy-float w=31 h=17 layout=universal public_raw=[41800, 41900, 41800, 41800, 41600, 41700, 41600, 41700, 41800, 41700, 53600, 41700] approved_raw=[1200, 1200, 1200, 1200, 1100, 1200, 1200, 1100, 1100, 1200, 1200, 1100] cpp_raw=[1700, 1700, 1700, 1800, 1700, 1700, 1700, 1700, 1700, 1700, 1700, 1800] relation_raw=[40500, 41300, 40600, 40500, 40500, 40500, 40500, 40500, 40500, 40500, 40500, 40600] public_ns=41750 approved_ns=1200 cpp_ns=1700 relation_ns=40500 source=48f4c2fdc1746a4f result=d2f02840ab86d547
case op=copy-Pod w=31 h=17 layout=universal public_raw=[41700, 683200, 42800, 42600, 42800, 136400, 42700, 42600, 42700, 42700, 42500, 42600] approved_raw=[1200, 1100, 1200, 1200, 1200, 1200, 1200, 1200, 1200, 1200, 1200, 1200] cpp_raw=[1700, 1700, 1900, 2500, 1800, 1800, 1800, 1700, 1700, 1700, 1700, 1700] relation_raw=[40600, 40600, 41600, 41500, 41500, 41400, 41500, 41400, 41400, 41400, 41400, 41400] public_ns=42700 approved_ns=1200 cpp_ns=1700 relation_ns=41400 source=a443bfcbbed0823e result=e7d6d6f5c5dc3c8e
case op=convert-ubyte-float w=31 h=17 layout=universal public_raw=[98300, 95300, 115700, 95300, 95200, 95200, 516900, 97400, 97400, 97500, 97200, 97000] approved_raw=[1200, 1100, 1200, 1100, 1100, 1100, 1200, 1200, 1100, 1100, 1200, 1100] cpp_raw=[300, 300, 400, 300, 300, 300, 300, 300, 300, 300, 300, 300] relation_raw=[93800, 93200, 93100, 93200, 93200, 93200, 93200, 95100, 95300, 116600, 116000, 94700] public_ns=97300 approved_ns=1100 cpp_ns=300 relation_ns=93500 source=104e8d8f8fae3401 result=91affb8b2dfc4eb7
case op=copy-ubyte w=31 h=17 layout=universal-negative public_raw=[40600, 40600, 40600, 52500, 40600, 40600, 40600, 40600, 40600, 40600, 40600, 40600] approved_raw=[1100, 1100, 1100, 1100, 1100, 1100, 1200, 1100, 1100, 1100, 1100, 1100] cpp_raw=[1600, 1600, 1600, 1600, 1600, 1600, 1600, 1600, 1600, 1600, 1600, 1600] relation_raw=[39600, 39600, 39600, 39600, 39500, 39500, 39500, 39600, 39500, 39500, 39500, 39500] public_ns=40600 approved_ns=1100 cpp_ns=1600 relation_ns=39500 source=705335b9cf6847c1 result=2bfddff94a971f61
case op=copy-float w=31 h=17 layout=universal-negative public_raw=[40800, 40800, 40600, 40600, 40700, 40600, 40600, 40600, 40800, 54200, 40800, 40700] approved_raw=[1200, 1100, 1100, 1200, 1100, 1200, 1200, 1200, 1100, 1200, 1200, 1200] cpp_raw=[1800, 1700, 1700, 1700, 1700, 1700, 1700, 1700, 1700, 1700, 1700, 1700] relation_raw=[39500, 39500, 39600, 39600, 39500, 39600, 39600, 39600, 39600, 39600, 39500, 39500] public_ns=40700 approved_ns=1200 cpp_ns=1700 relation_ns=39600 source=eada538057fb86ef result=faa4d5eeeda68847
case op=copy-Pod w=31 h=17 layout=universal-negative public_raw=[40800, 64400, 40700, 40800, 40800, 40700, 40800, 46000, 42000, 41900, 40800, 40800] approved_raw=[1200, 1200, 1200, 1200, 1300, 1200, 1200, 1200, 1200, 1200, 1400, 1200] cpp_raw=[1700, 1700, 1700, 1800, 1700, 1700, 1700, 1800, 1700, 1700, 2500, 1800] relation_raw=[39500, 39500, 39600, 52400, 39700, 39500, 39500, 39800, 40700, 59900, 39700, 39500] public_ns=40800 approved_ns=1200 cpp_ns=1700 relation_ns=39650 source=7483a89971f477de result=c1c9f074f82c752e
case op=convert-ubyte-float w=31 h=17 layout=universal-negative public_raw=[121700, 97700, 97600, 97600, 97600, 97700, 99800, 97400, 97500, 98300, 97600, 97600] approved_raw=[1200, 1100, 1100, 1100, 1100, 1200, 1100, 1200, 1100, 1200, 1100, 1100] cpp_raw=[300, 300, 300, 300, 300, 300, 300, 300, 300, 300, 300, 300] relation_raw=[95300, 95200, 95200, 95300, 107100, 95500, 95400, 95400, 115200, 109400, 95300, 95400] public_ns=97600 approved_ns=1100 cpp_ns=300 relation_ns=95400 source=705335b9cf6847c1 result=6cdfcfcdfb5c4eb7
case op=copy-ubyte w=31 h=17 layout=repeated-source public_raw=[41100, 41100, 55500, 41400, 41400, 49100, 41400, 41400, 41400, 41400, 41400, 41400] approved_raw=[1100, 1100, 1100, 1100, 1100, 1100, 1100, 1100, 1100, 1100, 1100, 1100] cpp_raw=[100, 0, 0, 0, 0, 0, 100, 0, 0, 0, 0, 0] relation_raw=[40200, 40200, 40200, 40100, 40100, 40100, 40200, 40200, 40200, 40200, 40200, 40200] public_ns=41400 approved_ns=1100 cpp_ns=0 relation_ns=40200 source=e456631d381264c9 result=79abf60b12593ba9
case op=copy-float w=31 h=17 layout=repeated-source public_raw=[41300, 41200, 41200, 41200, 41300, 41200, 41300, 41200, 41300, 52700, 41200, 41300] approved_raw=[1400, 1500, 1400, 1400, 1400, 1500, 1400, 1400, 1300, 1500, 1500, 1400] cpp_raw=[100, 100, 0, 0, 0, 100, 100, 100, 100, 100, 300, 0] relation_raw=[40100, 40100, 40100, 40100, 40100, 40100, 40100, 40100, 40100, 40100, 40000, 40000] public_ns=41250 approved_ns=1400 cpp_ns=100 relation_ns=40100 source=187f646e4a13563f result=adddf47c9b74a697
case op=copy-Pod w=31 h=17 layout=repeated-source public_raw=[41100, 41000, 41000, 56200, 44200, 41100, 41000, 41000, 41000, 41000, 41000, 41100] approved_raw=[1200, 1200, 1200, 1200, 1700, 1600, 1100, 1200, 1100, 1200, 1100, 1200] cpp_raw=[100, 100, 100, 100, 200, 100, 100, 100, 0, 0, 100, 200] relation_raw=[39900, 39900, 40000, 39900, 57900, 39900, 39900, 39900, 39900, 39900, 39900, 39900] public_ns=41000 approved_ns=1200 cpp_ns=100 relation_ns=39900 source=af5c371632147dfa result=b77ad4f97670f65a
case op=convert-ubyte-float w=31 h=17 layout=repeated-source public_raw=[162000, 175000, 162500, 163600, 388600, 165300, 184800, 166100, 165900, 230900, 164900, 164700] approved_raw=[1200, 1100, 1200, 1100, 1200, 1100, 1200, 1100, 1100, 1100, 1100, 1200] cpp_raw=[100, 100, 100, 100, 100, 100, 100, 100, 100, 100, 100, 100] relation_raw=[159700, 159700, 159700, 159700, 162500, 162400, 162400, 176400, 162500, 162500, 162800, 165000] public_ns=165600 approved_ns=1100 cpp_ns=100 relation_ns=162450 source=e456631d381264c9 result=9364c6c0b904dc8f
case op=copy-ubyte w=31 h=17 layout=zero-source public_raw=[10000, 10000, 10000, 10000, 10000, 10000, 21200, 10000, 10000, 10000, 9900, 10000] approved_raw=[1100, 1100, 1100, 1100, 1100, 1100, 1100, 1100, 1100, 1100, 1100, 1100] cpp_raw=[1600, 1600, 1600, 1600, 1600, 1600, 1600, 1600, 1600, 1600, 1600, 1600] relation_raw=[8900, 8900, 8900, 8900, 8900, 8900, 8900, 8900, 8900, 8900, 8900, 8900] public_ns=10000 approved_ns=1100 cpp_ns=1600 relation_ns=8900 source=53e35892b0900a36 result=c64ce8b5472789e4
case op=copy-float w=31 h=17 layout=zero-source public_raw=[10600, 10600, 10600, 10600, 10600, 10600, 10600, 10600, 10600, 10600, 14000, 10900] approved_raw=[1200, 1200, 1200, 1200, 1200, 1200, 1200, 1200, 1200, 1200, 1500, 1200] cpp_raw=[1700, 1700, 1700, 1700, 1700, 1700, 1700, 1700, 1700, 1700, 1700, 1800] relation_raw=[9400, 9500, 9500, 9500, 9500, 9500, 9400, 9500, 9500, 9400, 9400, 202700] public_ns=10600 approved_ns=1200 cpp_ns=1700 relation_ns=9500 source=48a265c435185a17 result=a412cbd3d3c5dc8f
case op=copy-Pod w=31 h=17 layout=zero-source public_raw=[10700, 30600, 10800, 10700, 10600, 10700, 10700, 10700, 10700, 10700, 10700, 10700] approved_raw=[1200, 1100, 1200, 1200, 1200, 1200, 1200, 1200, 1200, 1200, 1200, 1200] cpp_raw=[1700, 1700, 1900, 1700, 1700, 1700, 1700, 1700, 1700, 1700, 1700, 1700] relation_raw=[9400, 9400, 9600, 9500, 9500, 9500, 9500, 9500, 9500, 9500, 9400, 9400] public_ns=10700 approved_ns=1200 cpp_ns=1700 relation_ns=9500 source=6b0827ecdc4a539a result=3ed4b3ed28cdbf2
case op=convert-ubyte-float w=31 h=17 layout=zero-source public_raw=[27900, 27900, 27900, 27900, 43700, 28000, 39700, 28100, 28000, 28000, 28000, 28000] approved_raw=[1100, 1100, 1100, 1100, 1200, 1100, 1200, 1100, 1100, 1100, 1100, 1100] cpp_raw=[300, 300, 300, 300, 300, 300, 300, 300, 300, 300, 300, 300] relation_raw=[25700, 25700, 25700, 25700, 25900, 25900, 25900, 25900, 25900, 25900, 25900, 25900] public_ns=28000 approved_ns=1100 cpp_ns=300 relation_ns=25900 source=53e35892b0900a36 result=7db46195730ddc8f
case op=copy-ubyte w=256 h=128 layout=contiguous public_raw=[900, 1100, 900, 800, 700, 900, 900, 1100, 800, 1200, 800, 1000] approved_raw=[68400, 68400, 68700, 95700, 68400, 69300, 70800, 69500, 69400, 71600, 94300, 70400] cpp_raw=[800, 800, 800, 800, 700, 900, 700, 800, 700, 800, 800, 800] relation_raw=[2451200, 2544900, 2562400, 2343200, 2336900, 2726800, 2618200, 2639500, 2473200, 2697900, 2482600, 2329600] public_ns=900 approved_ns=69450 cpp_ns=800 relation_ns=2513750 source=e61b28efac3482a5 result=19f1026d069dd2bd
case op=copy-float w=256 h=128 layout=contiguous public_raw=[2400, 2700, 3100, 2600, 2600, 2800, 2500, 3000, 2600, 3000, 2400, 3300] approved_raw=[75600, 75600, 94800, 82200, 129200, 76700, 75700, 75800, 75700, 75700, 88100, 76800] cpp_raw=[2300, 3500, 2300, 2600, 2600, 2500, 2300, 2400, 2300, 2400, 2400, 3200] relation_raw=[2352900, 2713200, 2651900, 2467400, 2319000, 2401400, 2420300, 2393700, 2427300, 2350600, 2317400, 2414400] public_ns=2650 approved_ns=76250 cpp_ns=2400 relation_ns=2407900 source=94c035f8504217ab result=e20bab30ff99efbd
case op=copy-Pod w=256 h=128 layout=contiguous public_raw=[4900, 5600, 4900, 5700, 5900, 5600, 5000, 5100, 4800, 5100, 5500, 5000] approved_raw=[75000, 202100, 74700, 83100, 74400, 74700, 76600, 74400, 74500, 75600, 74500, 74700] cpp_raw=[5100, 4700, 5800, 5200, 4800, 4700, 5200, 4800, 4700, 4900, 5800, 5300] relation_raw=[2406000, 2325200, 2474600, 2895400, 2327100, 2321800, 2458900, 2702200, 2537500, 2711500, 2451800, 2581800] public_ns=5100 approved_ns=74700 cpp_ns=5000 relation_ns=2466750 source=780acdd2b0446151 result=3e08e0fcd50e93b1
case op=convert-ubyte-float w=256 h=128 layout=contiguous public_raw=[124800, 124700, 124600, 124800, 124300, 124800, 125000, 139700, 171700, 125000, 124700, 124700] approved_raw=[74200, 74100, 74100, 73000, 73000, 73000, 73200, 72900, 70100, 73000, 74500, 72900] cpp_raw=[2800, 3100, 3300, 3100, 3100, 2800, 3400, 3200, 3100, 3100, 3100, 2800] relation_raw=[10404300, 10045900, 10070600, 10219400, 9945500, 10342900, 10307800, 10062000, 9722100, 10669900, 10053900, 9753600] public_ns=124800 approved_ns=73000 cpp_ns=3100 relation_ns=10066300 source=e61b28efac3482a5 result=8edc22d932e14fbd
case op=copy-ubyte w=256 h=128 layout=padded public_raw=[2390700, 2523100, 2852900, 2390400, 2436400, 2478500, 2631700, 2492600, 2740100, 2399700, 2839100, 2891500] approved_raw=[68200, 305100, 68800, 68300, 68200, 68600, 101400, 68500, 68200, 68200, 69700, 68500] cpp_raw=[800, 1000, 900, 1100, 700, 800, 1000, 900, 800, 800, 800, 900] relation_raw=[2705700, 2454800, 2628400, 2525300, 2508800, 2399200, 2311700, 2577800, 2343700, 2309300, 2303700, 2637200] public_ns=2507850 approved_ns=68500 cpp_ns=850 relation_ns=2481800 source=e5a18b0018a9faa5 result=d702cf3fb5e29e3d
case op=copy-float w=256 h=128 layout=padded public_raw=[2378400, 2521700, 2665700, 2594500, 2425400, 2734400, 2926100, 2571400, 2541800, 2459900, 2397400, 3078500] approved_raw=[75800, 76000, 77100, 76200, 77200, 88300, 77300, 76100, 76900, 78300, 76100, 99300] cpp_raw=[2700, 2600, 2800, 2800, 2700, 2500, 2600, 3000, 2600, 2600, 2500, 3000] relation_raw=[2398600, 2332000, 2391300, 2452300, 2316200, 2647600, 2720000, 2930900, 2656900, 2406000, 2368800, 2773200] public_ns=2556600 approved_ns=77000 cpp_ns=2650 relation_ns=2429150 source=36662a215b68a60b result=bf1783c6025d513d
case op=copy-Pod w=256 h=128 layout=padded public_raw=[2462000, 2897600, 2724300, 2570400, 2523900, 2500800, 2440200, 2448300, 2549400, 2672500, 2609000, 2585500] approved_raw=[74200, 73900, 118100, 75400, 73900, 91700, 73800, 88900, 73900, 73800, 74400, 91100] cpp_raw=[5400, 5800, 5500, 6600, 5300, 6500, 5700, 5400, 5400, 5100, 5500, 5800] relation_raw=[2871500, 2571500, 2705200, 2763000, 2476600, 2314400, 2317900, 2854500, 2447100, 2442900, 2450200, 2463800] public_ns=2559900 approved_ns=74300 cpp_ns=5500 relation_ns=2470200 source=49f9223bca7c6711 result=6d7da255f160ecf1
case op=convert-ubyte-float w=256 h=128 layout=padded public_raw=[10394900, 9908200, 11253900, 10923100, 11411300, 12353400, 10511800, 9979700, 10290100, 10039000, 9983100, 10110900] approved_raw=[73000, 72600, 73100, 74500, 74200, 72900, 74100, 72800, 74100, 72800, 94000, 73100] cpp_raw=[3000, 2800, 3400, 3200, 3200, 2900, 3400, 2900, 3100, 3100, 3000, 3200] relation_raw=[9851000, 11299000, 10687800, 10727300, 10188000, 12011400, 10900100, 9727200, 10317200, 9586200, 12040600, 10127700] public_ns=10342500 approved_ns=73100 cpp_ns=3100 relation_ns=10502500 source=e5a18b0018a9faa5 result=8d94738f899eb13d
case op=copy-ubyte w=256 h=128 layout=negative-source public_raw=[2591500, 2758400, 2448600, 2640000, 2569000, 2434300, 2498500, 2624000, 2444300, 2756600, 2379800, 2376900] approved_raw=[68700, 68100, 68400, 69500, 96800, 68600, 68400, 68100, 68000, 68000, 68300, 83500] cpp_raw=[800, 800, 900, 800, 800, 700, 900, 800, 800, 700, 1000, 1000] relation_raw=[2791000, 2542100, 2396200, 2441300, 2307800, 2498700, 2443400, 2313200, 2387300, 2711100, 2341200, 2336900] public_ns=2533750 approved_ns=68400 cpp_ns=800 relation_ns=2418750 source=e5a18b0018a9faa5 result=d702cf3fb5e29e3d
case op=copy-float w=256 h=128 layout=negative-source public_raw=[2411300, 2446900, 2543800, 2556200, 2378600, 2541300, 3343100, 2778400, 2500600, 2627700, 2408900, 2495500] approved_raw=[86900, 75700, 75800, 89200, 72200, 76800, 95900, 78600, 75600, 75700, 75800, 75800] cpp_raw=[3100, 2600, 2600, 2800, 2500, 2600, 2800, 3300, 2800, 2800, 2800, 2900] relation_raw=[2544100, 2680600, 2432400, 2368700, 2521300, 2660400, 3985000, 2434700, 2308700, 2393000, 2315900, 2322800] public_ns=2520950 approved_ns=75800 cpp_ns=2800 relation_ns=2433550 source=36662a215b68a60b result=bf1783c6025d513d
case op=copy-Pod w=256 h=128 layout=negative-source public_raw=[2416900, 2389300, 2574500, 2545700, 2489900, 2449300, 2386500, 2937000, 2707700, 2500000, 2543000, 2485400] approved_raw=[74300, 75600, 74100, 74800, 90500, 74300, 90000, 73900, 75300, 74500, 74600, 122100] cpp_raw=[4900, 6600, 6500, 5900, 5100, 5000, 5400, 5400, 5200, 7100, 7800, 5700] relation_raw=[2324200, 2333300, 2508400, 2727200, 2322300, 2383000, 2344900, 2519900, 2425700, 2357300, 2588900, 2375100] public_ns=2494950 approved_ns=74700 cpp_ns=5550 relation_ns=2379050 source=7247388808cf2711 result=6d7da255f160ecf1
case op=convert-ubyte-float w=256 h=128 layout=negative-source public_raw=[9946300, 10323100, 9734800, 9997400, 9711700, 9664300, 10223000, 9851700, 9738100, 9942000, 9718400, 10346500] approved_raw=[73100, 94200, 286500, 73200, 73000, 73400, 74900, 74400, 86700, 73200, 100700, 77900] cpp_raw=[2900, 3200, 3400, 3300, 3100, 3100, 3500, 15700, 3300, 3100, 3400, 4200] relation_raw=[9850600, 10410900, 10195400, 9549000, 9787900, 9625100, 9581200, 9511000, 10998800, 9759300, 9566900, 9452300] public_ns=9896850 approved_ns=74650 cpp_ns=3300 relation_ns=9692200 source=e5a18b0018a9faa5 result=8d94738f899eb13d
case op=copy-ubyte w=256 h=128 layout=negative-both public_raw=[2385000, 2485100, 2389900, 2369000, 2385400, 2406400, 2381800, 2497900, 2383900, 2396600, 2705400, 2384000] approved_raw=[68000, 70900, 70600, 68000, 68100, 68100, 68700, 68200, 68100, 125800, 70900, 68900] cpp_raw=[700, 700, 900, 700, 800, 900, 900, 1000, 700, 900, 700, 800] relation_raw=[2314000, 2792600, 2307800, 2322900, 2588500, 2522200, 2325500, 2493100, 2545400, 2520100, 2315100, 2321600] public_ns=2387650 approved_ns=68450 cpp_ns=800 relation_ns=2409300 source=e5a18b0018a9faa5 result=d702cf3fb5e29e3d
case op=copy-float w=256 h=128 layout=negative-both public_raw=[2507100, 2577300, 2422300, 2650700, 2549700, 2537700, 2452100, 2525300, 2403200, 2412700, 2512300, 2475000] approved_raw=[75700, 76700, 154200, 76500, 75700, 76200, 98300, 75600, 76300, 75800, 75600, 77500] cpp_raw=[2600, 2800, 2800, 2700, 2500, 2600, 2700, 2700, 2600, 2500, 3100, 2900] relation_raw=[2605700, 2551100, 2325700, 2407300, 2372300, 2514100, 2469500, 2485800, 2417200, 2640600, 2339500, 2371100] public_ns=2509700 approved_ns=76250 cpp_ns=2700 relation_ns=2443350 source=36662a215b68a60b result=bf1783c6025d513d
case op=copy-Pod w=256 h=128 layout=negative-both public_raw=[2876700, 2376500, 2401200, 2377200, 2692400, 2461800, 2860300, 2467000, 2741800, 2414400, 2518600, 2710600] approved_raw=[74900, 76000, 74100, 75500, 75700, 77500, 74400, 76100, 75700, 74200, 74300, 74900] cpp_raw=[5400, 5400, 4900, 5200, 5300, 5700, 5400, 5400, 5000, 5700, 4900, 5500] relation_raw=[2435900, 2319200, 2303600, 2341000, 2329900, 2373100, 2320900, 2452800, 2379900, 2305500, 2319600, 2368800] public_ns=2492800 approved_ns=75200 cpp_ns=5400 relation_ns=2335450 source=7247388808cf2711 result=9cc58c133fed2cf1
case op=convert-ubyte-float w=256 h=128 layout=negative-both public_raw=[11352500, 10052400, 10208900, 10035000, 10304900, 9832500, 9807000, 10412500, 13504800, 10230000, 10358300, 10600100] approved_raw=[77100, 70500, 73200, 73100, 73300, 73100, 73100, 73100, 73400, 74300, 79500, 73000] cpp_raw=[3400, 3200, 3500, 3400, 2900, 3400, 3000, 3000, 2900, 3100, 3200, 4400] relation_raw=[10008700, 9879800, 9638800, 9546300, 9459600, 10121200, 9711500, 9736100, 10470200, 11023500, 10110000, 10635300] public_ns=10267450 approved_ns=73150 cpp_ns=3200 relation_ns=9944250 source=e5a18b0018a9faa5 result=8d94738f899eb13d
case op=copy-ubyte w=256 h=128 layout=universal public_raw=[2514400, 2757200, 2430700, 2599500, 2672600, 2429700, 2556700, 2629700, 2511400, 2550800, 2880600, 2686100] approved_raw=[68900, 68600, 68700, 68600, 69400, 99600, 162500, 263700, 146200, 68600, 68900, 68500] cpp_raw=[98400, 98300, 98600, 164100, 98300, 98300, 119300, 99500, 98400, 140500, 139100, 98600] relation_raw=[2428900, 2499500, 2460300, 3138300, 3251400, 2667200, 2704200, 2441100, 2565700, 2604500, 2319600, 2421900] public_ns=2578100 approved_ns=68900 cpp_ns=98600 relation_ns=2532600 source=2ca74caf843b767b result=186aee41ab7388cf
case op=copy-float w=256 h=128 layout=universal public_raw=[2397600, 2551500, 2535500, 2829200, 2849100, 2455500, 2488700, 2453800, 2451500, 3002800, 3035700, 2699300] approved_raw=[77200, 77700, 146000, 77200, 77100, 77000, 78400, 77100, 77200, 77000, 135900, 78400] cpp_raw=[107200, 107500, 107800, 107100, 139700, 119900, 107500, 107200, 107200, 107100, 107100, 149400] relation_raw=[2537100, 2524800, 2484100, 2620700, 2320800, 2735100, 2562600, 2394200, 2590200, 2411000, 3848600, 2472700] public_ns=2543500 approved_ns=77200 cpp_ns=107350 relation_ns=2530950 source=2602f36fdf024e48 result=a35a34c9a114294f
case op=copy-Pod w=256 h=128 layout=universal public_raw=[2399700, 2558400, 2508200, 2596100, 2497000, 2535100, 3818200, 2638400, 2647700, 2568500, 2943500, 2534400] approved_raw=[74800, 99200, 76800, 74800, 75000, 88500, 100200, 74800, 74900, 110600, 127900, 74900] cpp_raw=[107500, 107400, 107400, 243700, 107300, 107200, 107200, 107400, 107400, 107200, 107300, 175900] relation_raw=[2424200, 2627700, 2433100, 2473300, 2450600, 2564400, 2395200, 3106400, 2561400, 2622500, 2524300, 2520600] public_ns=2563450 approved_ns=75900 cpp_ns=107400 relation_ns=2522450 source=e9e6a4e830f5d812 result=65aae9126466d5ba
case op=convert-ubyte-float w=256 h=128 layout=universal public_raw=[6370200, 5837900, 5838400, 6165200, 5884900, 6412000, 6228800, 6363600, 6557700, 6049800, 5892200, 5919600] approved_raw=[74600, 73300, 74500, 73300, 73300, 73400, 177600, 74600, 73400, 73700, 74700, 73300] cpp_raw=[18100, 18100, 18500, 18200, 18100, 18100, 18100, 18200, 18100, 18300, 18300, 18100] relation_raw=[5974100, 5534900, 5896300, 5500500, 6214000, 5848400, 5712500, 6825100, 5736500, 5904000, 5753100, 6240100] public_ns=6107500 approved_ns=73550 cpp_ns=18100 relation_ns=5872350 source=2ca74caf843b767b result=9981b35893e1a94f
case op=copy-ubyte w=256 h=128 layout=universal-negative public_raw=[2546800, 2516400, 2841200, 2629800, 2570300, 2357700, 2765100, 2554700, 2854400, 2426500, 2520900, 2561100] approved_raw=[71000, 69000, 69000, 69600, 69500, 68800, 115400, 69000, 93000, 68900, 71200, 68900] cpp_raw=[98400, 98300, 98400, 98300, 110400, 98300, 98700, 98500, 98300, 98300, 98300, 98300] relation_raw=[2588400, 2439600, 2737300, 2699100, 2468300, 2346000, 2280200, 2265600, 2756200, 2590400, 2568200, 2286700] public_ns=2557900 approved_ns=69250 cpp_ns=98300 relation_ns=2518250 source=aee6fc6fec93767b result=e78d431e19cc88cf
case op=copy-float w=256 h=128 layout=universal-negative public_raw=[2605900, 2640800, 2727500, 2533400, 2473200, 2776300, 2737700, 2553500, 2514700, 2603100, 2712000, 2469800] approved_raw=[76900, 77000, 80800, 77000, 95300, 78000, 80300, 77700, 77600, 77000, 76900, 76900] cpp_raw=[121300, 107200, 107200, 153000, 107200, 134400, 107400, 107400, 107100, 107200, 107200, 110600] relation_raw=[2410900, 2545800, 2742300, 2603600, 2798500, 2608000, 2704500, 2436900, 2753200, 2412300, 2686800, 2556600] public_ns=2604500 approved_ns=77300 cpp_ns=107300 relation_ns=2605800 source=a257b6291ff8ce48 result=6438f003893e294f
case op=copy-Pod w=256 h=128 layout=universal-negative public_raw=[2410800, 2510500, 2594600, 5950800, 2454400, 2604400, 2444500, 3343700, 2783100, 2564800, 2632800, 2706700] approved_raw=[100600, 118500, 75300, 75000, 74800, 75100, 75200, 351600, 75000, 107600, 74800, 75600] cpp_raw=[107500, 107300, 107700, 107500, 107800, 107700, 107400, 107600, 107200, 107300, 176700, 108200] relation_raw=[2648500, 2649000, 2329400, 2567700, 2359100, 2416800, 2475700, 2293200, 2572600, 2376900, 2484600, 2583300] public_ns=2599500 approved_ns=75250 cpp_ns=107550 relation_ns=2480150 source=9d3846764beed812 result=da53e1b7f4d855ba
case op=convert-ubyte-float w=256 h=128 layout=universal-negative public_raw=[6235800, 6340700, 5719000, 5842700, 5727400, 5909400, 6347300, 6548500, 6264100, 6700400, 6320800, 6295600] approved_raw=[102100, 74500, 75800, 75500, 75300, 74400, 102600, 75200, 78200, 74200, 74300, 74100] cpp_raw=[18200, 18300, 18200, 18500, 18200, 18100, 18400, 18100, 18000, 18100, 18300, 18300] relation_raw=[5781700, 5661600, 6107700, 5983500, 5513200, 5681000, 5616900, 5867400, 7412800, 6988200, 6818500, 5889700] public_ns=6279850 approved_ns=75250 cpp_ns=18200 relation_ns=5878550 source=aee6fc6fec93767b result=b595bddcda97a94f
case op=copy-ubyte w=256 h=128 layout=repeated-source public_raw=[2609000, 2508900, 2428600, 2559400, 2482200, 2807300, 2491600, 3000300, 2522400, 2924100, 2389600, 2614800] approved_raw=[68700, 68600, 68700, 68700, 79600, 68900, 69400, 69600, 68700, 68400, 68900, 102800] cpp_raw=[800, 700, 700, 700, 700, 800, 1300, 700, 700, 700, 1000, 900] relation_raw=[2381400, 2536600, 2330800, 2426500, 2394700, 2440400, 2522100, 2412000, 2374000, 2607900, 2760900, 2525000] public_ns=2540900 approved_ns=68800 cpp_ns=700 relation_ns=2433450 source=b801a0f8ceb910a5 result=d702cf3fb5e29e3d
case op=copy-float w=256 h=128 layout=repeated-source public_raw=[2494500, 2587700, 3211700, 2755500, 3645400, 2673700, 2448000, 2461200, 2388600, 2698000, 2414200, 2807900] approved_raw=[75900, 76000, 122600, 96700, 75800, 76800, 76700, 75900, 75700, 75700, 75700, 94600] cpp_raw=[2300, 2100, 2200, 2600, 2300, 2200, 2200, 2400, 2100, 2200, 2100, 2300] relation_raw=[2651700, 2419900, 2473900, 2505000, 3379900, 2638600, 3247700, 2569700, 2740200, 2771200, 2389500, 2521200] public_ns=2630700 approved_ns=75950 cpp_ns=2200 relation_ns=2604150 source=2ab4dac9ab1576eb result=bf1783c6025d513d
case op=copy-Pod w=256 h=128 layout=repeated-source public_raw=[2747300, 2585700, 2501100, 2994700, 2587400, 2956200, 2572000, 2687700, 2532900, 2626200, 2409000, 2613700] approved_raw=[73300, 73400, 73200, 73200, 73800, 73100, 75300, 73400, 73800, 73100, 73200, 73700] cpp_raw=[3200, 3100, 3400, 3600, 3000, 3000, 3200, 3300, 3100, 3100, 3200, 3300] relation_raw=[2598100, 2817500, 4471100, 2446100, 2358200, 2563100, 2469500, 2500000, 2469400, 2796700, 2490600, 2634700] public_ns=2600550 approved_ns=73350 cpp_ns=3200 relation_ns=2531550 source=eeeb850fb0e39951 result=fb16e77c4b15ecf1
case op=convert-ubyte-float w=256 h=128 layout=repeated-source public_raw=[9676800, 12240800, 10161000, 10826900, 10024700, 10176000, 10143900, 10253700, 10502800, 9923500, 10568400, 10286100] approved_raw=[72700, 72600, 85000, 72800, 72700, 72700, 72700, 72800, 72700, 70000, 72600, 72900] cpp_raw=[2800, 4900, 3000, 3300, 3200, 3100, 3000, 3300, 3100, 3100, 3300, 3300] relation_raw=[10627400, 9820600, 10411000, 10013500, 10272700, 10425900, 10311600, 9765500, 10181000, 11851900, 9760300, 9788100] public_ns=10214850 approved_ns=72700 cpp_ns=3150 relation_ns=10226850 source=b801a0f8ceb910a5 result=8d94738f899eb13d
case op=copy-ubyte w=256 h=128 layout=zero-source public_raw=[748500, 623100, 835000, 607600, 622800, 669300, 697500, 807700, 875200, 606700, 622600, 606800] approved_raw=[68700, 70200, 69200, 79000, 79100, 69100, 73300, 92200, 69500, 68600, 77700, 73500] cpp_raw=[98300, 98300, 129500, 98400, 294500, 98400, 98300, 98300, 98400, 142600, 110300, 111200] relation_raw=[573700, 723200, 538200, 558200, 737000, 556400, 563100, 658800, 799800, 556300, 537900, 781800] public_ns=646200 approved_ns=71750 cpp_ns=98400 relation_ns=568400 source=ea3b47c803d61b61 result=805f2b0ca3e19e3d
case op=copy-float w=256 h=128 layout=zero-source public_raw=[621500, 663900, 711300, 617700, 614900, 787300, 736900, 632200, 635700, 901800, 614800, 836000] approved_raw=[75800, 67900, 75800, 120800, 91200, 76500, 82300, 76800, 76700, 79800, 90800, 76900] cpp_raw=[107200, 107100, 107100, 133000, 119800, 107100, 107200, 107200, 107000, 107000, 107100, 107500] relation_raw=[628800, 555100, 547600, 558600, 546500, 558700, 641100, 671000, 572200, 625500, 788200, 547700] public_ns=649800 approved_ns=76850 cpp_ns=107150 relation_ns=565450 source=3ee659a586185a17 result=d3a2f65955b6b13d
case op=copy-Pod w=256 h=128 layout=zero-source public_raw=[1285000, 624300, 837900, 656000, 703700, 1840400, 648700, 814700, 1054400, 780100, 634500, 685400] approved_raw=[74100, 375500, 117600, 92500, 74500, 74200, 95500, 73900, 74700, 97500, 74600, 74500] cpp_raw=[107100, 145300, 123100, 112600, 107100, 107100, 107100, 107100, 201100, 107200, 107300, 107100] relation_raw=[621500, 577400, 617100, 707300, 649300, 651600, 765300, 916800, 569600, 573400, 618900, 614600] public_ns=741900 approved_ns=74650 cpp_ns=107150 relation_ns=620200 source=52489578602bbe06 result=ef186d4d74d56cf1
case op=convert-ubyte-float w=256 h=128 layout=zero-source public_raw=[1679500, 1644800, 1677100, 1639800, 1967700, 1649400, 2029900, 1677000, 1663200, 1867600, 1675200, 1889200] approved_raw=[72700, 72800, 234100, 72500, 123300, 73600, 72700, 85700, 74200, 73000, 72700, 72600] cpp_raw=[17900, 52300, 76600, 28700, 17900, 17900, 18000, 18000, 18000, 18100, 18000, 17900] relation_raw=[1577200, 1590300, 1529400, 1845200, 1548300, 1827800, 1520200, 1719300, 1493900, 1514400, 1492900, 1509300] public_ns=1677050 approved_ns=72900 cpp_ns=18000 relation_ns=1538850 source=ea3b47c803d61b61 result=fb8549580c3ab13d
case op=copy-ubyte w=2048 h=512 layout=contiguous public_raw=[30100, 30500, 33200, 27800, 25500, 27400, 33300, 220100, 25400, 32700, 33200, 27200] approved_raw=[2239100, 3186800, 2234300, 2381300, 2265000, 2412100, 2296400, 2237500, 2340100, 2386100, 2420000, 2709900] cpp_raw=[32600, 31800, 33100, 32500, 32700, 31800, 33100, 32100, 31800, 32700, 38400, 33400] relation_raw=[40067800, 39197600, 40190600, 41433200, 39314300, 39619200, 39825700, 39627000, 41825800, 39519100, 40116600, 41756800] public_ns=30300 approved_ns=2360700 cpp_ns=32650 relation_ns=39946750 source=2330a0f18d4d82a5 result=80d2fb93a399d2bd
case op=copy-float w=2048 h=512 layout=contiguous public_raw=[133400, 138200, 160600, 181300, 112900, 196900, 172200, 151900, 124000, 168400, 157400, 158500] approved_raw=[2898400, 2628100, 2484000, 2589300, 2643500, 2576200, 2566700, 2522200, 2600900, 2924200, 2575000, 2811100] cpp_raw=[127500, 111600, 108900, 106800, 105600, 109300, 116900, 200100, 139700, 155900, 136500, 174900] relation_raw=[38321400, 38551300, 38500900, 38988900, 37835600, 39439300, 39104400, 39329400, 39282500, 37846500, 39275400, 42678500] public_ns=157950 approved_ns=2595100 cpp_ns=122200 relation_ns=39046650 source=13b5de7322d2f7ab result=d89816c09b0f4fbd
case op=copy-Pod w=2048 h=512 layout=contiguous public_raw=[448700, 342700, 342300, 337900, 335200, 342800, 349300, 329900, 365300, 357800, 388200, 342500] approved_raw=[2477300, 2952800, 2522200, 2566100, 2680100, 4334400, 2414600, 2459300, 2423400, 2441900, 2508200, 2439800] cpp_raw=[390500, 564500, 343000, 497800, 350900, 338200, 333800, 346500, 428900, 439400, 375300, 387700] relation_raw=[40437300, 42599600, 43937500, 38773400, 38548200, 45114600, 38870500, 38273800, 38723600, 40019600, 48864700, 39056700] public_ns=342750 approved_ns=2492750 cpp_ns=381500 relation_ns=39538150 source=d8cd6555f4166151 result=59e0883c487093b1
case op=convert-ubyte-float w=2048 h=512 layout=contiguous public_raw=[4384700, 4226900, 4117500, 10177600, 4146100, 4059000, 9099200, 4231100, 4187000, 4892400, 4238100, 4672300] approved_raw=[2402800, 2502300, 3352800, 2489400, 2497500, 2663700, 2465300, 2442200, 2510200, 2504400, 2641000, 4527700] cpp_raw=[98000, 85600, 93500, 114400, 86700, 98400, 98400, 85800, 84800, 97600, 170300, 88400] relation_raw=[174606000, 169960100, 162561800, 186047000, 182494000, 154998700, 177374000, 158073900, 160124700, 177116100, 177145200, 225073900] public_ns=4234600 approved_ns=2503350 cpp_ns=95550 relation_ns=175861050 source=2330a0f18d4d82a5 result=8830660fbe034fbd
case op=copy-ubyte w=2048 h=512 layout=padded public_raw=[47527800, 50396600, 60649200, 49004500, 50812200, 52784400, 46972200, 45496200, 48757600, 56360700, 47693800, 57173800] approved_raw=[3582100, 2736400, 3380400, 3760600, 2227600, 2281800, 2421900, 2473300, 2652500, 3446100, 2665800, 2302700] cpp_raw=[65500, 70100, 41200, 77000, 35400, 72200, 121700, 33200, 127600, 62100, 111000, 32500] relation_raw=[49663400, 43641800, 49369600, 60943600, 49816300, 45305700, 50359900, 43273000, 65076200, 57268100, 44773800, 44541000] public_ns=49700550 approved_ns=2659150 cpp_ns=67800 relation_ns=49516500 source=ae83cf5b1e4efaa5 result=824b457e72415e3d
case op=copy-float w=2048 h=512 layout=padded public_raw=[49154600, 44662400, 44880900, 45390400, 46578300, 45424900, 45601900, 44038100, 43737300, 47097000, 43776800, 40936000] approved_raw=[2963000, 2665700, 2466600, 3017700, 2520900, 2581500, 2493100, 2574700, 2471200, 2515900, 2708400, 2483800] cpp_raw=[193100, 111800, 173300, 126500, 115600, 127100, 162400, 110600, 160300, 107100, 226100, 114700] relation_raw=[44154000, 43439900, 40892400, 41538200, 40472300, 41708900, 41914500, 45557900, 43512200, 45030100, 39268400, 40742600] public_ns=45135650 approved_ns=2547800 cpp_ns=126800 relation_ns=41811700 source=f707132824e3b60b result=7e1f3007cb46713d
case op=copy-Pod w=2048 h=512 layout=padded public_raw=[55210000, 44792400, 49779900, 51799700, 44440200, 43555600, 45886400, 45418200, 44208300, 42054700, 46336300, 49920900] approved_raw=[2523700, 2571200, 2692500, 2638500, 7362800, 4479300, 2836000, 2507200, 2577900, 2450900, 2726000, 2418700] cpp_raw=[429300, 572800, 410700, 383900, 463800, 374100, 357600, 359100, 330200, 316900, 395100, 812500] relation_raw=[42842800, 40341200, 42468800, 40447800, 45808700, 48093400, 40387700, 43686300, 39627600, 39204000, 39850600, 45631900] public_ns=45652300 approved_ns=2608200 cpp_ns=389500 relation_ns=41458300 source=e31314711d294711 result=cd84131d95f48cf1
case op=convert-ubyte-float w=2048 h=512 layout=padded public_raw=[159615700, 168397300, 181719400, 208520300, 182291100, 176913600, 198277500, 172789300, 177500900, 184663500, 180673100, 177729400] approved_raw=[2405400, 2452000, 2429100, 2412400, 2518000, 2494700, 3432500, 2831900, 3110700, 2831900, 2573700, 2630300] cpp_raw=[85700, 97000, 101700, 98000, 100600, 97500, 88700, 139200, 98200, 97300, 121300, 139000] relation_raw=[155686200, 162318500, 155586000, 178375100, 176954500, 169876800, 167245900, 170691900, 171089900, 168418100, 166291400, 169407500] public_ns=179201250 approved_ns=2545850 cpp_ns=98100 relation_ns=168912800 source=ae83cf5b1e4efaa5 result=a6f0b1d68eba713d
case op=copy-ubyte w=2048 h=512 layout=negative-source public_raw=[42458000, 45150500, 43793300, 44098000, 41757000, 56143800, 45596800, 52854800, 50707600, 43797900, 48631800, 43835000] approved_raw=[2383400, 3454800, 2898500, 2428300, 2546800, 2390400, 3446600, 2475100, 2490800, 3756900, 2714800, 3751700] cpp_raw=[39600, 42200, 49800, 33900, 35200, 54200, 83500, 100700, 47900, 80700, 58700, 55200] relation_raw=[41796100, 45596500, 40810900, 42403600, 46321500, 40689400, 45884400, 44248800, 42025700, 42691200, 44935400, 43306000] public_ns=44624250 approved_ns=2630800 cpp_ns=52000 relation_ns=42998600 source=ae83cf5b1e4efaa5 result=824b457e72415e3d
case op=copy-float w=2048 h=512 layout=negative-source public_raw=[48410100, 43715700, 44221100, 43391500, 83014700, 41436500, 41575400, 41802600, 46903300, 44169000, 42711500, 43152900] approved_raw=[2637600, 2890200, 2736100, 3558600, 2700200, 2627200, 2676200, 2625000, 2629300, 2669300, 2740500, 3019800] cpp_raw=[164100, 304800, 275900, 280200, 131600, 225200, 214000, 228700, 192900, 162500, 214500, 138200] relation_raw=[40160700, 44550400, 41499200, 38502800, 42566200, 39115500, 39661600, 38558400, 39065300, 39137600, 40801900, 42851600] public_ns=43553600 approved_ns=2688200 cpp_ns=214250 relation_ns=39911150 source=f707132824e3b60b result=7e1f3007cb46713d
case op=copy-Pod w=2048 h=512 layout=negative-source public_raw=[43318100, 41691700, 43185300, 44780500, 44230800, 46344200, 43813600, 44947000, 41483700, 42189600, 43598400, 41659100] approved_raw=[2613800, 2643300, 3143800, 2561800, 2644600, 2718100, 2587100, 2832100, 3083300, 2676900, 2701500, 3301900] cpp_raw=[551100, 609700, 556700, 576000, 555500, 510000, 1349800, 665300, 753100, 582600, 644900, 570000] relation_raw=[39968100, 43174400, 38890400, 39483700, 39962600, 38670600, 44553600, 39775000, 40214100, 40959600, 38892000, 39591900] public_ns=43458250 approved_ns=2689200 cpp_ns=579300 relation_ns=39868800 source=a98d88b93a2d4711 result=cd84131d95f48cf1
case op=convert-ubyte-float w=2048 h=512 layout=negative-source public_raw=[167118100, 171666200, 167039300, 172034400, 164904400, 173920400, 169408000, 177991100, 167367100, 165624900, 171572100, 170283400] approved_raw=[3786300, 2665900, 2491200, 2507100, 3128300, 2497000, 2430000, 2878700, 2423900, 2573600, 2688600, 4628400] cpp_raw=[179700, 119400, 153000, 117300, 120900, 127900, 154100, 165000, 138700, 142600, 185600, 196400] relation_raw=[162733500, 162485800, 159447600, 167072900, 169901800, 161271300, 162537200, 165704600, 164474500, 159039200, 178026100, 165605200] public_ns=169845700 approved_ns=2619750 cpp_ns=147800 relation_ns=163604000 source=ae83cf5b1e4efaa5 result=a6f0b1d68eba713d
case op=copy-ubyte w=2048 h=512 layout=negative-both public_raw=[43502700, 45301700, 47646900, 42760300, 44535800, 42994700, 43603400, 43292000, 43728000, 46550300, 48014900, 44781600] approved_raw=[2436000, 3296700, 2444300, 2440600, 2236400, 2311300, 2381800, 2364000, 3357900, 2303700, 2958100, 3086200] cpp_raw=[40000, 32900, 36900, 30400, 29300, 101500, 37500, 30800, 37100, 33300, 43900, 57700] relation_raw=[39535700, 42093600, 45981200, 42096100, 42093100, 39243200, 42663600, 39690600, 41040600, 41859600, 41046100, 45937100] public_ns=44131900 approved_ns=2438300 cpp_ns=37000 relation_ns=41976350 source=ae83cf5b1e4efaa5 result=824b457e72415e3d
case op=copy-float w=2048 h=512 layout=negative-both public_raw=[44401000, 44815400, 42977300, 45405500, 42815200, 47038600, 46324200, 44468300, 46107400, 43136500, 42106800, 40848900] approved_raw=[3009000, 2662500, 2577000, 2818700, 2669100, 2576800, 2673900, 2553300, 2845300, 2642900, 2659200, 2515000] cpp_raw=[188400, 167100, 234000, 171700, 190900, 128900, 243800, 155000, 375300, 160600, 222000, 246000] relation_raw=[41162700, 39671600, 43514500, 39021300, 38957200, 39256600, 40543800, 39332600, 43036300, 41482400, 38634800, 39459300] public_ns=44434650 approved_ns=2660850 cpp_ns=189650 relation_ns=39565450 source=f707132824e3b60b result=7e1f3007cb46713d
case op=copy-Pod w=2048 h=512 layout=negative-both public_raw=[44203900, 42670000, 46087500, 45050900, 42737100, 42281800, 42738200, 42313900, 41699400, 47243300, 50703500, 46528500] approved_raw=[2786200, 2704400, 3926800, 3010900, 2733500, 2580800, 2822200, 2584700, 2705700, 2791400, 3796000, 3127900] cpp_raw=[563300, 592700, 652000, 638400, 631800, 521900, 1465800, 670100, 515100, 684300, 550300, 564600] relation_raw=[43126800, 39515900, 39151100, 51149100, 42221500, 39318200, 41441100, 43113600, 44494800, 40821700, 42009600, 43876400] public_ns=43471050 approved_ns=2788800 cpp_ns=612250 relation_ns=42115550 source=a98d88b93a2d4711 result=35d2d67477ff8cf1
case op=convert-ubyte-float w=2048 h=512 layout=negative-both public_raw=[176928500, 171945700, 169668200, 166524100, 166045900, 176085700, 180490000, 168632900, 175613900, 184069000, 171926900, 182522300] approved_raw=[2881900, 2516800, 2913400, 2474500, 2968400, 2545900, 2634100, 2567600, 3523500, 2546400, 2615200, 3073300] cpp_raw=[120800, 291400, 154900, 108300, 153700, 132300, 275100, 152900, 118600, 230900, 179100, 208800] relation_raw=[163211800, 171655300, 163597200, 170910500, 161136700, 164993600, 198216800, 167716300, 183656400, 165432000, 167518800, 158741500] public_ns=173779800 approved_ns=2624650 cpp_ns=154300 relation_ns=166475400 source=ae83cf5b1e4efaa5 result=a6f0b1d68eba713d
case op=copy-ubyte w=2048 h=512 layout=universal public_raw=[51565100, 44631000, 44577800, 44178600, 45231400, 48105300, 43303500, 44194700, 41830500, 44413300, 44557100, 43936400] approved_raw=[2332300, 2265800, 2534900, 2878800, 2305900, 2976600, 2841300, 2632900, 2305500, 2378700, 2472900, 2309600] cpp_raw=[3414500, 3302900, 3231600, 3563000, 3497700, 3582000, 3530300, 3188300, 3298000, 3321000, 3208800, 3604600] relation_raw=[41766100, 40664700, 40452400, 42001300, 39999800, 46536300, 47366900, 41199200, 43670600, 40714500, 41613500, 40768700] public_ns=44485200 approved_ns=2425800 cpp_ns=3367750 relation_ns=41406350 source=546dc88cf162767b result=b53972f2ee1fc8cf
case op=copy-float w=2048 h=512 layout=universal public_raw=[47926400, 48797200, 44158400, 47553700, 49895300, 49172700, 42562400, 43078900, 51756400, 44365300, 41903500, 44511800] approved_raw=[2993700, 2712400, 2858400, 3872600, 4339800, 2839200, 3107200, 2805500, 2830900, 2909400, 2495900, 2676200] cpp_raw=[3832300, 4044600, 3882900, 3918800, 5660900, 4171800, 3493900, 4685400, 3745400, 5319900, 3568800, 3992600] relation_raw=[42769900, 42611400, 42186600, 45131200, 43463900, 42073700, 54953300, 41163500, 40066400, 41352400, 40508300, 40143400] public_ns=46032750 approved_ns=2848800 cpp_ns=3955700 relation_ns=42130150 source=4f1036148aacde48 result=1d8ea0b52256e94f
case op=copy-Pod w=2048 h=512 layout=universal public_raw=[43806700, 41027600, 41402100, 43039500, 46684800, 40963200, 44190200, 46405600, 46600400, 43809300, 42157300, 43755500] approved_raw=[2450300, 2816000, 3019400, 2505100, 2615200, 2609400, 2609900, 2929600, 2950300, 3137000, 2676100, 2649400] cpp_raw=[3527600, 4092000, 3656300, 3661400, 3476500, 3620000, 3630600, 3571100, 3664400, 3681400, 4085300, 4463800] relation_raw=[42266100, 40607600, 39331500, 42109300, 39443400, 43338500, 39082500, 42764900, 41085400, 40284200, 39794600, 45215800] public_ns=43781100 approved_ns=2662750 cpp_ns=3658850 relation_ns=40846500 source=196bf4d6cf5eb812 result=fc9731c7256835ba
case op=convert-ubyte-float w=2048 h=512 layout=universal public_raw=[98510900, 93229800, 94789600, 101183400, 101022800, 122668900, 97531400, 108544400, 112373000, 97622500, 108564700, 103078400] approved_raw=[2521500, 2664000, 2402500, 2644600, 2661200, 3269500, 2667100, 2678700, 2564700, 2537300, 2503200, 2764700] cpp_raw=[593900, 620300, 595500, 610400, 711800, 683600, 637600, 674300, 728900, 680300, 581200, 581900] relation_raw=[89193100, 88722700, 89082100, 94724700, 95878000, 92552400, 120088600, 91439200, 93548100, 93362800, 98628200, 95885300] public_ns=101103100 approved_ns=2652900 cpp_ns=628950 relation_ns=93455450 source=546dc88cf162767b result=24fea8e2dff2e94f
case op=copy-ubyte w=2048 h=512 layout=universal-negative public_raw=[49070800, 44216400, 45058200, 42970100, 43121000, 41247200, 47865400, 46903300, 42561900, 41753300, 42529900, 42819800] approved_raw=[2675600, 2244800, 2290700, 2395400, 2252300, 2351300, 2513700, 2842300, 2357400, 2413000, 2369800, 2294400] cpp_raw=[3180800, 3241400, 3395000, 3399300, 3658000, 3300700, 3661000, 3345800, 3238000, 5183400, 3513300, 3250000] relation_raw=[41390900, 43351300, 40583200, 42793100, 42026600, 43182000, 42439100, 39843700, 41551200, 45090700, 41192000, 39771100] public_ns=43045550 approved_ns=2363600 cpp_ns=3370400 relation_ns=41788900 source=46067b9fc62767b result=6220d181b93fc8cf
case op=copy-float w=2048 h=512 layout=universal-negative public_raw=[43066600, 44376300, 40231400, 40306400, 40003600, 45742200, 39572400, 47599000, 45012100, 41310700, 39738900, 40125500] approved_raw=[2520100, 2735000, 2568300, 2492500, 2565100, 2569500, 2561700, 2936700, 2515600, 2523800, 2498900, 2508800] cpp_raw=[3836900, 4222900, 3467800, 3487000, 3472500, 3525600, 3501700, 3755000, 4422200, 3670400, 3491800, 3467900] relation_raw=[42946200, 41608600, 38178900, 38478400, 38724900, 49597700, 38477100, 37539800, 37885400, 36929500, 38333100, 38036600] public_ns=40808550 approved_ns=2542750 cpp_ns=3513650 relation_ns=38405100 source=51109e231b84de48 result=d2e235024092e94f
case op=copy-Pod w=2048 h=512 layout=universal-negative public_raw=[41096600, 40740000, 41605500, 41070100, 41502800, 40787700, 40835200, 42347800, 41933200, 42305600, 43353900, 41620400] approved_raw=[2469500, 2481900, 2493600, 2482700, 2467800, 2465500, 3991700, 2609800, 2519900, 2573900, 2440900, 2488000] cpp_raw=[3532700, 3512700, 3503500, 3603200, 3732500, 3503600, 3533900, 3684600, 3904400, 3523400, 3502200, 3591100] relation_raw=[38915000, 38025800, 38944700, 38119800, 38188900, 38843100, 38153400, 38620000, 41430900, 38898500, 39085900, 38448600] public_ns=41554150 approved_ns=2485350 cpp_ns=3533300 relation_ns=38731550 source=e1be015f3a91b812 result=17fc2f38b61735ba
case op=convert-ubyte-float w=2048 h=512 layout=universal-negative public_raw=[98527700, 115916800, 98827600, 118283400, 114652600, 118097100, 115300600, 106508200, 109076800, 109834100, 108091200, 105192400] approved_raw=[2406900, 3301300, 2393400, 2572500, 2680900, 8081800, 2446700, 2716700, 2902300, 3399400, 2524600, 2452100] cpp_raw=[597500, 582400, 597900, 714200, 618400, 618700, 625700, 620500, 694500, 584600, 623000, 582700] relation_raw=[91940700, 96720000, 97039000, 96754400, 105869600, 115318700, 118606900, 112202900, 108299100, 104009400, 105061300, 95929100] public_ns=109455450 approved_ns=2626700 cpp_ns=618550 relation_ns=104535350 source=46067b9fc62767b result=940c5552cb46e94f
case op=copy-ubyte w=2048 h=512 layout=repeated-source public_raw=[45483200, 58353200, 41554600, 41749600, 46008600, 43720300, 42504800, 42017800, 45481600, 41627200, 45206900, 42372600] approved_raw=[3252500, 3483000, 2243000, 2276500, 2726200, 2275000, 2415800, 2356600, 2400700, 2565300, 2242100, 2237800] cpp_raw=[14000, 13800, 19800, 14500, 14500, 14100, 14200, 14000, 14100, 14200, 14200, 14400] relation_raw=[43354000, 49393600, 45562900, 39387700, 39829200, 39483700, 40201500, 40245400, 39106200, 38620700, 39725700, 40097100] public_ns=43112550 approved_ns=2378650 cpp_ns=14200 relation_ns=39963150 source=6e453727bce9f2a5 result=824b457e72415e3d
case op=copy-float w=2048 h=512 layout=repeated-source public_raw=[41526900, 41670400, 42194000, 44794700, 41803200, 41163900, 41772500, 41143900, 41648500, 41318000, 43106100, 41122000] approved_raw=[2782500, 2751100, 2758200, 2891600, 2474900, 2522300, 2501400, 2431200, 2508200, 2565700, 2510300, 2479300] cpp_raw=[59100, 59500, 61100, 58500, 72900, 61300, 86400, 58600, 59000, 59200, 59200, 58600] relation_raw=[39366100, 39531000, 40213800, 39808200, 40869300, 39183200, 39000800, 39185300, 40006400, 37709300, 39686700, 41134600] public_ns=41659450 approved_ns=2516300 cpp_ns=59200 relation_ns=39608850 source=1890cde25c8499ab result=7e1f3007cb46713d
case op=copy-Pod w=2048 h=512 layout=repeated-source public_raw=[42492600, 41405300, 41896000, 42445400, 41527000, 41369900, 44191100, 44421500, 47827800, 44574800, 47364000, 41890200] approved_raw=[2415600, 2541700, 2435200, 2493900, 3200700, 2441300, 2774000, 2740800, 2458600, 2462200, 2412900, 2475400] cpp_raw=[128300, 368700, 128100, 128600, 133400, 126900, 131800, 136100, 135300, 135600, 150200, 128500] relation_raw=[39005100, 39321200, 39422500, 41685400, 38908400, 39733800, 40640500, 40874300, 38587800, 42681500, 39854000, 38771500] public_ns=42469000 approved_ns=2468800 cpp_ns=132600 relation_ns=39578150 source=20f0ed2a5964e151 result=29ff1e71f7668cf1
case op=convert-ubyte-float w=2048 h=512 layout=repeated-source public_raw=[184085100, 178165100, 192649800, 161540800, 160035700, 165713000, 157896000, 168718500, 167180100, 161964300, 164067400, 172873800] approved_raw=[2483200, 3290500, 3441900, 2384400, 2401400, 2575500, 2402900, 2552100, 2471400, 2390000, 2438800, 2642400] cpp_raw=[97100, 97500, 113500, 96700, 97100, 97200, 97400, 98100, 116300, 97200, 86600, 86200] relation_raw=[171750500, 170003100, 187937000, 182605900, 158160500, 156849700, 155996800, 157137600, 162567900, 158121700, 159793700, 157156500] public_ns=166446550 approved_ns=2477300 cpp_ns=97200 relation_ns=158977100 source=6e453727bce9f2a5 result=a6f0b1d68eba713d
case op=copy-ubyte w=2048 h=512 layout=zero-source public_raw=[11935100, 11253200, 12532700, 11083300, 12196600, 11664900, 21400400, 12372100, 12741700, 12342100, 11640000, 12859300] approved_raw=[2276900, 2357000, 2410400, 2234100, 2305500, 2313000, 2662100, 2563100, 2557400, 2475700, 2350300, 2347600] cpp_raw=[3281800, 3180400, 3538300, 3482400, 3330600, 3482000, 3588500, 3561600, 3312000, 3604700, 5320600, 3817600] relation_raw=[9071600, 9140400, 9799800, 9554500, 9175500, 9205800, 12350400, 9402100, 9836200, 10107500, 10229200, 9932900] public_ns=12269350 approved_ns=2353650 cpp_ns=3510350 relation_ns=9677150 source=ea3b47c803d61b61 result=f48fba1f72215e3d
case op=copy-float w=2048 h=512 layout=zero-source public_raw=[18891300, 14234300, 19750200, 12055100, 12269300, 13137300, 12319900, 13410200, 12209400, 12132600, 14114500, 11878500] approved_raw=[2722900, 2772400, 2785400, 2913500, 2775900, 2964000, 2599000, 2538700, 2627900, 2600300, 2786100, 2701900] cpp_raw=[3914600, 5904400, 3530700, 3681800, 4043300, 4314800, 3840100, 3567500, 3960500, 3941400, 4516300, 3610600] relation_raw=[14533600, 20017600, 9382600, 10146800, 9555600, 9413800, 9333600, 10298900, 9741400, 10253400, 9219100, 9369800] public_ns=12728600 approved_ns=2747650 cpp_ns=3928000 relation_ns=9648500 source=3ee659a586185a17 result=3010c258495a713d
case op=copy-Pod w=2048 h=512 layout=zero-source public_raw=[11963600, 12149900, 14662500, 12031800, 12622100, 14321400, 13248500, 12151900, 13661900, 11696500, 11895700, 11945700] approved_raw=[2717600, 2456100, 2682100, 2384800, 2754200, 2545300, 2753300, 4589700, 3014400, 2761600, 2813100, 2589700] cpp_raw=[4004100, 4071100, 3748400, 4229800, 3953100, 3826500, 4905800, 4164300, 6111000, 4384900, 4046500, 3767700] relation_raw=[9322000, 8981800, 9837700, 9120800, 9882700, 14375800, 9708100, 11536100, 9351300, 9850100, 9545300, 13802300] public_ns=12150900 approved_ns=2735450 cpp_ns=4058800 relation_ns=9772900 source=10734a11a61fbe06 result=14eb8df45bd38cf1
case op=convert-ubyte-float w=2048 h=512 layout=zero-source public_raw=[32149000, 31757700, 34405000, 29563500, 30381400, 29147400, 31008600, 29900000, 35701200, 32858200, 29968800, 33123200] approved_raw=[2948000, 2519400, 2530400, 2518200, 2381400, 2374000, 2848000, 2447300, 2492900, 2397500, 2451200, 3340600] cpp_raw=[732100, 575600, 575700, 612900, 575600, 664100, 623000, 660400, 578400, 575300, 590900, 839500] relation_raw=[26642800, 25959100, 27444400, 25741000, 24437800, 24800400, 26417000, 26363700, 26801200, 24978700, 27705500, 26453500] public_ns=31383150 approved_ns=2505550 cpp_ns=601900 relation_ns=26390350 source=ea3b47c803d61b61 result=1ea1c940ba66713d
m3_copy_conversion PASS cases=96 sink=13023336492318211668
