contracts PASS four-operations invalid/shape/noninjective/overlap/empty/no-write shared-disjoint
semantic PASS cases=32 bitwise-copy all256-conversion source-padding
case op=copy-ubyte w=31 h=17 layout=contiguous public_raw=[100, 200, 0, 0, 0, 0, 0, 0, 0, 0, 0, 0] approved_raw=[1100, 1200, 1100, 1100, 1100, 1100, 1100, 1100, 1100, 1100, 1100, 1100] cpp_raw=[100, 200, 0, 100, 0, 0, 0, 0, 0, 0, 0, 0] relation_raw=[40400, 40200, 53500, 40200, 40200, 40200, 40200, 40200, 40200, 40200, 40200, 40200] public_ns=0 approved_ns=1100 cpp_ns=0 relation_ns=40200 source=e1cb0bb018788cd9 result=6b280f993832c319
case op=copy-float w=31 h=17 layout=contiguous public_raw=[0, 0, 100, 0, 0, 100, 0, 0, 0, 100, 0, 0] approved_raw=[1100, 1100, 1200, 1200, 1100, 1200, 1200, 1200, 1100, 1200, 1200, 1200] cpp_raw=[100, 0, 0, 0, 0, 0, 0, 0, 0, 0, 0, 0] relation_raw=[40400, 40400, 40400, 40400, 40400, 40400, 40400, 40400, 40400, 54100, 40300, 40300] public_ns=0 approved_ns=1200 cpp_ns=0 relation_ns=40400 source=6128204049c0da83 result=264b3169180ebd4b
case op=copy-Pod w=31 h=17 layout=contiguous public_raw=[100, 0, 100, 0, 0, 100, 100, 100, 100, 100, 100, 100] approved_raw=[1200, 1200, 1200, 1200, 1200, 1200, 1200, 1200, 1200, 1200, 1200, 1200] cpp_raw=[100, 100, 100, 100, 100, 100, 100, 100, 100, 100, 100, 100] relation_raw=[40200, 40200, 40200, 40200, 40200, 40200, 40200, 40200, 40200, 40200, 40200, 40200] public_ns=100 approved_ns=1200 cpp_ns=100 relation_ns=40200 source=db360484f487691a result=968b62c61598975a
case op=convert-ubyte-float w=31 h=17 layout=contiguous public_raw=[2100, 2000, 2600, 2300, 2100, 2000, 2000, 2100, 2100, 2100, 2000, 2000] approved_raw=[1100, 1100, 1400, 1200, 1100, 1100, 1200, 1100, 1100, 1200, 1200, 1200] cpp_raw=[100, 100, 100, 100, 100, 100, 100, 100, 100, 100, 100, 100] relation_raw=[161100, 161100, 165500, 251400, 162900, 162900, 162900, 187900, 175600, 163300, 163300, 163300] public_ns=2100 approved_ns=1150 cpp_ns=100 relation_ns=163300 source=e1cb0bb018788cd9 result=1bb7b2c2179a648f
case op=copy-ubyte w=31 h=17 layout=padded public_raw=[41500, 41400, 56000, 41400, 41400, 41400, 41400, 41400, 41400, 41400, 41400, 41400] approved_raw=[1100, 1100, 1100, 1100, 1100, 1100, 1100, 1100, 1100, 1100, 1100, 1100] cpp_raw=[0, 0, 0, 100, 0, 0, 0, 0, 0, 0, 0, 0] relation_raw=[40200, 40200, 40200, 40300, 40300, 40300, 40300, 40300, 40300, 40300, 40300, 40300] public_ns=41400 approved_ns=1100 cpp_ns=0 relation_ns=40300 source=4d0b0939d89e40d9 result=5f21f5ea6035ff19
case op=copy-float w=31 h=17 layout=padded public_raw=[41400, 41400, 41400, 41400, 41500, 41400, 41400, 41400, 41500, 54200, 41500, 41400] approved_raw=[1200, 1200, 1200, 1100, 1100, 1200, 1200, 1100, 1100, 1200, 1200, 1200] cpp_raw=[0, 0, 0, 0, 0, 0, 0, 0, 0, 0, 0, 0] relation_raw=[40300, 40300, 40300, 40300, 40300, 40300, 40300, 40300, 40300, 40300, 40300, 40300] public_ns=41400 approved_ns=1200 cpp_ns=0 relation_ns=40300 source=ebb5b7eaf5f43283 result=3851810ac565964b
case op=copy-Pod w=31 h=17 layout=padded public_raw=[41500, 41500, 41600, 61600, 41500, 41400, 41400, 41500, 41400, 41500, 41500, 41500] approved_raw=[1200, 1200, 1200, 1200, 1100, 1200, 1100, 1100, 1100, 1200, 1300, 1200] cpp_raw=[100, 100, 100, 100, 0, 100, 100, 100, 0, 100, 0, 100] relation_raw=[40300, 40300, 89200, 40300, 40300, 40300, 40300, 40200, 40300, 40200, 40300, 40300] public_ns=41500 approved_ns=1200 cpp_ns=100 relation_ns=40300 source=b28d4f242a91b51a result=7438cdf3ee88135a
case op=convert-ubyte-float w=31 h=17 layout=padded public_raw=[162500, 162300, 162200, 174700, 162500, 162200, 176000, 162200, 162100, 176000, 162200, 162100] approved_raw=[1200, 1200, 1200, 1200, 1100, 1100, 1200, 1100, 1100, 1100, 1100, 1100] cpp_raw=[100, 100, 100, 100, 100, 100, 100, 100, 100, 100, 100, 100] relation_raw=[175400, 160400, 160400, 160100, 160000, 160100, 174100, 159900, 159900, 159900, 161200, 161200] public_ns=162250 approved_ns=1100 cpp_ns=100 relation_ns=160250 source=4d0b0939d89e40d9 result=5a1bf5670dd4dc8f
case op=copy-ubyte w=31 h=17 layout=negative-source public_raw=[41500, 41400, 41400, 41400, 41400, 41400, 41400, 41400, 41400, 41400, 54400, 41400] approved_raw=[1100, 1100, 1100, 1100, 1100, 1100, 1100, 1100, 1100, 1100, 1100, 1100] cpp_raw=[100, 0, 0, 0, 0, 0, 0, 0, 0, 0, 0, 100] relation_raw=[40300, 40200, 40200, 40200, 40200, 40200, 40200, 40200, 40200, 40200, 40200, 40300] public_ns=41400 approved_ns=1100 cpp_ns=0 relation_ns=40200 source=1218578f96e3de39 result=5f21f5ea6035ff19
case op=copy-float w=31 h=17 layout=negative-source public_raw=[41400, 41400, 41400, 41400, 41600, 41600, 41600, 41600, 41700, 41500, 41500, 41500] approved_raw=[1200, 1200, 1200, 1200, 1100, 1200, 1200, 1200, 1200, 1200, 1100, 1100] cpp_raw=[0, 0, 0, 0, 0, 100, 0, 100, 0, 0, 0, 0] relation_raw=[40100, 40100, 40100, 40100, 61500, 40400, 52500, 40300, 40300, 40300, 40300, 40300] public_ns=41500 approved_ns=1200 cpp_ns=0 relation_ns=40300 source=d55c0938ea65990b result=3851810ac565964b
case op=copy-Pod w=31 h=17 layout=negative-source public_raw=[41500, 56000, 41500, 41500, 41400, 41400, 41500, 41400, 41400, 41400, 41500, 41500] approved_raw=[1200, 1100, 1200, 1200, 1200, 1200, 1200, 1200, 1100, 1100, 1200, 1200] cpp_raw=[100, 100, 100, 0, 100, 100, 0, 100, 100, 100, 100, 100] relation_raw=[40200, 40200, 40400, 40400, 40400, 40400, 40400, 40400, 40400, 40400, 54000, 40200] public_ns=41500 approved_ns=1200 cpp_ns=100 relation_ns=40400 source=4cb52a65f8334f3a result=7438cdf3ee88135a
case op=convert-ubyte-float w=31 h=17 layout=negative-source public_raw=[173900, 162600, 184400, 163300, 163200, 163100, 163000, 162800, 162800, 162700, 162600, 179600] approved_raw=[1200, 1200, 1200, 1200, 1100, 1100, 1100, 1200, 1100, 1200, 1200, 1200] cpp_raw=[100, 100, 100, 100, 100, 100, 100, 100, 100, 100, 100, 100] relation_raw=[162300, 160000, 160000, 174600, 160000, 160000, 173900, 160700, 160600, 160000, 160000, 160000] public_ns=163050 approved_ns=1200 cpp_ns=100 relation_ns=160000 source=1218578f96e3de39 result=5a1bf5670dd4dc8f
case op=copy-ubyte w=31 h=17 layout=negative-both public_raw=[41300, 41300, 41300, 41300, 41300, 41300, 41400, 41400, 55100, 41400, 41300, 41300] approved_raw=[1100, 1100, 1100, 1100, 1100, 1100, 1200, 1100, 1100, 1100, 1100, 1200] cpp_raw=[100, 0, 0, 0, 0, 0, 0, 100, 0, 0, 0, 0] relation_raw=[40300, 40300, 40300, 40300, 40300, 40200, 59300, 40300, 40300, 40300, 40300, 40300] public_ns=41300 approved_ns=1100 cpp_ns=0 relation_ns=40300 source=1218578f96e3de39 result=14b2232dcdfde519
case op=copy-float w=31 h=17 layout=negative-both public_raw=[41500, 41600, 41500, 41500, 41700, 41500, 41500, 41400, 41500, 41400, 41400, 41400] approved_raw=[1200, 1200, 1200, 1100, 1200, 1200, 1200, 1200, 1100, 1200, 1200, 1200] cpp_raw=[0, 0, 200, 0, 0, 0, 0, 0, 0, 0, 0, 0] relation_raw=[40300, 40300, 40400, 40300, 40400, 40300, 40300, 40300, 40300, 40300, 40300, 40200] public_ns=41500 approved_ns=1200 cpp_ns=0 relation_ns=40300 source=d55c0938ea65990b result=88af284ef50a9e03
case op=copy-Pod w=31 h=17 layout=negative-both public_raw=[57900, 41500, 41500, 41500, 41500, 41400, 41500, 41400, 41500, 41400, 41400, 41400] approved_raw=[1200, 1200, 1200, 1100, 1200, 1200, 1200, 1200, 1200, 1200, 1200, 1100] cpp_raw=[100, 0, 0, 100, 0, 0, 100, 100, 100, 100, 100, 100] relation_raw=[40300, 40200, 40200, 40300, 40200, 40200, 40200, 40200, 40200, 40300, 40200, 40300] public_ns=41500 approved_ns=1200 cpp_ns=100 relation_ns=40200 source=4cb52a65f8334f3a result=ba5b3439bff1663a
case op=convert-ubyte-float w=31 h=17 layout=negative-both public_raw=[162500, 162300, 174700, 162500, 162300, 175600, 166100, 163100, 175400, 162600, 181000, 163000] approved_raw=[1300, 1300, 1300, 1300, 1300, 1300, 1300, 1300, 1300, 1400, 1300, 1300] cpp_raw=[100, 100, 100, 100, 100, 100, 100, 100, 100, 300, 100, 100] relation_raw=[160000, 160000, 160000, 162000, 159800, 159900, 160900, 161000, 160000, 159800, 159800, 174400] public_ns=163050 approved_ns=1300 cpp_ns=100 relation_ns=160000 source=1218578f96e3de39 result=a84d7158b568dc8f
case op=copy-ubyte w=31 h=17 layout=universal public_raw=[41400, 41400, 41400, 41400, 41500, 56800, 41400, 41300, 41300, 41300, 41400, 41400] approved_raw=[1100, 1100, 1100, 1100, 1100, 1100, 1100, 1100, 1100, 1100, 1100, 1100] cpp_raw=[1600, 1600, 1600, 1600, 1700, 1600, 1600, 1600, 1600, 1600, 1600, 1600] relation_raw=[40200, 40300, 40300, 40300, 40300, 40200, 40300, 40200, 40200, 40200, 40200, 40200] public_ns=41400 approved_ns=1100 cpp_ns=1600 relation_ns=40200 source=104e8d8f8fae3401 result=94a85d26ce182761
case op=copy-float w=31 h=17 layout=universal public_raw=[41400, 41500, 41500, 41400, 41500, 41400, 41400, 41400, 41500, 41400, 41400, 41500] approved_raw=[1100, 1200, 1200, 1200, 1200, 1200, 1200, 1200, 1200, 1200, 1200, 1200] cpp_raw=[1700, 1700, 1800, 1700, 1700, 1700, 1700, 1700, 1700, 1700, 1700, 1700] relation_raw=[40300, 53900, 40200, 40200, 40200, 40200, 40200, 40200, 40200, 40200, 40200, 56700] public_ns=41400 approved_ns=1200 cpp_ns=1700 relation_ns=40200 source=48f4c2fdc1746a4f result=d2f02840ab86d547
case op=copy-Pod w=31 h=17 layout=universal public_raw=[41500, 41600, 41500, 41600, 53400, 42500, 42400, 42300, 42400, 43400, 64600, 42600] approved_raw=[1200, 1200, 1200, 1200, 1200, 1300, 1200, 1200, 1200, 1200, 1200, 1200] cpp_raw=[1700, 1700, 1700, 1700, 1700, 1800, 1700, 1700, 1700, 1700, 1700, 1700] relation_raw=[40700, 40200, 40200, 40300, 144800, 41100, 41100, 41100, 41200, 41200, 41100, 41200] public_ns=42400 approved_ns=1200 cpp_ns=1700 relation_ns=41100 source=a443bfcbbed0823e result=e7d6d6f5c5dc3c8e
case op=convert-ubyte-float w=31 h=17 layout=universal public_raw=[95500, 107200, 95100, 95000, 95100, 95000, 109200, 97200, 95200, 95500, 95300, 139900] approved_raw=[1100, 1200, 1200, 1200, 1200, 1200, 1200, 1100, 1100, 1200, 1200, 1200] cpp_raw=[300, 300, 400, 300, 300, 300, 300, 400, 300, 300, 300, 300] relation_raw=[92800, 92700, 92800, 92700, 92700, 92700, 92700, 94800, 92800, 92800, 113200, 108400] public_ns=95400 approved_ns=1200 cpp_ns=300 relation_ns=92800 source=104e8d8f8fae3401 result=91affb8b2dfc4eb7
case op=copy-ubyte w=31 h=17 layout=universal-negative public_raw=[40700, 40600, 40600, 40600, 40600, 62500, 40600, 40600, 40600, 40600, 40600, 40600] approved_raw=[1100, 1100, 1100, 1100, 1100, 1100, 1100, 1100, 1100, 1100, 1100, 1100] cpp_raw=[1600, 1600, 1600, 1600, 1600, 1600, 1900, 1600, 1600, 1600, 1600, 1600] relation_raw=[39500, 39500, 39500, 39500, 39500, 39500, 39800, 39500, 39500, 39500, 39500, 39500] public_ns=40600 approved_ns=1100 cpp_ns=1600 relation_ns=39500 source=705335b9cf6847c1 result=2bfddff94a971f61
case op=copy-float w=31 h=17 layout=universal-negative public_raw=[40700, 40700, 40800, 40600, 40700, 40600, 40600, 40600, 40700, 40600, 40600, 55700] approved_raw=[1200, 1200, 1200, 1200, 1100, 1200, 1200, 1200, 1100, 1200, 1200, 1200] cpp_raw=[1900, 1800, 1800, 1700, 1700, 1700, 1700, 1700, 1700, 1700, 1700, 1700] relation_raw=[39600, 53400, 39700, 39700, 39700, 39700, 39700, 39700, 39700, 39700, 39700, 39700] public_ns=40650 approved_ns=1200 cpp_ns=1700 relation_ns=39700 source=eada538057fb86ef result=faa4d5eeeda68847
case op=copy-Pod w=31 h=17 layout=universal-negative public_raw=[41000, 41000, 41000, 41000, 40900, 40900, 40800, 40800, 40700, 40800, 40800, 40700] approved_raw=[1200, 1200, 1200, 1200, 1200, 1200, 1200, 1400, 1200, 1200, 1200, 1200] cpp_raw=[1700, 1700, 1700, 1800, 1800, 1700, 1700, 2000, 1700, 1700, 1700, 1700] relation_raw=[39900, 39800, 39700, 57900, 39800, 39700, 39500, 39500, 39500, 39500, 39500, 39500] public_ns=40850 approved_ns=1200 cpp_ns=1700 relation_ns=39600 source=7483a89971f477de result=c1c9f074f82c752e
case op=convert-ubyte-float w=31 h=17 layout=universal-negative public_raw=[98000, 97700, 113400, 100100, 97700, 97600, 97600, 97800, 97600, 97600, 97600, 111000] approved_raw=[1200, 1100, 1200, 1200, 1200, 1200, 1200, 1200, 1100, 1200, 1100, 1100] cpp_raw=[300, 300, 300, 300, 300, 300, 300, 300, 300, 300, 300, 300] relation_raw=[95500, 95400, 95400, 95500, 95700, 95400, 95400, 107900, 95600, 95700, 95600, 95500] public_ns=97700 approved_ns=1200 cpp_ns=300 relation_ns=95500 source=705335b9cf6847c1 result=6cdfcfcdfb5c4eb7
case op=copy-ubyte w=31 h=17 layout=repeated-source public_raw=[41400, 41400, 41400, 41400, 41400, 41400, 41300, 42300, 97200, 41500, 41400, 41400] approved_raw=[1100, 1100, 1100, 1100, 1100, 1100, 1100, 1100, 1100, 1100, 1300, 1100] cpp_raw=[0, 0, 0, 0, 0, 0, 0, 100, 0, 0, 0, 0] relation_raw=[40300, 40300, 40300, 40300, 40300, 40300, 40300, 60200, 42100, 40300, 40300, 40300] public_ns=41400 approved_ns=1100 cpp_ns=0 relation_ns=40300 source=e456631d381264c9 result=79abf60b12593ba9
case op=copy-float w=31 h=17 layout=repeated-source public_raw=[41100, 41100, 41100, 41100, 41100, 41000, 41000, 41000, 41100, 41000, 41000, 41000] approved_raw=[1200, 1200, 1100, 1200, 1200, 1100, 1200, 1200, 1200, 1200, 1200, 1200] cpp_raw=[0, 0, 0, 0, 0, 0, 0, 0, 0, 0, 0, 0] relation_raw=[40000, 40000, 40000, 75300, 39800, 39800, 39800, 39800, 39800, 39800, 39800, 39800] public_ns=41050 approved_ns=1200 cpp_ns=0 relation_ns=39800 source=187f646e4a13563f result=adddf47c9b74a697
case op=copy-Pod w=31 h=17 layout=repeated-source public_raw=[41100, 41100, 41100, 41100, 41100, 41100, 41100, 222000, 44400, 41100, 41000, 41000] approved_raw=[1200, 1200, 1200, 1200, 1200, 1200, 1200, 1700, 54200, 1200, 1100, 1100] cpp_raw=[100, 100, 100, 100, 0, 100, 100, 200, 100, 100, 100, 100] relation_raw=[39700, 39700, 39700, 39700, 39700, 39700, 39700, 39700, 39800, 39700, 39700, 39800] public_ns=41100 approved_ns=1200 cpp_ns=100 relation_ns=39700 source=af5c371632147dfa result=b77ad4f97670f65a
case op=convert-ubyte-float w=31 h=17 layout=repeated-source public_raw=[162100, 448500, 162600, 162700, 162300, 162000, 186700, 162300, 162300, 162300, 167900, 165500] approved_raw=[1200, 1100, 1200, 1200, 1200, 1200, 1200, 1200, 1100, 1100, 48500, 1200] cpp_raw=[100, 100, 200, 100, 100, 100, 100, 100, 100, 100, 100, 100] relation_raw=[159600, 159600, 160600, 160600, 194100, 160500, 160400, 172400, 160100, 160100, 172200, 162800] public_ns=162450 approved_ns=1200 cpp_ns=100 relation_ns=160550 source=e456631d381264c9 result=9364c6c0b904dc8f
case op=copy-ubyte w=31 h=17 layout=zero-source public_raw=[10000, 10000, 10000, 10000, 10000, 10000, 10000, 10000, 10000, 10000, 10000, 10000] approved_raw=[1100, 1100, 1100, 1100, 1100, 1100, 1100, 1100, 1100, 1100, 1100, 1100] cpp_raw=[1600, 1600, 1600, 1600, 1600, 1600, 1600, 1600, 1600, 1600, 1600, 1600] relation_raw=[8900, 8900, 8900, 8900, 8900, 8900, 8900, 8900, 8900, 8900, 8900, 8900] public_ns=10000 approved_ns=1100 cpp_ns=1600 relation_ns=8900 source=53e35892b0900a36 result=c64ce8b5472789e4
case op=copy-float w=31 h=17 layout=zero-source public_raw=[10600, 10600, 10600, 10600, 10600, 10600, 10600, 10600, 10600, 10600, 10600, 10600] approved_raw=[1100, 1100, 1100, 1100, 1200, 1100, 1100, 1100, 1200, 1100, 1100, 1100] cpp_raw=[1900, 1800, 1900, 1900, 1900, 1900, 1900, 1900, 1900, 1900, 1900, 1900] relation_raw=[9500, 9500, 9500, 9500, 9500, 9500, 9500, 9500, 9500, 9500, 9500, 9500] public_ns=10600 approved_ns=1100 cpp_ns=1900 relation_ns=9500 source=48a265c435185a17 result=a412cbd3d3c5dc8f
case op=copy-Pod w=31 h=17 layout=zero-source public_raw=[10700, 10700, 10700, 10700, 10700, 10700, 10700, 10700, 10700, 10700, 10700, 10700] approved_raw=[1100, 1200, 1200, 1100, 1100, 1200, 1200, 1100, 1100, 1100, 1100, 1600] cpp_raw=[1900, 1900, 1900, 1900, 1900, 1900, 1900, 1900, 1900, 1900, 1900, 1900] relation_raw=[9500, 9500, 9500, 9500, 9500, 9500, 9500, 9500, 9500, 9500, 9500, 9500] public_ns=10700 approved_ns=1100 cpp_ns=1900 relation_ns=9500 source=6b0827ecdc4a539a result=3ed4b3ed28cdbf2
case op=convert-ubyte-float w=31 h=17 layout=zero-source public_raw=[28000, 28000, 27900, 27900, 27900, 27900, 27900, 27900, 27900, 27900, 27900, 27900] approved_raw=[1200, 1200, 1200, 1200, 1200, 1100, 1200, 1200, 1200, 1200, 1100, 1100] cpp_raw=[300, 300, 300, 300, 300, 300, 300, 300, 300, 300, 300, 300] relation_raw=[28200, 25700, 25700, 25700, 25700, 25700, 25700, 25700, 25700, 25700, 25700, 25700] public_ns=27900 approved_ns=1200 cpp_ns=300 relation_ns=25700 source=53e35892b0900a36 result=7db46195730ddc8f
case op=copy-ubyte w=256 h=128 layout=contiguous public_raw=[1200, 900, 1200, 700, 600, 700, 1000, 800, 600, 900, 900, 1000] approved_raw=[71200, 70900, 68100, 68000, 70800, 68000, 68500, 68000, 117500, 68100, 68100, 93000] cpp_raw=[800, 800, 700, 800, 700, 800, 700, 700, 700, 700, 700, 800] relation_raw=[2408600, 2487400, 2320300, 2315600, 2310900, 2312900, 2318900, 2398800, 2535700, 2446500, 2397100, 2373000] public_ns=900 approved_ns=68300 cpp_ns=700 relation_ns=2385050 source=e61b28efac3482a5 result=19f1026d069dd2bd
case op=copy-float w=256 h=128 layout=contiguous public_raw=[2600, 2600, 2500, 2600, 2300, 2500, 3000, 2400, 2400, 2500, 2900, 3200] approved_raw=[77000, 76800, 76900, 76500, 76100, 76100, 91700, 70600, 89800, 76400, 75900, 76000] cpp_raw=[5800, 2500, 2300, 2300, 2300, 3100, 2300, 2500, 2300, 2300, 2300, 2300] relation_raw=[2405800, 2404300, 2323200, 2447100, 2331700, 2385800, 2511800, 2307300, 2306700, 2333800, 2592600, 2823600] public_ns=2550 approved_ns=76450 cpp_ns=2300 relation_ns=2395050 source=94c035f8504217ab result=e20bab30ff99efbd
case op=copy-Pod w=256 h=128 layout=contiguous public_raw=[5500, 5000, 5000, 5300, 5800, 5200, 4800, 5100, 5300, 5000, 4900, 4800] approved_raw=[73700, 233000, 77100, 75800, 74300, 73900, 74000, 73900, 74100, 73800, 73800, 73700] cpp_raw=[5100, 6100, 4700, 5100, 4600, 4700, 5100, 4600, 4600, 5100, 5100, 4700] relation_raw=[2310200, 2390500, 2625700, 2333800, 3319300, 2498000, 2409300, 2356600, 2369400, 2359700, 2400300, 2354300] public_ns=5050 approved_ns=73950 cpp_ns=4900 relation_ns=2379950 source=780acdd2b0446151 result=3e08e0fcd50e93b1
case op=convert-ubyte-float w=256 h=128 layout=contiguous public_raw=[124800, 124700, 124600, 124500, 124400, 124600, 124500, 124900, 124200, 140100, 124600, 143800] approved_raw=[70100, 74000, 85500, 85800, 72600, 100600, 72700, 71700, 71100, 72700, 84700, 72700] cpp_raw=[2900, 2800, 2800, 2800, 2700, 3100, 3300, 3000, 2800, 3100, 3100, 3100] relation_raw=[9879900, 9885300, 9519700, 9579400, 10229300, 9940200, 9721600, 9518000, 9956400, 9478500, 9450600, 9631300] public_ns=124600 approved_ns=72700 cpp_ns=2950 relation_ns=9676450 source=e61b28efac3482a5 result=8edc22d932e14fbd
case op=copy-ubyte w=256 h=128 layout=padded public_raw=[2442300, 2457000, 2500300, 2504600, 2789800, 2393300, 2476600, 2491900, 2464000, 2569000, 2490800, 2528300] approved_raw=[68500, 68000, 68400, 68000, 143500, 71000, 68300, 68000, 80900, 67900, 71100, 68000] cpp_raw=[800, 800, 800, 900, 800, 900, 1100, 800, 800, 700, 1100, 800] relation_raw=[2410900, 2390900, 2412200, 2403100, 2429100, 2439500, 2494200, 2493300, 2383400, 2345600, 2482800, 2306900] public_ns=2491350 approved_ns=68350 cpp_ns=800 relation_ns=2411550 source=e5a18b0018a9faa5 result=d702cf3fb5e29e3d
case op=copy-float w=256 h=128 layout=padded public_raw=[2546700, 2424900, 2489800, 2451500, 2618100, 2449700, 2388400, 2631100, 2513900, 2402200, 2494700, 2629900] approved_raw=[74100, 68000, 76000, 77300, 76000, 125400, 77200, 77200, 69100, 76700, 76000, 77000] cpp_raw=[2500, 2500, 2600, 2800, 2600, 2700, 2700, 2800, 2600, 2500, 2800, 2800] relation_raw=[2327100, 2460800, 2333500, 2471700, 2372300, 2411800, 2360200, 2471600, 2363200, 2367500, 2333800, 2390200] public_ns=2492250 approved_ns=76350 cpp_ns=2650 relation_ns=2369900 source=36662a215b68a60b result=bf1783c6025d513d
case op=copy-Pod w=256 h=128 layout=padded public_raw=[2722100, 2396900, 2769600, 2434000, 2385400, 2456200, 2524800, 2496500, 2626000, 2419200, 2394700, 2476200] approved_raw=[73900, 73900, 73800, 73700, 75700, 73700, 73900, 73800, 73800, 73500, 74400, 73500] cpp_raw=[5400, 5200, 5100, 5600, 5500, 5200, 5100, 5100, 5100, 5200, 5700, 6000] relation_raw=[2341300, 2309100, 2788300, 2499500, 2518700, 2331200, 2605600, 2446800, 2373700, 2309400, 2349700, 2333400] public_ns=2466200 approved_ns=73800 cpp_ns=5200 relation_ns=2361700 source=49f9223bca7c6711 result=6d7da255f160ecf1
case op=convert-ubyte-float w=256 h=128 layout=padded public_raw=[9656000, 10741000, 9768700, 10056700, 9884400, 9614800, 9870600, 9783900, 9506500, 10184200, 9530900, 10256400] approved_raw=[88800, 73300, 73300, 70700, 73900, 74500, 71200, 73900, 73200, 70500, 73700, 74000] cpp_raw=[3500, 2900, 3100, 3100, 6500, 3400, 2800, 2900, 3000, 2800, 3200, 3100] relation_raw=[9786700, 9445200, 9779900, 9530600, 9483400, 9486800, 9440900, 9686000, 9510400, 10061600, 9718000, 9776200] public_ns=9827250 approved_ns=73500 cpp_ns=3100 relation_ns=9608300 source=e5a18b0018a9faa5 result=8d94738f899eb13d
case op=copy-ubyte w=256 h=128 layout=negative-source public_raw=[2655500, 2384100, 2472000, 2849800, 3072200, 2408500, 2438100, 2727900, 2495900, 2497400, 2466600, 2436500] approved_raw=[68400, 68000, 68200, 68400, 68500, 68100, 83900, 68400, 70800, 68100, 68100, 70800] cpp_raw=[800, 900, 900, 1000, 800, 800, 1000, 1000, 800, 800, 1200, 900] relation_raw=[2412200, 2342900, 2467700, 2469900, 2440000, 2381200, 2672300, 2342100, 2308900, 2426600, 2312000, 2366600] public_ns=2483950 approved_ns=68400 cpp_ns=900 relation_ns=2396700 source=e5a18b0018a9faa5 result=d702cf3fb5e29e3d
case op=copy-float w=256 h=128 layout=negative-source public_raw=[2752800, 2597700, 2696700, 2697600, 2488400, 2383000, 2377800, 2393500, 2392400, 2444200, 2519200, 2558600] approved_raw=[67800, 75600, 76100, 77100, 75600, 69000, 75700, 76000, 75700, 75600, 219400, 88000] cpp_raw=[2500, 2500, 2700, 2900, 2700, 2500, 2500, 2800, 2500, 2600, 2600, 2600] relation_raw=[2389200, 2690700, 2311200, 2414500, 2378400, 2356200, 2336500, 2344000, 2332300, 2438200, 2325000, 2398500] public_ns=2503800 approved_ns=75700 cpp_ns=2600 relation_ns=2367300 source=36662a215b68a60b result=bf1783c6025d513d
case op=copy-Pod w=256 h=128 layout=negative-source public_raw=[2598500, 2456400, 2396500, 2389100, 2413600, 2481700, 2469800, 2527300, 2460100, 2407900, 2389200, 2411800] approved_raw=[74000, 74200, 75000, 73900, 74700, 73800, 213300, 73900, 74100, 75700, 86200, 75800] cpp_raw=[6100, 5600, 5100, 5200, 5000, 5300, 5300, 5500, 5700, 5000, 5100, 5400] relation_raw=[2808200, 2504800, 2314500, 2340600, 2319000, 2773000, 2463300, 2500500, 2323800, 2304700, 2336800, 2327600] public_ns=2435000 approved_ns=74450 cpp_ns=5300 relation_ns=2338700 source=7247388808cf2711 result=6d7da255f160ecf1
case op=convert-ubyte-float w=256 h=128 layout=negative-source public_raw=[9893900, 10384100, 10126700, 9709400, 10200100, 10410500, 10210800, 9689400, 10111800, 9568200, 10369900, 10079700] approved_raw=[73500, 70700, 73100, 73900, 73900, 73700, 77300, 75600, 73000, 82500, 73700, 73200] cpp_raw=[2900, 3100, 3300, 3000, 3100, 3400, 3500, 3300, 3300, 3300, 2900, 3300] relation_raw=[9652300, 9796400, 9786900, 9716400, 9533800, 9532300, 10679900, 9599100, 9517700, 9452300, 10362400, 10048700] public_ns=10119250 approved_ns=73700 cpp_ns=3300 relation_ns=9684350 source=e5a18b0018a9faa5 result=8d94738f899eb13d
case op=copy-ubyte w=256 h=128 layout=negative-both public_raw=[2472700, 2477100, 2741600, 2472500, 2450900, 2532900, 2448200, 2446500, 2544100, 2440600, 2566000, 2824300] approved_raw=[68500, 68100, 68500, 68100, 70900, 68100, 68300, 68000, 68100, 69800, 68500, 68400] cpp_raw=[700, 700, 800, 900, 700, 700, 800, 800, 700, 800, 700, 900] relation_raw=[2322300, 2342200, 2370400, 2356700, 2380700, 2319700, 2353700, 2401700, 3351500, 2626500, 2566400, 2578800] public_ns=2474900 approved_ns=68350 cpp_ns=750 relation_ns=2375550 source=e5a18b0018a9faa5 result=d702cf3fb5e29e3d
case op=copy-float w=256 h=128 layout=negative-both public_raw=[2395600, 2449800, 2409300, 2416500, 2628200, 2641600, 2598700, 2442000, 2395800, 2401700, 2412700, 2408100] approved_raw=[152400, 76200, 76800, 90400, 106400, 77200, 77300, 76400, 76300, 76400, 78100, 76600] cpp_raw=[2800, 2600, 2600, 2800, 2700, 2700, 2600, 2900, 2600, 2500, 2600, 3100] relation_raw=[2470300, 2465400, 2340300, 2327600, 2542200, 2423900, 2323400, 2464400, 2361400, 2339700, 2343600, 2350200] public_ns=2414600 approved_ns=77000 cpp_ns=2650 relation_ns=2355800 source=36662a215b68a60b result=bf1783c6025d513d
case op=copy-Pod w=256 h=128 layout=negative-both public_raw=[2396100, 2876400, 2401700, 2434200, 2548800, 2518900, 2483000, 2481700, 2412500, 2498900, 2391500, 2472700] approved_raw=[73800, 74100, 73700, 73700, 73900, 73700, 73700, 75900, 73600, 73600, 73800, 73800] cpp_raw=[5300, 5000, 5700, 6400, 5000, 5400, 5000, 5200, 5300, 5200, 5300, 5400] relation_raw=[2344300, 2307700, 2400400, 2531500, 2960900, 2446100, 2500900, 2708900, 2308000, 2466200, 2314600, 2513000] public_ns=2477200 approved_ns=73750 cpp_ns=5300 relation_ns=2456150 source=7247388808cf2711 result=9cc58c133fed2cf1
case op=convert-ubyte-float w=256 h=128 layout=negative-both public_raw=[12364700, 10014200, 9792100, 9749600, 10120100, 9625400, 9940100, 9977800, 9853700, 9933800, 9751500, 10899400] approved_raw=[73500, 73000, 72800, 74000, 133600, 116200, 74200, 73100, 72800, 72800, 74500, 73000] cpp_raw=[3000, 2900, 3500, 3400, 3300, 3300, 3600, 3600, 3200, 2900, 2900, 3400] relation_raw=[9826500, 10091400, 9885000, 9813400, 9903100, 10108900, 9420400, 9505400, 9872500, 9641800, 10107700, 10628700] public_ns=9936950 approved_ns=73300 cpp_ns=3300 relation_ns=9878750 source=e5a18b0018a9faa5 result=8d94738f899eb13d
case op=copy-ubyte w=256 h=128 layout=universal public_raw=[2468000, 2513700, 2533000, 2687300, 2515100, 2608600, 2667000, 2793600, 2665100, 2711300, 2457600, 2574800] approved_raw=[69500, 70200, 73000, 70100, 69700, 72400, 73500, 69900, 83900, 69600, 77100, 69900] cpp_raw=[98400, 99100, 99100, 101000, 98300, 98300, 98600, 98500, 98300, 148300, 98400, 122700] relation_raw=[2491900, 2593000, 2417200, 2420600, 2303300, 2350300, 2846100, 2370000, 2486500, 2319500, 2501100, 2496700] public_ns=2591700 approved_ns=70150 cpp_ns=98550 relation_ns=2453550 source=2ca74caf843b767b result=186aee41ab7388cf
case op=copy-float w=256 h=128 layout=universal public_raw=[2703500, 2645400, 2546900, 2683200, 2578000, 2412500, 2525200, 2479800, 3021800, 2706400, 2445400, 2457800] approved_raw=[77900, 69300, 76900, 77100, 76700, 77600, 77200, 76900, 79000, 78100, 77500, 69200] cpp_raw=[107200, 107200, 107300, 107100, 108800, 107100, 107900, 107200, 107200, 107200, 107100, 107100] relation_raw=[2578600, 2326800, 2412200, 2633000, 2389600, 3024100, 2536700, 2403000, 2434800, 2564500, 2397700, 2367600] public_ns=2562450 approved_ns=77150 cpp_ns=107200 relation_ns=2423500 source=2602f36fdf024e48 result=a35a34c9a114294f
case op=copy-Pod w=256 h=128 layout=universal public_raw=[2402100, 2639600, 2448200, 2768000, 2569400, 2435700, 2405400, 2513200, 2450200, 2458900, 2436900, 2975900] approved_raw=[74800, 76700, 74800, 105100, 76900, 74700, 76800, 76800, 241800, 74800, 75200, 75300] cpp_raw=[107700, 110100, 107700, 125600, 107500, 139000, 107700, 107600, 107400, 107400, 107500, 108400] relation_raw=[2333300, 2353200, 2373100, 2516600, 2459100, 2399400, 2314700, 2393000, 2434400, 2372400, 2408400, 2362800] public_ns=2454550 approved_ns=76000 cpp_ns=107700 relation_ns=2383050 source=e9e6a4e830f5d812 result=65aae9126466d5ba
case op=convert-ubyte-float w=256 h=128 layout=universal public_raw=[5830600, 5926200, 5708200, 5915800, 6280700, 5837800, 5813800, 5915600, 5703500, 5865700, 5926200, 6747900] approved_raw=[75400, 71600, 74200, 76100, 74000, 74000, 74900, 75900, 74300, 74400, 74000, 74100] cpp_raw=[18000, 18000, 18200, 18000, 18000, 18000, 18100, 17900, 18200, 18100, 17900, 18000] relation_raw=[5659500, 6036100, 5482700, 5750200, 6053100, 5887700, 5543700, 5699800, 5471500, 5473300, 5491000, 5840700] public_ns=5890650 approved_ns=74250 cpp_ns=18000 relation_ns=5679650 source=2ca74caf843b767b result=9981b35893e1a94f
case op=copy-ubyte w=256 h=128 layout=universal-negative public_raw=[2669900, 2395500, 3042200, 2549200, 2380200, 2510000, 2556300, 2582400, 2411800, 2596600, 2417900, 2396300] approved_raw=[68500, 68500, 69100, 71800, 68700, 68700, 87900, 71600, 94100, 68500, 69000, 68500] cpp_raw=[98300, 98300, 111300, 112400, 98300, 147100, 98200, 170200, 98400, 98200, 98300, 98300] relation_raw=[2417500, 2299400, 2349900, 2534700, 2642900, 2301700, 2713600, 2519200, 2395700, 2362100, 2372100, 2350700] public_ns=2529600 approved_ns=68850 cpp_ns=98300 relation_ns=2383900 source=aee6fc6fec93767b result=e78d431e19cc88cf
case op=copy-float w=256 h=128 layout=universal-negative public_raw=[2750000, 2449300, 2548100, 2405200, 2431100, 2651900, 2579000, 2550500, 2519700, 2494700, 2495100, 2496600] approved_raw=[116900, 87100, 76700, 77100, 77100, 76800, 77400, 76400, 76600, 76600, 77600, 89900] cpp_raw=[163200, 107200, 107200, 123600, 107200, 107100, 107100, 107200, 107100, 107300, 107100, 107200] relation_raw=[2421400, 2392600, 2346500, 2478500, 2347400, 2337000, 2409300, 2383200, 2394600, 2400500, 2354900, 2421800] public_ns=2508150 approved_ns=77100 cpp_ns=107200 relation_ns=2393600 source=a257b6291ff8ce48 result=6438f003893e294f
case op=copy-Pod w=256 h=128 layout=universal-negative public_raw=[2356700, 2414700, 2549000, 2546800, 2412700, 2426400, 2597200, 2438400, 2441300, 2464600, 2439500, 2449900] approved_raw=[74800, 74700, 89300, 75300, 74900, 74800, 75000, 75400, 75400, 74900, 75000, 77200] cpp_raw=[107400, 107300, 107300, 107700, 107400, 107500, 107200, 107800, 107400, 108000, 107400, 107300] relation_raw=[2339000, 2338600, 2533500, 2527700, 2340600, 2328200, 2540800, 2655400, 2352100, 2417500, 2323600, 2447700] public_ns=2440400 approved_ns=75000 cpp_ns=107400 relation_ns=2384800 source=9d3846764beed812 result=da53e1b7f4d855ba
case op=convert-ubyte-float w=256 h=128 layout=universal-negative public_raw=[5612800, 6046700, 5770000, 5811100, 5646900, 5696600, 5638300, 5866100, 5685000, 5720200, 5734000, 5752700] approved_raw=[74500, 73400, 74100, 108700, 73900, 73500, 74600, 74600, 70800, 73500, 73800, 71000] cpp_raw=[18000, 18000, 18000, 18000, 18000, 17900, 18200, 18000, 18000, 18000, 18000, 18000] relation_raw=[5673300, 5533400, 5632600, 5598300, 5520900, 5674900, 5595600, 6489000, 6417700, 5521100, 5464600, 5456600] public_ns=5727100 approved_ns=73850 cpp_ns=18000 relation_ns=5596950 source=aee6fc6fec93767b result=b595bddcda97a94f
case op=copy-ubyte w=256 h=128 layout=repeated-source public_raw=[2437500, 2378000, 2386700, 2429500, 2374100, 2531700, 2372100, 2439200, 2513800, 2368200, 2381600, 2535100] approved_raw=[68200, 83500, 71400, 71200, 68000, 67900, 68000, 67900, 67800, 68000, 68000, 68000] cpp_raw=[900, 700, 800, 900, 900, 700, 700, 800, 900, 900, 700, 700] relation_raw=[2293500, 2518600, 2299500, 2569500, 2396900, 2288800, 2298600, 2456900, 2306700, 2298900, 2392900, 2313800] public_ns=2408100 approved_ns=68000 cpp_ns=800 relation_ns=2310250 source=b801a0f8ceb910a5 result=d702cf3fb5e29e3d
case op=copy-float w=256 h=128 layout=repeated-source public_raw=[2381400, 2376800, 2443700, 2849500, 2543600, 2406900, 2879400, 2468900, 2371100, 2365000, 2432000, 2457800] approved_raw=[76700, 76500, 68700, 308600, 76400, 76700, 76000, 76700, 76100, 71100, 76600, 76100] cpp_raw=[2200, 2400, 2200, 2900, 2100, 2100, 2200, 2200, 2900, 2100, 2500, 2500] relation_raw=[2385700, 2319800, 2359400, 2351800, 2420300, 2417100, 2399500, 2427300, 2338000, 2433300, 2389100, 2488900] public_ns=2437850 approved_ns=76450 cpp_ns=2200 relation_ns=2394300 source=2ab4dac9ab1576eb result=bf1783c6025d513d
case op=copy-Pod w=256 h=128 layout=repeated-source public_raw=[2982800, 2508400, 2594000, 2405000, 2440800, 2540300, 2744100, 2531800, 2511400, 2661000, 2772800, 2490500] approved_raw=[78800, 98700, 73600, 73300, 73100, 78000, 73100, 73100, 73200, 73100, 73200, 73200] cpp_raw=[3200, 3100, 3100, 3100, 3000, 4200, 3400, 3300, 3100, 3100, 3100, 3300] relation_raw=[2665600, 2466100, 2573900, 2403100, 2538300, 2615900, 2408300, 2411800, 2372300, 2373200, 2591800, 2520200] public_ns=2536050 approved_ns=73200 cpp_ns=3100 relation_ns=2493150 source=eeeb850fb0e39951 result=fb16e77c4b15ecf1
case op=convert-ubyte-float w=256 h=128 layout=repeated-source public_raw=[9779000, 9498500, 12796200, 9903800, 9488900, 10809600, 10263100, 9681800, 9583400, 10069900, 9380400, 10048800] approved_raw=[73700, 71100, 72900, 73000, 70300, 88500, 73300, 73900, 72700, 72700, 72800, 72700] cpp_raw=[2900, 2800, 2800, 3000, 2800, 3100, 3000, 3200, 3100, 3100, 2800, 3100] relation_raw=[9426900, 9818900, 9434200, 9841900, 9835900, 10079000, 9726400, 10038300, 9554300, 9782200, 9263800, 9237700] public_ns=9841400 approved_ns=72850 cpp_ns=3000 relation_ns=9754300 source=b801a0f8ceb910a5 result=8d94738f899eb13d
case op=copy-ubyte w=256 h=128 layout=zero-source public_raw=[661600, 606300, 623100, 758100, 605900, 678600, 604200, 617300, 630400, 638800, 605100, 622200] approved_raw=[68300, 68300, 68800, 68600, 68300, 68300, 68300, 79600, 68300, 81000, 68200, 68900] cpp_raw=[98500, 98300, 112900, 119300, 109000, 98300, 98300, 98300, 98400, 98200, 98300, 98400] relation_raw=[556900, 550500, 549500, 720200, 540400, 539800, 549900, 549800, 537900, 538400, 551400, 537600] public_ns=622650 approved_ns=68300 cpp_ns=98350 relation_ns=549650 source=ea3b47c803d61b61 result=805f2b0ca3e19e3d
case op=copy-float w=256 h=128 layout=zero-source public_raw=[727100, 779100, 617400, 625700, 846000, 617500, 623800, 615700, 617200, 626700, 621800, 683300] approved_raw=[77300, 75900, 103100, 79300, 76700, 75800, 76800, 76200, 73700, 76900, 73900, 76100] cpp_raw=[107100, 107100, 107200, 107200, 107400, 107100, 107100, 118400, 118300, 107100, 107000, 107100] relation_raw=[546400, 560200, 561100, 557500, 567700, 630700, 543700, 560600, 545900, 556800, 570600, 548000] public_ns=624750 approved_ns=76450 cpp_ns=107100 relation_ns=558850 source=3ee659a586185a17 result=d3a2f65955b6b13d
case op=copy-Pod w=256 h=128 layout=zero-source public_raw=[621700, 627100, 704400, 620400, 633700, 635300, 649600, 668300, 625000, 630700, 672900, 877300] approved_raw=[75500, 73600, 73600, 73500, 74300, 73400, 78600, 73900, 73500, 73500, 73600, 73700] cpp_raw=[121800, 107100, 107100, 107200, 124600, 107100, 107000, 107100, 107100, 107200, 107000, 107100] relation_raw=[537900, 538900, 767800, 559500, 546200, 543800, 558200, 560600, 566900, 584600, 552600, 538000] public_ns=634500 approved_ns=73600 cpp_ns=107100 relation_ns=555400 source=52489578602bbe06 result=ef186d4d74d56cf1
case op=convert-ubyte-float w=256 h=128 layout=zero-source public_raw=[1619300, 1659400, 1645400, 1658300, 2063300, 1662700, 1739500, 1861900, 1919800, 1617100, 1700700, 1668500] approved_raw=[74800, 72900, 76000, 93100, 70400, 91300, 71500, 74000, 73000, 72900, 74000, 73900] cpp_raw=[17900, 18000, 18100, 18100, 18000, 18000, 18000, 18000, 17900, 83200, 18000, 18000] relation_raw=[1535100, 1710700, 1552000, 1544100, 1474700, 1488200, 1584700, 1554300, 1662900, 1549900, 1480600, 1494100] public_ns=1665600 approved_ns=73950 cpp_ns=18000 relation_ns=1547000 source=ea3b47c803d61b61 result=fb8549580c3ab13d
case op=copy-ubyte w=2048 h=512 layout=contiguous public_raw=[28200, 26700, 48800, 46400, 42100, 99600, 28400, 30900, 24200, 33700, 30500, 37900] approved_raw=[2222800, 2247400, 2532400, 2986700, 2303000, 2627600, 2376100, 2788500, 2468200, 2238200, 2238600, 2400300] cpp_raw=[30300, 29500, 162600, 81200, 54700, 70900, 69000, 31800, 31600, 29900, 39400, 40200] relation_raw=[38006300, 38657100, 39833200, 41011000, 41115200, 40646600, 41751900, 42575200, 41635300, 41093500, 41725400, 42281100] public_ns=32300 approved_ns=2388200 cpp_ns=39800 relation_ns=41104350 source=2330a0f18d4d82a5 result=80d2fb93a399d2bd
case op=copy-float w=2048 h=512 layout=contiguous public_raw=[151900, 166400, 156000, 148600, 113500, 218400, 182100, 188500, 117500, 176800, 161600, 157800] approved_raw=[2648100, 2630500, 3337500, 2507500, 2541400, 2775400, 2619200, 2902800, 2610400, 2720000, 2541200, 2558600] cpp_raw=[124500, 150700, 132900, 159900, 133200, 245700, 144500, 148500, 127900, 120400, 144200, 153300] relation_raw=[41303500, 42757300, 39514900, 39398100, 40038800, 42478400, 46962500, 39452600, 39471500, 39697900, 42922900, 42411800] public_ns=159700 approved_ns=2624850 cpp_ns=144350 relation_ns=40671150 source=13b5de7322d2f7ab result=d89816c09b0f4fbd
case op=copy-Pod w=2048 h=512 layout=contiguous public_raw=[378700, 315800, 438800, 391700, 317800, 345500, 329200, 419900, 338700, 344200, 314900, 362800] approved_raw=[2557900, 2517600, 2536000, 2502000, 2438800, 2498000, 2603700, 2429400, 2444800, 2402800, 2454700, 2394500] cpp_raw=[538300, 331500, 385200, 355900, 316500, 365000, 330700, 335600, 339100, 344900, 336000, 341600] relation_raw=[38788800, 37961500, 38066600, 40834700, 40247500, 38494000, 39783000, 37719800, 37854300, 39619600, 37334400, 38561300] public_ns=344850 approved_ns=2476350 cpp_ns=340350 relation_ns=38527650 source=d8cd6555f4166151 result=59e0883c487093b1
case op=convert-ubyte-float w=2048 h=512 layout=contiguous public_raw=[4116500, 4127600, 4126400, 4431300, 4073500, 4066600, 4050100, 4438000, 6271000, 5419800, 4871700, 4932100] approved_raw=[2741200, 2806400, 2380600, 2444100, 2392100, 2411600, 2415100, 2369500, 2496600, 2419900, 2863800, 2621900] cpp_raw=[85500, 165200, 97600, 112600, 97200, 99300, 111600, 97600, 97100, 85400, 129200, 97700] relation_raw=[155975100, 162306800, 156141200, 155122700, 155316900, 155850800, 162063700, 161251000, 155952600, 161807400, 162152600, 163358700] public_ns=4279450 approved_ns=2432000 cpp_ns=97650 relation_ns=158696100 source=2330a0f18d4d82a5 result=8830660fbe034fbd
case op=copy-ubyte w=2048 h=512 layout=padded public_raw=[42505500, 45569300, 45148800, 43099200, 42337400, 41679400, 42420800, 43416500, 45731300, 46573700, 49803400, 48207000] approved_raw=[2354200, 2474000, 2316500, 2446400, 2322600, 2489500, 2500000, 2288900, 2345300, 2670400, 2467800, 2268000] cpp_raw=[31500, 29800, 36800, 42500, 31400, 32300, 34700, 264500, 57000, 33900, 33100, 33700] relation_raw=[39576000, 40103500, 39617700, 39332600, 39133800, 41271500, 40389900, 40609200, 41067600, 41984500, 44125800, 43160000] public_ns=44282650 approved_ns=2400300 cpp_ns=33800 relation_ns=40499550 source=ae83cf5b1e4efaa5 result=824b457e72415e3d
case op=copy-float w=2048 h=512 layout=padded public_raw=[46099000, 45432200, 47992800, 45551400, 42739900, 40546200, 44035300, 41917500, 41684600, 41529200, 41082600, 42155600] approved_raw=[2582500, 2813300, 2771300, 2790400, 2592600, 3310900, 2463600, 2495600, 2610400, 2569200, 4828100, 2545300] cpp_raw=[134000, 189400, 155300, 150900, 113400, 223400, 124300, 118800, 122000, 116000, 122600, 123400] relation_raw=[44014600, 41708500, 43646700, 41470800, 51124200, 40143900, 40383700, 41428100, 40560000, 40480600, 38977500, 39959300] public_ns=42447750 approved_ns=2601500 cpp_ns=123850 relation_ns=40994050 source=f707132824e3b60b result=7e1f3007cb46713d
case op=copy-Pod w=2048 h=512 layout=padded public_raw=[41778900, 50411500, 43482600, 43642300, 44171700, 41992300, 41372900, 45091000, 41970800, 40864100, 40861400, 43132100] approved_raw=[2530300, 2867900, 2691800, 2944200, 2400100, 2550900, 2511300, 2398000, 4032700, 2463600, 2497100, 2494300] cpp_raw=[323900, 630500, 380500, 342600, 339200, 341400, 545400, 363400, 359800, 344200, 362000, 401600] relation_raw=[48030900, 43204700, 44159300, 43353500, 42706100, 37985000, 39737100, 38328700, 38424400, 38776200, 38589500, 39266700] public_ns=42562200 approved_ns=2520800 cpp_ns=360900 relation_ns=39501900 source=e31314711d294711 result=cd84131d95f48cf1
case op=convert-ubyte-float w=2048 h=512 layout=padded public_raw=[161149700, 164296600, 162779300, 170457500, 170491100, 164962900, 162041700, 167547300, 165250100, 167347700, 174965600, 173042300] approved_raw=[2492200, 2398100, 2500600, 2532700, 2399700, 3685900, 2412100, 2659700, 2543900, 2439700, 2395600, 2422000] cpp_raw=[98000, 111600, 87400, 98200, 97500, 109100, 87100, 98000, 189700, 227200, 87900, 98200] relation_raw=[160500600, 158839800, 160345700, 163990000, 167471400, 162407600, 183161700, 158000100, 158767000, 166392000, 161047700, 158623700] public_ns=166298900 approved_ns=2465950 cpp_ns=98100 relation_ns=160774150 source=ae83cf5b1e4efaa5 result=a6f0b1d68eba713d
case op=copy-ubyte w=2048 h=512 layout=negative-source public_raw=[42161200, 45260800, 47683200, 43203000, 49773400, 45460100, 43516800, 42415200, 43827400, 45610400, 43543100, 42943000] approved_raw=[2675300, 2580600, 2327400, 2425600, 2237100, 2307200, 2380500, 2429600, 2950100, 2765600, 2563500, 2457200] cpp_raw=[45800, 35900, 119000, 42900, 49400, 116200, 42000, 37400, 326400, 41800, 47800, 35600] relation_raw=[41959000, 40528400, 40383100, 40462100, 48427600, 49587100, 39979100, 39590100, 43498900, 53728200, 41765700, 43727200] public_ns=43685250 approved_ns=2443400 cpp_ns=44350 relation_ns=41862350 source=ae83cf5b1e4efaa5 result=824b457e72415e3d
case op=copy-float w=2048 h=512 layout=negative-source public_raw=[45863000, 42109600, 42256800, 42030700, 43266300, 53677000, 50587700, 44430100, 101425600, 56533100, 46443000, 41955500] approved_raw=[2849500, 3016500, 3301100, 2531500, 2956400, 2959400, 2679800, 3604300, 5637500, 2640400, 3278100, 2911300] cpp_raw=[259300, 225500, 214700, 241300, 259800, 358100, 416200, 311200, 5449000, 343100, 498300, 353900] relation_raw=[40086500, 48167100, 40707400, 40822800, 51397000, 43257200, 41752200, 47406600, 46688800, 50960400, 43004400, 49299500] public_ns=45146550 approved_ns=2957900 cpp_ns=327150 relation_ns=44973000 source=f707132824e3b60b result=7e1f3007cb46713d
case op=copy-Pod w=2048 h=512 layout=negative-source public_raw=[197677400, 41264000, 41705000, 41301700, 49161000, 42037300, 40403900, 45299200, 45382800, 46085200, 43245400, 42180800] approved_raw=[2559300, 2661800, 2600500, 2868300, 2854100, 3033900, 2573300, 2879300, 2949800, 2798400, 2831300, 3082200] cpp_raw=[794500, 587300, 547300, 640100, 619200, 769100, 607500, 650300, 749700, 730600, 628000, 4682100] relation_raw=[40173900, 39234600, 39918000, 39336700, 42224900, 39871400, 38387900, 38704300, 46663400, 44208600, 40568700, 42037700] public_ns=42713100 approved_ns=2842700 cpp_ns=645200 relation_ns=40045950 source=a98d88b93a2d4711 result=cd84131d95f48cf1
case op=convert-ubyte-float w=2048 h=512 layout=negative-source public_raw=[174866000, 197256900, 172418000, 173886700, 161202800, 168564400, 171326000, 171246500, 166170600, 165472800, 160422400, 163845000] approved_raw=[2797700, 2392200, 2754100, 2464600, 2440900, 2557700, 4025600, 2802700, 2394700, 2495300, 2404300, 2446400] cpp_raw=[314100, 119600, 229700, 112500, 115900, 119400, 409700, 118300, 129100, 138400, 241800, 433100] relation_raw=[160561100, 159848300, 198175400, 168716800, 161736800, 163845800, 169660700, 163609800, 162741400, 166396900, 163003000, 163566400] public_ns=169905450 approved_ns=2479950 cpp_ns=133750 relation_ns=163588100 source=ae83cf5b1e4efaa5 result=a6f0b1d68eba713d
case op=copy-ubyte w=2048 h=512 layout=negative-both public_raw=[42445000, 42306000, 43561300, 43628500, 40973100, 44786000, 41679300, 41773000, 43148700, 41077000, 42098500, 41546000] approved_raw=[2416100, 2280900, 2671600, 2324800, 2270900, 2305200, 2419800, 2364300, 2297000, 2349300, 2541600, 2277900] cpp_raw=[36500, 44100, 49100, 67400, 28400, 33700, 31500, 151900, 60600, 58400, 64500, 54800] relation_raw=[39666000, 41458100, 41085900, 38973100, 41269000, 38607500, 39597700, 40035600, 38490800, 39541700, 38567200, 41084300] public_ns=42202250 approved_ns=2337050 cpp_ns=51950 relation_ns=39631850 source=ae83cf5b1e4efaa5 result=824b457e72415e3d
case op=copy-float w=2048 h=512 layout=negative-both public_raw=[43898200, 41746900, 41387600, 42333700, 42363200, 41813300, 40823500, 40941800, 40202100, 41957500, 41069400, 42956500] approved_raw=[2662500, 2800600, 3695300, 2614300, 2546600, 2543400, 2558700, 2518900, 2566500, 2551200, 2538000, 3390700] cpp_raw=[164400, 156300, 200200, 192900, 1095400, 144800, 185100, 163600, 180300, 158300, 200800, 277500] relation_raw=[39590700, 38633400, 41757700, 38413200, 39975800, 38575000, 38493700, 38665900, 37891300, 37895200, 37965500, 40352400] public_ns=41780100 approved_ns=2562600 cpp_ns=182700 relation_ns=38604200 source=f707132824e3b60b result=7e1f3007cb46713d
case op=copy-Pod w=2048 h=512 layout=negative-both public_raw=[41081000, 41240300, 41679400, 41396900, 46109400, 44427500, 43112400, 43163800, 42509600, 43071900, 41558600, 41599300] approved_raw=[2785500, 2805600, 2887400, 2638400, 2613700, 2540900, 2674900, 2712900, 2678300, 2994000, 2731800, 2882300] cpp_raw=[600700, 616400, 750800, 546200, 813100, 685700, 579400, 670700, 927000, 713900, 617800, 642100] relation_raw=[39492100, 38789200, 38825200, 38667000, 39227800, 38940300, 39460100, 41537200, 39750000, 40412200, 39281900, 38526300] public_ns=42094500 approved_ns=2722350 cpp_ns=656400 relation_ns=39254850 source=a98d88b93a2d4711 result=35d2d67477ff8cf1
case op=convert-ubyte-float w=2048 h=512 layout=negative-both public_raw=[170357300, 174812700, 175467100, 182419200, 178340100, 174094100, 174191200, 164851400, 161402600, 169605600, 163357800, 162014000] approved_raw=[2479000, 2773700, 2802200, 2829800, 2518300, 2683600, 3440200, 2416600, 2658900, 2446800, 2417600, 2495600] cpp_raw=[135700, 138900, 149700, 617900, 331300, 172800, 172600, 140700, 162000, 133400, 148000, 123700] relation_raw=[161740700, 163333500, 161805800, 173097000, 168853000, 169111800, 167065700, 196979700, 159847100, 159918700, 160715900, 157247200] public_ns=172225700 approved_ns=2588600 cpp_ns=148850 relation_ns=162569650 source=ae83cf5b1e4efaa5 result=a6f0b1d68eba713d
case op=copy-ubyte w=2048 h=512 layout=universal public_raw=[42607700, 40918600, 42399200, 41566100, 41910500, 44321400, 41762600, 41404100, 45092000, 40910400, 40567400, 40801800] approved_raw=[2435400, 2354400, 2311500, 2247600, 2295100, 2305800, 2251700, 2254900, 2370900, 2298100, 2257700, 2244300] cpp_raw=[3494700, 3364900, 3189900, 3246600, 3213700, 3332600, 3365900, 3295800, 3186900, 3203000, 3186700, 3501700] relation_raw=[39024300, 44908400, 38864900, 39347900, 39084900, 38505800, 38808500, 38781200, 38796200, 38181100, 40099500, 39655700] public_ns=41664350 approved_ns=2296600 cpp_ns=3271200 relation_ns=38944600 source=546dc88cf162767b result=b53972f2ee1fc8cf
case op=copy-float w=2048 h=512 layout=universal public_raw=[42212700, 41899600, 41392100, 41351100, 41827400, 44777800, 45849000, 43069600, 42186300, 43367300, 47407800, 42859300] approved_raw=[2540500, 2570900, 2496600, 2510200, 2542100, 2547900, 2587200, 2541100, 3450300, 2652300, 4552200, 2496300] cpp_raw=[3518900, 3702400, 3458500, 3650600, 4326600, 3733200, 3633400, 3579300, 3496800, 3545800, 3489700, 3480000] relation_raw=[41533400, 39192200, 40140300, 37982800, 38922000, 44361500, 44041100, 41034300, 39225300, 40985300, 38966700, 46705800] public_ns=42536000 approved_ns=2545000 cpp_ns=3562550 relation_ns=40562800 source=4f1036148aacde48 result=1d8ea0b52256e94f
case op=copy-Pod w=2048 h=512 layout=universal public_raw=[42276900, 43164800, 48734100, 40941100, 40914300, 41034800, 42266500, 40658800, 39563900, 41249800, 40590800, 41792000] approved_raw=[2918200, 3194800, 2773100, 2557300, 2461000, 2472900, 2572500, 2471300, 2425200, 2451500, 2651600, 2691200] cpp_raw=[4306300, 4681200, 3624800, 3628100, 3583400, 3497800, 3499900, 3512200, 3500800, 3489000, 3631000, 4328000] relation_raw=[41989000, 40499600, 39522200, 44535100, 36831900, 37557300, 38947400, 40232000, 39444700, 38475600, 38205000, 42793100] public_ns=41142300 approved_ns=2564900 cpp_ns=3604100 relation_ns=39483450 source=196bf4d6cf5eb812 result=fc9731c7256835ba
case op=convert-ubyte-float w=2048 h=512 layout=universal public_raw=[110704500, 97745500, 102499100, 96302300, 102995200, 93781000, 93560900, 94139700, 96268100, 95777900, 95839800, 109227500] approved_raw=[2426200, 2424700, 2492000, 2489600, 2439700, 2506000, 2407300, 2436100, 2428600, 2407900, 2507800, 2406300] cpp_raw=[596300, 613300, 686700, 639700, 621000, 596300, 584700, 628100, 600200, 581500, 615000, 596900] relation_raw=[89134800, 90866200, 94467800, 93920000, 88837000, 90273400, 92778700, 88239900, 90196000, 88903700, 89625000, 90740700] public_ns=96285200 approved_ns=2432350 cpp_ns=606750 relation_ns=90234700 source=546dc88cf162767b result=24fea8e2dff2e94f
case op=copy-ubyte w=2048 h=512 layout=universal-negative public_raw=[40490300, 41315300, 40106900, 43404400, 40714400, 40750300, 40952200, 42140400, 39818000, 46958400, 44334300, 43101100] approved_raw=[2309400, 2393300, 2363000, 2237400, 2254400, 2231400, 2231800, 2228400, 3578500, 2643200, 2369200, 2703500] cpp_raw=[3666500, 3499300, 3209300, 3245600, 3194000, 3204500, 3623400, 3242100, 3334200, 3196100, 3309200, 3176900] relation_raw=[41980200, 38228000, 40265900, 37138100, 37838200, 38059200, 37306000, 37357600, 42171300, 43937800, 39816500, 40901500] public_ns=41133750 approved_ns=2336200 cpp_ns=3243850 relation_ns=39022250 source=46067b9fc62767b result=6220d181b93fc8cf
case op=copy-float w=2048 h=512 layout=universal-negative public_raw=[41116100, 42060100, 41983800, 43525100, 46533500, 44758600, 41943500, 41708100, 44819400, 42088500, 41981000, 43592900] approved_raw=[3110400, 2576300, 2632500, 2711300, 2677200, 2570300, 2540200, 4274400, 2663900, 2624200, 2547400, 2619100] cpp_raw=[3571500, 3709200, 3862100, 3845700, 3694300, 3728000, 4650200, 3562200, 3543700, 4029400, 3623100, 3574900] relation_raw=[40030200, 39382000, 40860900, 42012800, 39445700, 44109000, 40801000, 40773900, 40476200, 39328000, 38364500, 40224000] public_ns=42074300 approved_ns=2628350 cpp_ns=3701750 relation_ns=40350100 source=51109e231b84de48 result=d2e235024092e94f
case op=copy-Pod w=2048 h=512 layout=universal-negative public_raw=[44630700, 42452300, 53012900, 43799000, 47291200, 41100700, 44700800, 42998100, 46250300, 60166100, 48987700, 44452300] approved_raw=[2699600, 2652800, 2746200, 2712700, 2545500, 2571000, 2836100, 2524900, 2624500, 2672400, 2436600, 2890600] cpp_raw=[3755400, 3651900, 3598500, 3892300, 4735800, 3720200, 3517900, 5278700, 3755500, 4319700, 4235000, 3745700] relation_raw=[46410900, 40626800, 39605800, 41949800, 40960200, 41742500, 44999800, 39150100, 45226700, 47177200, 47711600, 42793100] public_ns=44665750 approved_ns=2662600 cpp_ns=3755450 relation_ns=42371450 source=e1be015f3a91b812 result=17fc2f38b61735ba
case op=convert-ubyte-float w=2048 h=512 layout=universal-negative public_raw=[96022800, 94700700, 103320000, 95354800, 100598000, 98011300, 97887000, 107747600, 96951500, 100754000, 100472600, 103590600] approved_raw=[2506600, 2721500, 2395000, 2434000, 2440800, 2439900, 2380200, 2403200, 2660400, 2490300, 3851200, 2730300] cpp_raw=[602800, 894600, 584000, 612800, 599300, 716100, 603000, 598500, 598500, 594300, 599600, 908500] relation_raw=[100419800, 93425800, 94597000, 92636500, 94316100, 103967700, 97921800, 107619000, 94122500, 102037600, 94613100, 102052100] public_ns=99241950 approved_ns=2465550 cpp_ns=601200 relation_ns=96267450 source=46067b9fc62767b result=940c5552cb46e94f
case op=copy-ubyte w=2048 h=512 layout=repeated-source public_raw=[43283200, 50967500, 50794400, 50312700, 45938000, 46184000, 41954500, 40794200, 42721800, 45124100, 42643000, 41973600] approved_raw=[2545400, 2348700, 2299900, 2396800, 2423500, 3213400, 2513700, 2271800, 2310400, 2227800, 2316500, 2242600] cpp_raw=[14300, 14600, 15100, 15600, 14400, 14700, 15200, 14500, 14900, 15000, 16100, 74900] relation_raw=[38873500, 51299200, 38218100, 39845400, 43120100, 44097300, 40084900, 42031100, 44127300, 41411900, 39320300, 42836300] public_ns=44203650 approved_ns=2332600 cpp_ns=14950 relation_ns=41721500 source=6e453727bce9f2a5 result=824b457e72415e3d
case op=copy-float w=2048 h=512 layout=repeated-source public_raw=[41586500, 43102300, 42384200, 44561400, 42847100, 48576600, 41226000, 46552600, 43630200, 44778600, 41980700, 42147400] approved_raw=[2514900, 2707000, 2615700, 2654900, 2489900, 2641300, 2634400, 2502800, 2908200, 2590800, 2730200, 2986000] cpp_raw=[58800, 59800, 75600, 85700, 59000, 60300, 62500, 60100, 60200, 60200, 65600, 138500] relation_raw=[39559500, 39887100, 41236000, 41154500, 43950000, 50123600, 39260500, 39291500, 42246800, 40533600, 40795200, 37808200] public_ns=42974700 approved_ns=2637850 cpp_ns=60250 relation_ns=40664400 source=1890cde25c8499ab result=7e1f3007cb46713d
case op=copy-Pod w=2048 h=512 layout=repeated-source public_raw=[45468800, 44001900, 44384600, 46877600, 43961500, 44505000, 42896600, 61807600, 53156500, 48734100, 44377600, 44909500] approved_raw=[2692000, 2415000, 2551800, 2413900, 2427000, 2764500, 2417100, 2531200, 2739100, 2951300, 2535300, 2457300] cpp_raw=[226000, 145400, 135200, 150900, 133700, 156500, 146500, 248900, 260300, 238200, 147900, 143700] relation_raw=[39493700, 69931900, 39266100, 40045900, 41054300, 39057400, 41778500, 44755900, 41601500, 41865400, 43916700, 41434000] public_ns=44707250 approved_ns=2533250 cpp_ns=149400 relation_ns=41517750 source=20f0ed2a5964e151 result=29ff1e71f7668cf1
case op=convert-ubyte-float w=2048 h=512 layout=repeated-source public_raw=[183811400, 166174900, 173289500, 172610400, 162659100, 179207000, 181557600, 167044000, 164828600, 162189300, 161799700, 165836700] approved_raw=[4302100, 2524000, 2381900, 3241000, 2470400, 2656200, 2584700, 2383600, 2375900, 2399700, 2393300, 2495400] cpp_raw=[97200, 97200, 85700, 110800, 97700, 97200, 97500, 85600, 97200, 100100, 87100, 85300] relation_raw=[166484600, 164051800, 182600200, 172066600, 161391400, 162811800, 164464900, 162346200, 160149300, 158009600, 159778100, 155453200] public_ns=166609450 approved_ns=2482900 cpp_ns=97200 relation_ns=162579000 source=6e453727bce9f2a5 result=a6f0b1d68eba713d
case op=copy-ubyte w=2048 h=512 layout=zero-source public_raw=[12773100, 13773200, 11537000, 12427500, 11491700, 11003000, 11156600, 11673900, 11624400, 11743700, 11878000, 13457300] approved_raw=[2589200, 2637800, 2275600, 2308700, 2420300, 2225300, 2302800, 2426000, 2290600, 3490000, 2234400, 2427000] cpp_raw=[3587300, 3691400, 3455400, 3283700, 3517100, 3186600, 3182800, 3397700, 3394900, 3768700, 3171800, 3262000] relation_raw=[9968700, 10347900, 10238500, 8953800, 9026500, 8805700, 9164800, 9188000, 8987400, 9312600, 8977100, 10717000] public_ns=11708800 approved_ns=2364500 cpp_ns=3396300 relation_ns=9176400 source=ea3b47c803d61b61 result=f48fba1f72215e3d
case op=copy-float w=2048 h=512 layout=zero-source public_raw=[11353500, 12030900, 11685700, 11700600, 11573700, 13547400, 11803600, 11818800, 11400100, 12036900, 12188500, 11894100] approved_raw=[2571400, 2480000, 2585400, 2459500, 2502100, 4508100, 2617000, 2562200, 2487200, 2542000, 2762700, 2579100] cpp_raw=[3544600, 3541000, 3803900, 3861600, 3612700, 4327800, 3675900, 3937100, 3564700, 3481200, 3492100, 3557900] relation_raw=[9009300, 9190300, 10388800, 9318400, 9569600, 9695900, 9243600, 9436500, 9044600, 9478700, 9466500, 8969400] public_ns=11811200 approved_ns=2566800 cpp_ns=3588700 relation_ns=9377450 source=3ee659a586185a17 result=3010c258495a713d
case op=copy-Pod w=2048 h=512 layout=zero-source public_raw=[11516300, 11536400, 11544000, 11550700, 11355900, 11294000, 11402400, 11446400, 11459300, 11334600, 11709800, 12663900] approved_raw=[2413600, 2648800, 2386800, 2434200, 2405500, 2419900, 2441600, 2628100, 2436200, 2478300, 2436300, 2433700] cpp_raw=[6039200, 4108200, 3807300, 3815100, 3773800, 3718300, 3763300, 3690100, 3708700, 3793500, 3693200, 3747800] relation_raw=[13110100, 11343300, 8914400, 10306900, 9059000, 8754700, 8964700, 10043100, 9309800, 9110400, 8824800, 8969700] public_ns=11487800 approved_ns=2435200 cpp_ns=3768550 relation_ns=9084700 source=10734a11a61fbe06 result=14eb8df45bd38cf1
case op=convert-ubyte-float w=2048 h=512 layout=zero-source public_raw=[30752600, 29422100, 29255500, 30348800, 29150300, 32079500, 31052200, 29693700, 29607400, 29685500, 29880400, 30976800] approved_raw=[2455700, 2446000, 2610100, 2568900, 2459400, 2507200, 2529800, 2769200, 2477600, 2515500, 2610400, 2475500] cpp_raw=[1467800, 590300, 614100, 575400, 598500, 575500, 607500, 596600, 575200, 681600, 574400, 605600] relation_raw=[26130000, 24962600, 24787100, 24441000, 24489500, 24808400, 26275200, 24910700, 25287100, 25781800, 26009500, 28258000] public_ns=29787050 approved_ns=2511350 cpp_ns=597550 relation_ns=25124850 source=ea3b47c803d61b61 result=1ea1c940ba66713d
m3_copy_conversion PASS cases=96 sink=13023336492318211668
