contracts PASS four-operations invalid/shape/noninjective/overlap/empty/no-write shared-disjoint
semantic PASS cases=32 bitwise-copy all256-conversion source-padding
case op=copy-ubyte w=31 h=17 layout=contiguous public_raw=[0, 0, 0, 0, 0, 0, 0, 0, 0, 0, 200, 0] approved_raw=[1100, 1100, 1100, 1100, 1100, 1100, 1100, 1100, 1100, 1100, 1200, 1100] cpp_raw=[100, 0, 0, 0, 0, 0, 0, 0, 0, 0, 0, 100] relation_raw=[40300, 40300, 40300, 40300, 40300, 40300, 40300, 40300, 40300, 40300, 103800, 40300] public_ns=0 approved_ns=1100 cpp_ns=0 relation_ns=40300 source=e1cb0bb018788cd9 result=6b280f993832c319
case op=copy-float w=31 h=17 layout=contiguous public_raw=[0, 100, 0, 100, 0, 0, 0, 0, 0, 0, 0, 0] approved_raw=[1100, 1200, 1100, 1200, 1200, 1200, 1100, 1200, 1200, 1200, 1200, 1200] cpp_raw=[100, 0, 0, 0, 0, 0, 0, 0, 0, 0, 0, 0] relation_raw=[40300, 40300, 40300, 40300, 40300, 40300, 40300, 40300, 40300, 40300, 40300, 40300] public_ns=0 approved_ns=1200 cpp_ns=0 relation_ns=40300 source=6128204049c0da83 result=264b3169180ebd4b
case op=copy-Pod w=31 h=17 layout=contiguous public_raw=[100, 100, 100, 100, 100, 100, 100, 100, 0, 100, 100, 100] approved_raw=[1100, 1200, 1200, 1200, 1200, 1200, 1200, 1200, 1200, 1200, 1200, 1200] cpp_raw=[100, 100, 100, 100, 100, 100, 100, 100, 100, 100, 100, 100] relation_raw=[40300, 40300, 40300, 105800, 40300, 40400, 40400, 40400, 40400, 40400, 40300, 40400] public_ns=100 approved_ns=1200 cpp_ns=100 relation_ns=40400 source=db360484f487691a result=968b62c61598975a
case op=convert-ubyte-float w=31 h=17 layout=contiguous public_raw=[2100, 2200, 2100, 2100, 2100, 2100, 2200, 2000, 2100, 2000, 2100, 2200] approved_raw=[1200, 1200, 1200, 1200, 1200, 1200, 1200, 1200, 1200, 1100, 1200, 1200] cpp_raw=[100, 100, 100, 100, 100, 100, 100, 100, 100, 100, 100, 100] relation_raw=[174700, 161700, 161800, 161800, 161800, 161800, 176300, 161800, 161700, 161700, 191300, 180300] public_ns=2100 approved_ns=1200 cpp_ns=100 relation_ns=161800 source=e1cb0bb018788cd9 result=1bb7b2c2179a648f
case op=copy-ubyte w=31 h=17 layout=padded public_raw=[41300, 41300, 41300, 41300, 41300, 41300, 41300, 56000, 41500, 41500, 41500, 41500] approved_raw=[1100, 1100, 1100, 1100, 1100, 1100, 1100, 1100, 1100, 1100, 1100, 1100] cpp_raw=[0, 0, 0, 0, 0, 0, 0, 0, 0, 0, 0, 0] relation_raw=[40300, 40300, 40300, 40300, 40300, 40300, 40300, 40300, 40200, 42500, 40200, 40300] public_ns=41300 approved_ns=1100 cpp_ns=0 relation_ns=40300 source=4d0b0939d89e40d9 result=5f21f5ea6035ff19
case op=copy-float w=31 h=17 layout=padded public_raw=[41400, 41300, 481400, 41700, 41600, 41400, 41400, 41400, 41600, 41400, 41500, 41500] approved_raw=[1200, 1200, 1400, 1200, 1200, 1200, 1200, 1200, 1100, 1100, 1200, 1200] cpp_raw=[0, 0, 0, 100, 0, 0, 0, 0, 0, 0, 0, 100] relation_raw=[40300, 40300, 40700, 40400, 40300, 40300, 40300, 40300, 40300, 40300, 59500, 40300] public_ns=41450 approved_ns=1200 cpp_ns=0 relation_ns=40300 source=ebb5b7eaf5f43283 result=3851810ac565964b
case op=copy-Pod w=31 h=17 layout=padded public_raw=[41500, 41400, 41400, 144900, 41500, 41400, 41400, 41400, 41400, 41400, 41400, 41400] approved_raw=[1200, 1200, 1600, 1200, 1200, 1200, 1200, 1200, 1200, 1100, 1200, 1200] cpp_raw=[100, 0, 0, 100, 100, 100, 0, 100, 0, 0, 0, 100] relation_raw=[40400, 40400, 40400, 40500, 40400, 40400, 40400, 40400, 40400, 40400, 40400, 40400] public_ns=41400 approved_ns=1200 cpp_ns=50 relation_ns=40400 source=b28d4f242a91b51a result=7438cdf3ee88135a
case op=convert-ubyte-float w=31 h=17 layout=padded public_raw=[306000, 162300, 185800, 162200, 162100, 162400, 162200, 162100, 177700, 220400, 181700, 162300] approved_raw=[1200, 1200, 1200, 1100, 1100, 1200, 1200, 1100, 1100, 1100, 1500, 1100] cpp_raw=[100, 100, 100, 100, 100, 100, 100, 100, 100, 100, 100, 100] relation_raw=[161100, 160700, 160700, 160000, 241300, 181700, 160100, 160200, 159900, 159800, 160000, 202200] public_ns=162350 approved_ns=1150 cpp_ns=100 relation_ns=160450 source=4d0b0939d89e40d9 result=5a1bf5670dd4dc8f
case op=copy-ubyte w=31 h=17 layout=negative-source public_raw=[41500, 41500, 41500, 41500, 42300, 41400, 41400, 41400, 41400, 41400, 41400, 41400] approved_raw=[1100, 1100, 1100, 1100, 1100, 1100, 1100, 1100, 1100, 1100, 1100, 1100] cpp_raw=[0, 0, 0, 100, 0, 0, 0, 0, 0, 0, 0, 0] relation_raw=[40300, 40300, 40300, 40300, 40300, 42700, 40400, 40300, 40300, 40400, 40300, 40300] public_ns=41400 approved_ns=1100 cpp_ns=0 relation_ns=40300 source=1218578f96e3de39 result=5f21f5ea6035ff19
case op=copy-float w=31 h=17 layout=negative-source public_raw=[41400, 41400, 41600, 41300, 41500, 41400, 41400, 41300, 41500, 41300, 41500, 41500] approved_raw=[1200, 1200, 1200, 1200, 1200, 1200, 1100, 1200, 1200, 1200, 1200, 1200] cpp_raw=[0, 0, 0, 0, 0, 0, 0, 0, 0, 0, 0, 100] relation_raw=[44500, 40300, 40200, 40300, 40300, 40300, 40300, 40300, 40300, 40300, 54500, 40300] public_ns=41400 approved_ns=1200 cpp_ns=0 relation_ns=40300 source=d55c0938ea65990b result=3851810ac565964b
case op=copy-Pod w=31 h=17 layout=negative-source public_raw=[41400, 41500, 41500, 41500, 60800, 41600, 41500, 41500, 41500, 41500, 41500, 41500] approved_raw=[1200, 1200, 1200, 1100, 1200, 1200, 1200, 1200, 1200, 1200, 1200, 1100] cpp_raw=[0, 100, 100, 0, 100, 0, 0, 0, 100, 100, 0, 100] relation_raw=[40300, 40300, 40300, 40300, 40400, 40400, 40400, 40400, 40300, 40300, 40400, 40400] public_ns=41500 approved_ns=1200 cpp_ns=50 relation_ns=40350 source=4cb52a65f8334f3a result=7438cdf3ee88135a
case op=convert-ubyte-float w=31 h=17 layout=negative-source public_raw=[162500, 162700, 162400, 162400, 163300, 163300, 176800, 162500, 162500, 285700, 162300, 178600] approved_raw=[1100, 1200, 1200, 1200, 1100, 1100, 1200, 1100, 1100, 1100, 1200, 1200] cpp_raw=[100, 100, 100, 100, 100, 100, 100, 100, 100, 100, 100, 100] relation_raw=[180300, 171800, 160000, 160000, 159900, 159900, 159900, 160000, 160000, 160000, 160000, 159900] public_ns=162600 approved_ns=1150 cpp_ns=100 relation_ns=160000 source=1218578f96e3de39 result=5a1bf5670dd4dc8f
case op=copy-ubyte w=31 h=17 layout=negative-both public_raw=[41500, 41400, 41400, 41400, 41400, 41400, 41400, 41400, 254800, 41400, 41300, 41300] approved_raw=[1100, 1100, 1100, 1100, 1100, 1100, 1100, 1100, 1100, 1100, 1100, 1100] cpp_raw=[100, 0, 0, 0, 0, 0, 0, 100, 100, 0, 0, 0] relation_raw=[40200, 40200, 40200, 40200, 40200, 40200, 40200, 40200, 40200, 42400, 40200, 40200] public_ns=41400 approved_ns=1100 cpp_ns=0 relation_ns=40200 source=1218578f96e3de39 result=14b2232dcdfde519
case op=copy-float w=31 h=17 layout=negative-both public_raw=[41400, 41300, 41300, 41400, 52000, 41500, 41400, 41200, 41400, 41200, 41200, 41200] approved_raw=[1200, 1200, 1200, 1100, 1200, 1400, 1100, 1100, 1200, 1200, 1100, 1200] cpp_raw=[100, 0, 0, 100, 100, 100, 0, 0, 0, 0, 0, 0] relation_raw=[40100, 40100, 40100, 51200, 40800, 80500, 40200, 40200, 40200, 40200, 40200, 40200] public_ns=41350 approved_ns=1200 cpp_ns=0 relation_ns=40200 source=d55c0938ea65990b result=88af284ef50a9e03
case op=copy-Pod w=31 h=17 layout=negative-both public_raw=[52500, 103800, 41500, 41400, 41400, 41500, 61600, 41500, 46100, 41600, 41400, 41400] approved_raw=[1200, 1200, 1100, 1200, 1100, 1100, 1200, 1200, 1200, 1200, 1100, 1200] cpp_raw=[100, 100, 100, 100, 0, 100, 100, 100, 100, 100, 100, 100] relation_raw=[40300, 40300, 40300, 40300, 40300, 40300, 40200, 40200, 40300, 40200, 40200, 40200] public_ns=41500 approved_ns=1200 cpp_ns=100 relation_ns=40300 source=4cb52a65f8334f3a result=ba5b3439bff1663a
case op=convert-ubyte-float w=31 h=17 layout=negative-both public_raw=[161900, 162100, 161800, 198200, 162300, 162300, 174700, 165700, 163100, 162100, 162000, 230000] approved_raw=[1200, 1200, 1200, 1200, 1200, 1200, 1200, 1700, 1200, 1100, 1200, 1300] cpp_raw=[100, 100, 100, 100, 100, 100, 100, 100, 100, 100, 100, 100] relation_raw=[159700, 176800, 159600, 214400, 159900, 159900, 186600, 160200, 159700, 178000, 171100, 359700] public_ns=162300 approved_ns=1200 cpp_ns=100 relation_ns=165650 source=1218578f96e3de39 result=a84d7158b568dc8f
case op=copy-ubyte w=31 h=17 layout=universal public_raw=[41300, 41500, 41400, 59700, 41400, 41300, 41300, 41300, 41300, 41300, 41300, 57900] approved_raw=[1100, 1100, 1200, 1100, 1100, 1100, 1100, 1100, 1100, 1100, 1100, 1100] cpp_raw=[1600, 4000, 1600, 1600, 1600, 1600, 1600, 1600, 1600, 1600, 1600, 1600] relation_raw=[233700, 80300, 40300, 40300, 40200, 40300, 40300, 40300, 40300, 40300, 40300, 40300] public_ns=41300 approved_ns=1100 cpp_ns=1600 relation_ns=40300 source=104e8d8f8fae3401 result=94a85d26ce182761
case op=copy-float w=31 h=17 layout=universal public_raw=[41400, 41300, 41300, 41300, 41400, 41300, 41300, 41300, 41400, 41400, 41500, 41400] approved_raw=[1200, 1200, 1100, 1200, 1200, 1100, 1200, 1200, 1100, 1200, 1200, 1200] cpp_raw=[1700, 1700, 1700, 1700, 1700, 1700, 1700, 1700, 1700, 1700, 1700, 1700] relation_raw=[40200, 40200, 40200, 40200, 40200, 40200, 40200, 40200, 53100, 40200, 40200, 40200] public_ns=41350 approved_ns=1200 cpp_ns=1700 relation_ns=40200 source=48f4c2fdc1746a4f result=d2f02840ab86d547
case op=copy-Pod w=31 h=17 layout=universal public_raw=[41500, 41400, 53000, 99700, 41500, 41400, 41400, 41400, 41500, 41700, 41500, 41500] approved_raw=[1200, 1200, 1200, 1200, 1200, 1200, 1200, 1200, 1200, 1200, 1200, 1200] cpp_raw=[1700, 1700, 1700, 1800, 1700, 1700, 1700, 1700, 1700, 1700, 1700, 1700] relation_raw=[40200, 40300, 40300, 44100, 40200, 40200, 40300, 40200, 40200, 60000, 40300, 40300] public_ns=41500 approved_ns=1200 cpp_ns=1700 relation_ns=40300 source=a443bfcbbed0823e result=e7d6d6f5c5dc3c8e
case op=convert-ubyte-float w=31 h=17 layout=universal public_raw=[95800, 97800, 97400, 117400, 97500, 97500, 97500, 97500, 110000, 95500, 95500, 95400] approved_raw=[1200, 1200, 1200, 1200, 1100, 1100, 1100, 1200, 1200, 1600, 1200, 1200] cpp_raw=[400, 300, 300, 300, 300, 300, 300, 300, 300, 600, 300, 300] relation_raw=[141400, 94900, 94800, 94800, 94700, 94700, 94700, 94700, 133400, 101000, 93800, 98700] public_ns=97500 approved_ns=1200 cpp_ns=300 relation_ns=94800 source=104e8d8f8fae3401 result=91affb8b2dfc4eb7
case op=copy-ubyte w=31 h=17 layout=universal-negative public_raw=[40700, 40700, 40600, 40600, 40600, 40600, 40600, 64500, 40700, 40700, 40700, 40700] approved_raw=[1100, 1100, 1100, 1100, 1100, 1100, 1100, 1100, 1100, 1100, 1100, 1100] cpp_raw=[1600, 1600, 1600, 1600, 1600, 1600, 1600, 1600, 1600, 1600, 1600, 1600] relation_raw=[39600, 39600, 39600, 39700, 39600, 39600, 39600, 39600, 39600, 98000, 39600, 39600] public_ns=40700 approved_ns=1100 cpp_ns=1600 relation_ns=39600 source=705335b9cf6847c1 result=2bfddff94a971f61
case op=copy-float w=31 h=17 layout=universal-negative public_raw=[40600, 40600, 40600, 40600, 40700, 40900, 40700, 40600, 40700, 40600, 40600, 40600] approved_raw=[1200, 1200, 1200, 1200, 1200, 1100, 1200, 1200, 1100, 1200, 1200, 1200] cpp_raw=[1700, 1700, 1700, 1700, 1700, 1800, 1700, 1700, 1700, 1700, 1700, 1700] relation_raw=[39600, 39600, 39600, 39600, 40400, 39600, 39500, 39500, 39500, 39500, 39500, 39500] public_ns=40600 approved_ns=1200 cpp_ns=1700 relation_ns=39550 source=eada538057fb86ef result=faa4d5eeeda68847
case op=copy-Pod w=31 h=17 layout=universal-negative public_raw=[40800, 40800, 40800, 40700, 41600, 41000, 41000, 40800, 40800, 40700, 40700, 40900] approved_raw=[1100, 1200, 1200, 1200, 1300, 1200, 1200, 1200, 1200, 1100, 1200, 1200] cpp_raw=[1700, 1700, 1700, 2000, 1700, 1700, 1700, 1700, 1700, 1700, 1700, 1700] relation_raw=[39600, 39600, 39500, 39600, 39700, 39600, 39600, 39600, 39600, 39600, 39700, 39500] public_ns=40800 approved_ns=1200 cpp_ns=1700 relation_ns=39600 source=7483a89971f477de result=c1c9f074f82c752e
case op=convert-ubyte-float w=31 h=17 layout=universal-negative public_raw=[97600, 97500, 97500, 97500, 97500, 98300, 98200, 98300, 98200, 98800, 98600, 98600] approved_raw=[1100, 1200, 1100, 1100, 1100, 1200, 1200, 1200, 1100, 1200, 1200, 1100] cpp_raw=[300, 300, 300, 11600, 300, 300, 300, 300, 300, 300, 300, 300] relation_raw=[95400, 95400, 95300, 95300, 107600, 96200, 96100, 96000, 107200, 106300, 96200, 96100] public_ns=98200 approved_ns=1150 cpp_ns=300 relation_ns=96100 source=705335b9cf6847c1 result=6cdfcfcdfb5c4eb7
case op=copy-ubyte w=31 h=17 layout=repeated-source public_raw=[41700, 41800, 41800, 41800, 41800, 41800, 41800, 41800, 41800, 57800, 41700, 54800] approved_raw=[1100, 1100, 1100, 1100, 1100, 1100, 1100, 1100, 1100, 1100, 1400, 1100] cpp_raw=[0, 0, 0, 0, 0, 0, 0, 0, 0, 0, 0, 0] relation_raw=[51200, 40400, 40400, 40400, 40400, 40400, 40400, 40400, 40400, 40400, 40500, 40500] public_ns=41800 approved_ns=1100 cpp_ns=0 relation_ns=40400 source=e456631d381264c9 result=79abf60b12593ba9
case op=copy-float w=31 h=17 layout=repeated-source public_raw=[41100, 41100, 41100, 41100, 41200, 41100, 41100, 41100, 41200, 41200, 41100, 41000] approved_raw=[1200, 1200, 1200, 1200, 1200, 1200, 1200, 1200, 1200, 1200, 1200, 1200] cpp_raw=[100, 0, 0, 0, 0, 0, 0, 0, 0, 100, 0, 0] relation_raw=[39900, 39900, 39900, 39900, 39900, 39900, 39900, 39900, 39800, 39800, 39800, 39800] public_ns=41100 approved_ns=1200 cpp_ns=0 relation_ns=39900 source=187f646e4a13563f result=adddf47c9b74a697
case op=copy-Pod w=31 h=17 layout=repeated-source public_raw=[41000, 41100, 41100, 41100, 41200, 41200, 41100, 41100, 41100, 41100, 41100, 41100] approved_raw=[1100, 1200, 1200, 1200, 1200, 1200, 1100, 1100, 1100, 1100, 1100, 1100] cpp_raw=[100, 100, 100, 100, 100, 100, 100, 100, 100, 100, 100, 100] relation_raw=[39900, 40000, 39900, 39900, 53400, 40000, 39900, 39900, 39900, 40000, 40000, 40000] public_ns=41100 approved_ns=1100 cpp_ns=100 relation_ns=39950 source=af5c371632147dfa result=b77ad4f97670f65a
case op=convert-ubyte-float w=31 h=17 layout=repeated-source public_raw=[162500, 321200, 166300, 166100, 186700, 165400, 165300, 163300, 162700, 184400, 162700, 162300] approved_raw=[1100, 1100, 1200, 1100, 1200, 1100, 1100, 1200, 1100, 1100, 1100, 1100] cpp_raw=[100, 100, 200, 100, 100, 100, 100, 100, 100, 100, 100, 100] relation_raw=[159900, 183400, 163200, 163100, 163300, 163300, 163300, 219200, 160700, 160700, 160000, 160000] public_ns=165350 approved_ns=1100 cpp_ns=100 relation_ns=163150 source=e456631d381264c9 result=9364c6c0b904dc8f
case op=copy-ubyte w=31 h=17 layout=zero-source public_raw=[10000, 10000, 10000, 10000, 10000, 10000, 10000, 10000, 10000, 10000, 10000, 10000] approved_raw=[1100, 1100, 1100, 1100, 1100, 1100, 1100, 1100, 1100, 1100, 1100, 1100] cpp_raw=[1600, 19900, 1600, 1600, 1600, 1600, 1600, 1600, 1600, 1600, 1600, 1600] relation_raw=[8900, 8900, 8900, 8900, 8900, 8900, 8900, 20800, 8900, 8900, 8900, 8900] public_ns=10000 approved_ns=1100 cpp_ns=1600 relation_ns=8900 source=53e35892b0900a36 result=c64ce8b5472789e4
case op=copy-float w=31 h=17 layout=zero-source public_raw=[10600, 10600, 10600, 10600, 10600, 10600, 10600, 10600, 10600, 10600, 10600, 10600] approved_raw=[1200, 1200, 1200, 1200, 1200, 1200, 1200, 1200, 1200, 1200, 1200, 1200] cpp_raw=[1700, 1700, 1700, 1700, 1700, 1700, 1700, 1700, 1700, 1700, 1700, 1700] relation_raw=[9500, 9500, 9400, 9500, 9500, 9500, 9500, 9500, 9500, 9500, 9500, 9500] public_ns=10600 approved_ns=1200 cpp_ns=1700 relation_ns=9500 source=48a265c435185a17 result=a412cbd3d3c5dc8f
case op=copy-Pod w=31 h=17 layout=zero-source public_raw=[10700, 10700, 10700, 10700, 10700, 10700, 10700, 10700, 10700, 10800, 10800, 10800] approved_raw=[1200, 1200, 1200, 1200, 1200, 1200, 1200, 1200, 1200, 1100, 1200, 1100] cpp_raw=[1700, 1700, 1700, 1700, 1700, 1700, 1700, 1700, 1700, 1700, 1700, 1700] relation_raw=[9600, 9600, 9600, 9600, 9600, 9600, 9500, 9600, 9600, 9500, 9500, 9500] public_ns=10700 approved_ns=1200 cpp_ns=1700 relation_ns=9600 source=6b0827ecdc4a539a result=3ed4b3ed28cdbf2
case op=convert-ubyte-float w=31 h=17 layout=zero-source public_raw=[27900, 27900, 27900, 27900, 27900, 27900, 27900, 27900, 27900, 27900, 27900, 40000] approved_raw=[1100, 1100, 1100, 1100, 1100, 1100, 1100, 1100, 1100, 1100, 1100, 1100] cpp_raw=[300, 300, 300, 300, 300, 300, 300, 300, 300, 300, 300, 300] relation_raw=[25700, 25700, 25700, 25700, 25700, 25700, 25700, 25700, 25700, 25700, 25700, 25700] public_ns=27900 approved_ns=1100 cpp_ns=300 relation_ns=25700 source=53e35892b0900a36 result=7db46195730ddc8f
case op=copy-ubyte w=256 h=128 layout=contiguous public_raw=[800, 900, 1600, 1200, 600, 900, 700, 900, 700, 2600, 1400, 600] approved_raw=[81900, 69400, 68400, 68800, 83500, 69200, 80500, 78200, 68000, 68500, 72100, 69500] cpp_raw=[900, 800, 2700, 1000, 800, 900, 900, 900, 900, 1100, 1100, 900] relation_raw=[2318500, 2323500, 3028100, 3548400, 2476600, 2324000, 2327700, 2529800, 3142400, 4583400, 5848100, 2352100] public_ns=900 approved_ns=69450 cpp_ns=900 relation_ns=2503200 source=e61b28efac3482a5 result=19f1026d069dd2bd
case op=copy-float w=256 h=128 layout=contiguous public_raw=[2500, 3000, 2500, 2700, 2400, 2700, 2500, 2400, 2300, 2600, 2600, 2600] approved_raw=[75900, 76200, 145900, 75700, 76000, 75900, 75900, 76000, 76600, 76100, 75800, 75900] cpp_raw=[2300, 2300, 2400, 2500, 2300, 2300, 2500, 2300, 2300, 2400, 2400, 2300] relation_raw=[2340800, 4398100, 2485800, 2374900, 2398100, 2342400, 2309300, 2336000, 2318000, 2322000, 2344100, 2342700] public_ns=2550 approved_ns=75950 cpp_ns=2300 relation_ns=2342550 source=94c035f8504217ab result=e20bab30ff99efbd
case op=copy-Pod w=256 h=128 layout=contiguous public_raw=[5000, 5100, 4900, 5100, 5100, 5000, 5200, 7100, 21600, 5300, 4800, 5600] approved_raw=[74000, 73900, 74200, 74000, 75100, 74700, 74100, 74100, 74800, 74600, 75900, 73900] cpp_raw=[5000, 4800, 5100, 4600, 5200, 141100, 5100, 4800, 4600, 4800, 5000, 4700] relation_raw=[2467800, 2327600, 2305300, 2581300, 2674500, 2346300, 2435300, 2400100, 2407300, 2327400, 2311600, 2370700] public_ns=5100 approved_ns=74150 cpp_ns=4900 relation_ns=2385400 source=780acdd2b0446151 result=3e08e0fcd50e93b1
case op=convert-ubyte-float w=256 h=128 layout=contiguous public_raw=[124800, 124900, 124600, 141800, 124400, 125500, 125300, 125100, 124400, 124600, 124700, 137000] approved_raw=[70200, 87600, 73700, 87200, 74700, 75800, 74600, 74800, 72500, 86700, 73000, 72700] cpp_raw=[3000, 3100, 3400, 2700, 2700, 3200, 3200, 2900, 2700, 2800, 2800, 3100] relation_raw=[9836300, 11528300, 10339700, 9788400, 10145800, 10244000, 10187800, 14240800, 13327500, 9548900, 9432600, 9768600] public_ns=124850 approved_ns=74650 cpp_ns=2950 relation_ns=10166800 source=e61b28efac3482a5 result=8edc22d932e14fbd
case op=copy-ubyte w=256 h=128 layout=padded public_raw=[2405200, 2407900, 2648800, 2380400, 2501800, 2405900, 2399700, 2389500, 2424300, 2399800, 2372700, 2485600] approved_raw=[69700, 67900, 68100, 68600, 68000, 69200, 67900, 69100, 68000, 69500, 67900, 68100] cpp_raw=[800, 800, 800, 1100, 800, 800, 900, 1000, 800, 800, 800, 1100] relation_raw=[2324700, 2355800, 2322800, 2424500, 2377400, 2309900, 2306300, 2324500, 2320100, 2309400, 2322700, 2577400] public_ns=2405550 approved_ns=68100 cpp_ns=800 relation_ns=2323650 source=e5a18b0018a9faa5 result=d702cf3fb5e29e3d
case op=copy-float w=256 h=128 layout=padded public_raw=[2390100, 2393500, 2415600, 2447600, 2375700, 2446900, 2387800, 2573200, 2439300, 2373800, 2386600, 2517400] approved_raw=[68100, 71700, 75900, 76000, 75900, 75900, 76000, 75900, 76100, 75800, 75900, 75900] cpp_raw=[2800, 2500, 2500, 2900, 2700, 2500, 2700, 2900, 2600, 45600, 2700, 2800] relation_raw=[2334600, 2308200, 2317300, 2546400, 2336100, 2332500, 2336800, 2333500, 2631700, 2405900, 2319800, 2403100] public_ns=2404550 approved_ns=75900 cpp_ns=2700 relation_ns=2335350 source=36662a215b68a60b result=bf1783c6025d513d
case op=copy-Pod w=256 h=128 layout=padded public_raw=[2396600, 2454200, 2400200, 2457200, 2458200, 2459000, 2494400, 2617900, 2498200, 2469500, 2428900, 2455000] approved_raw=[74600, 76500, 75100, 74800, 75600, 75200, 74400, 75300, 74600, 86900, 86200, 75100] cpp_raw=[5600, 6200, 5700, 5200, 5100, 5400, 5100, 6000, 8000, 5600, 6100, 6200] relation_raw=[2533100, 2439600, 2373600, 2313100, 2372900, 2322000, 2371400, 2702400, 2446700, 2508100, 2419700, 2380300] public_ns=2457700 approved_ns=75150 cpp_ns=5650 relation_ns=2400000 source=49f9223bca7c6711 result=6d7da255f160ecf1
case op=convert-ubyte-float w=256 h=128 layout=padded public_raw=[9502700, 9640100, 9662500, 10174800, 9747800, 10378700, 9916800, 9764300, 9658200, 9710000, 9628200, 9740100] approved_raw=[73000, 70000, 73000, 72900, 72700, 72800, 113000, 72700, 71000, 73000, 129200, 70500] cpp_raw=[2900, 2700, 3200, 3300, 3400, 3100, 3400, 3300, 2800, 3000, 2800, 3100] relation_raw=[9387400, 9474900, 9632900, 9534400, 9851200, 9851600, 9812600, 10263400, 11726400, 10161900, 9551800, 9740700] public_ns=9725050 approved_ns=72850 cpp_ns=3100 relation_ns=9776650 source=e5a18b0018a9faa5 result=8d94738f899eb13d
case op=copy-ubyte w=256 h=128 layout=negative-source public_raw=[2706000, 2396000, 2404500, 2377500, 2403400, 2382600, 2388100, 2727100, 2525800, 2408700, 2389800, 2427800] approved_raw=[68900, 68700, 69500, 72400, 68800, 81800, 68700, 69900, 69900, 71700, 69000, 68800] cpp_raw=[1000, 800, 800, 800, 900, 800, 800, 800, 800, 800, 1100, 800] relation_raw=[2329000, 2326900, 2308400, 2330700, 2325200, 2318900, 2308700, 2316300, 2377200, 2310500, 2321200, 2323100] public_ns=2403950 approved_ns=69250 cpp_ns=800 relation_ns=2322150 source=e5a18b0018a9faa5 result=d702cf3fb5e29e3d
case op=copy-float w=256 h=128 layout=negative-source public_raw=[2398400, 2464800, 2393500, 2474400, 2485700, 2501000, 2416600, 2448500, 2419600, 2510800, 2389200, 2386300] approved_raw=[90500, 76100, 76300, 76600, 75900, 76000, 76900, 76600, 68600, 68200, 91300, 87200] cpp_raw=[2600, 3000, 2700, 3800, 2700, 2600, 2600, 3200, 2500, 2600, 3600, 2600] relation_raw=[2614200, 2321800, 2326600, 2335800, 2329500, 2663200, 2382500, 2355000, 2358500, 2681200, 2331000, 2316500] public_ns=2434050 approved_ns=76450 cpp_ns=2650 relation_ns=2345400 source=36662a215b68a60b result=bf1783c6025d513d
case op=copy-Pod w=256 h=128 layout=negative-source public_raw=[2391800, 2417200, 2471600, 2466500, 2482900, 2812500, 2387100, 2545300, 2404800, 2404700, 4315000, 2464300] approved_raw=[76000, 74800, 76300, 75500, 89000, 77500, 75500, 75000, 75400, 76200, 75600, 75000] cpp_raw=[5300, 5700, 5500, 5300, 5400, 5100, 5600, 5400, 5900, 5300, 8500, 6400] relation_raw=[2311400, 2338400, 2406700, 2394100, 2317600, 2308900, 2354300, 2591500, 2348100, 2332100, 4966200, 2366200] public_ns=2465400 approved_ns=75550 cpp_ns=5450 relation_ns=2351200 source=7247388808cf2711 result=6d7da255f160ecf1
case op=convert-ubyte-float w=256 h=128 layout=negative-source public_raw=[10298300, 11100100, 10889800, 10730400, 11043600, 11108300, 12246700, 9769200, 11602600, 11134500, 9737000, 10220100] approved_raw=[73500, 73400, 749300, 73100, 135500, 72900, 73200, 73900, 73200, 70400, 73000, 77200] cpp_raw=[3100, 3500, 3700, 2900, 3000, 2800, 6700, 3000, 2800, 3200, 3300, 3700] relation_raw=[13849100, 11702700, 11150700, 10954100, 11599700, 12637200, 11136100, 12086000, 9937000, 9769200, 10057700, 10153200] public_ns=10966700 approved_ns=73300 cpp_ns=3150 relation_ns=11143400 source=e5a18b0018a9faa5 result=8d94738f899eb13d
case op=copy-ubyte w=256 h=128 layout=negative-both public_raw=[2491000, 2529400, 2712000, 2706000, 2510800, 2383100, 2387100, 2386300, 2391800, 2398800, 2468800, 2558300] approved_raw=[69500, 68300, 68400, 68600, 68400, 82500, 69200, 68700, 69200, 68300, 80400, 68100] cpp_raw=[800, 700, 700, 1000, 1000, 700, 800, 700, 700, 800, 800, 1300] relation_raw=[2611600, 2454700, 2535100, 2663700, 2300100, 2304300, 2304800, 2468200, 2330700, 2317000, 2592100, 2330500] public_ns=2479900 approved_ns=68650 cpp_ns=800 relation_ns=2392700 source=e5a18b0018a9faa5 result=d702cf3fb5e29e3d
case op=copy-float w=256 h=128 layout=negative-both public_raw=[2554900, 2454400, 2817700, 2620500, 2544100, 2446200, 2409100, 2806500, 2401600, 2482400, 2432500, 2583100] approved_raw=[68700, 68600, 88400, 76100, 68700, 90100, 76400, 76200, 89000, 76200, 76100, 76100] cpp_raw=[2600, 2500, 2600, 3500, 2700, 3300, 2700, 3100, 2700, 3000, 2600, 2700] relation_raw=[2343200, 2431600, 3037300, 2388100, 2456200, 2412300, 2323300, 2707600, 2353500, 2492700, 2338800, 2510400] public_ns=2513250 approved_ns=76150 cpp_ns=2700 relation_ns=2421950 source=36662a215b68a60b result=bf1783c6025d513d
case op=copy-Pod w=256 h=128 layout=negative-both public_raw=[2426700, 2568900, 2492700, 2495800, 2613600, 2639700, 2619800, 2606600, 2497400, 2578500, 2441000, 2506100] approved_raw=[76400, 74900, 74300, 75400, 74000, 74000, 74900, 74200, 74700, 76800, 74300, 151900] cpp_raw=[5900, 6000, 4900, 5300, 5300, 5000, 5600, 5500, 5500, 5400, 5600, 5300] relation_raw=[2336100, 2447100, 2359000, 2402400, 2387800, 2429300, 2751400, 2457300, 2373800, 2445000, 2559300, 2423000] public_ns=2537500 approved_ns=74800 cpp_ns=5450 relation_ns=2426150 source=7247388808cf2711 result=9cc58c133fed2cf1
case op=convert-ubyte-float w=256 h=128 layout=negative-both public_raw=[11753300, 9951800, 10100800, 10143400, 10556100, 10072700, 10220000, 10100800, 9916100, 9528300, 9719800, 10418200] approved_raw=[75700, 577200, 74700, 110000, 73700, 73400, 74100, 73700, 71100, 74600, 74600, 73700] cpp_raw=[3400, 3500, 3500, 3600, 3400, 2900, 3500, 5300, 3600, 3400, 2900, 3600] relation_raw=[10567900, 9689100, 10844000, 10368300, 10904200, 10132400, 9487000, 9655600, 9782600, 9387800, 10245400, 10037800] public_ns=10100800 approved_ns=74350 cpp_ns=3500 relation_ns=10085100 source=e5a18b0018a9faa5 result=8d94738f899eb13d
case op=copy-ubyte w=256 h=128 layout=universal public_raw=[2391000, 2488300, 2406800, 2580100, 2456100, 2487300, 2552300, 2408100, 2409400, 2721400, 2401000, 2501900] approved_raw=[68700, 69500, 69100, 69400, 68600, 69800, 71500, 69000, 68900, 68400, 70000, 73200] cpp_raw=[98500, 98400, 117200, 98600, 98300, 98400, 98400, 99100, 99000, 98300, 344400, 98400] relation_raw=[2460200, 2429400, 2377800, 2467300, 2743900, 2460000, 2371700, 2523800, 2331000, 2319600, 2371700, 2379700] public_ns=2471700 approved_ns=69250 cpp_ns=98450 relation_ns=2404550 source=2ca74caf843b767b result=186aee41ab7388cf
case op=copy-float w=256 h=128 layout=universal public_raw=[2662200, 2379900, 2390400, 2426000, 2443400, 2480900, 2640400, 2450000, 2733500, 2547900, 3298200, 2427400] approved_raw=[76300, 78000, 76400, 69000, 76200, 96900, 76400, 76200, 78200, 102900, 247900, 99500] cpp_raw=[107600, 107200, 107300, 107300, 107100, 107200, 107200, 107500, 107100, 107300, 124300, 107400] relation_raw=[2513400, 2480700, 2306400, 2444100, 2482600, 2439900, 2379400, 2421100, 2977000, 2416100, 2384800, 2677400] public_ns=2465450 approved_ns=77200 cpp_ns=107300 relation_ns=2442000 source=2602f36fdf024e48 result=a35a34c9a114294f
case op=copy-Pod w=256 h=128 layout=universal public_raw=[2491100, 2763800, 2456400, 2626800, 2426800, 2460500, 2611900, 2681900, 2468100, 2446800, 2825100, 2560100] approved_raw=[76400, 75000, 75500, 75300, 75500, 76000, 75200, 122900, 74800, 75000, 75300, 75100] cpp_raw=[128700, 107700, 107700, 150900, 107500, 107300, 107200, 107700, 107400, 107300, 107500, 107500] relation_raw=[2584300, 2455700, 2476900, 2652500, 2384300, 2393200, 2707000, 2365900, 2450700, 2448700, 2372000, 2459700] public_ns=2525600 approved_ns=75300 cpp_ns=107500 relation_ns=2453200 source=e9e6a4e830f5d812 result=65aae9126466d5ba
case op=convert-ubyte-float w=256 h=128 layout=universal public_raw=[5665600, 5768400, 7253500, 6616000, 5834200, 6238100, 5876300, 7264600, 5690200, 5612600, 7394900, 5923800] approved_raw=[73900, 73800, 74000, 74000, 73800, 71200, 73800, 75100, 71900, 71200, 73800, 73600] cpp_raw=[18200, 18100, 18100, 18300, 18100, 18000, 18100, 18300, 18200, 18100, 18200, 18300] relation_raw=[5499600, 5705300, 5423200, 5669100, 5621700, 5760400, 5749800, 5554200, 5698700, 5629600, 5803600, 5617100] public_ns=5900050 approved_ns=73800 cpp_ns=18150 relation_ns=5649350 source=2ca74caf843b767b result=9981b35893e1a94f
case op=copy-ubyte w=256 h=128 layout=universal-negative public_raw=[2625700, 2487500, 2534900, 2335000, 2821400, 2889700, 2535800, 2338500, 2362100, 2351100, 2340200, 2709500] approved_raw=[69400, 68900, 68800, 68800, 69000, 68800, 69300, 83400, 69000, 70200, 87800, 69900] cpp_raw=[98800, 98800, 98700, 141000, 98800, 98800, 119900, 157800, 98700, 98600, 98600, 99000] relation_raw=[2366800, 2365000, 2525400, 2364100, 2359400, 2611500, 2476600, 2478100, 2288200, 2286000, 2302100, 2269700] public_ns=2511200 approved_ns=69150 cpp_ns=98800 relation_ns=2364550 source=aee6fc6fec93767b result=e78d431e19cc88cf
case op=copy-float w=256 h=128 layout=universal-negative public_raw=[2842800, 2438900, 2541700, 2621600, 2516200, 2633000, 2460700, 2475000, 3111600, 2433600, 2421000, 2431000] approved_raw=[78100, 72500, 76200, 69400, 76400, 76300, 76300, 76500, 100700, 76400, 76200, 76300] cpp_raw=[107200, 107500, 107300, 108000, 107300, 107200, 107100, 107400, 107700, 107600, 107200, 107300] relation_raw=[2770000, 2335600, 2363000, 2680300, 2485200, 2394200, 2444400, 2515600, 2490800, 2602600, 2364700, 2368800] public_ns=2495600 approved_ns=76300 cpp_ns=107300 relation_ns=2464800 source=a257b6291ff8ce48 result=6438f003893e294f
case op=copy-Pod w=256 h=128 layout=universal-negative public_raw=[2450000, 2344900, 2420400, 2426400, 2425800, 2414100, 2458000, 2508000, 2342400, 2344700, 2421500, 2401300] approved_raw=[74600, 75200, 74600, 74700, 75200, 74500, 74900, 75900, 76100, 75300, 77200, 75500] cpp_raw=[167400, 107300, 107600, 107300, 302500, 158400, 423200, 107400, 107300, 109900, 160200, 107200] relation_raw=[2316100, 2284300, 2397300, 2355600, 2343300, 2354500, 2514600, 2323700, 2499500, 2326000, 2324500, 2350300] public_ns=2420950 approved_ns=75200 cpp_ns=108750 relation_ns=2346800 source=9d3846764beed812 result=da53e1b7f4d855ba
case op=convert-ubyte-float w=256 h=128 layout=universal-negative public_raw=[6011100, 6515400, 5881000, 5655600, 5746100, 6024400, 6007500, 6935400, 5893000, 5847400, 6010200, 5784600] approved_raw=[73800, 71500, 73900, 71100, 73700, 71200, 73700, 73900, 98600, 73700, 76800, 74500] cpp_raw=[18100, 18200, 18200, 18300, 18300, 18000, 45000, 18200, 18200, 18100, 18400, 18400] relation_raw=[5655600, 5562800, 5561600, 5644600, 5734400, 5947300, 5599900, 5588000, 6691600, 6694000, 5617600, 5715100] public_ns=5950250 approved_ns=73750 cpp_ns=18200 relation_ns=5650100 source=aee6fc6fec93767b result=b595bddcda97a94f
case op=copy-ubyte w=256 h=128 layout=repeated-source public_raw=[2924600, 2431400, 2389800, 2370100, 2373000, 2371900, 2369900, 2425200, 2388200, 2369400, 2398800, 2366500] approved_raw=[69000, 68700, 69600, 68800, 82000, 86100, 68800, 71700, 69300, 91100, 68800, 123700] cpp_raw=[700, 700, 600, 800, 700, 700, 800, 700, 800, 700, 600, 700] relation_raw=[2378300, 2372100, 2486600, 2392100, 2559600, 2295800, 2299200, 2500000, 2285800, 2296400, 2406900, 2549000] public_ns=2380600 approved_ns=69450 cpp_ns=700 relation_ns=2385200 source=b801a0f8ceb910a5 result=d702cf3fb5e29e3d
case op=copy-float w=256 h=128 layout=repeated-source public_raw=[2432200, 2554100, 2484400, 2441000, 2533100, 2457300, 2545500, 2365400, 2413600, 2382300, 2641000, 2416300] approved_raw=[88500, 69400, 76600, 76600, 69700, 76600, 76800, 76700, 76600, 101000, 76600, 76900] cpp_raw=[2100, 2000, 2100, 2600, 2200, 2100, 2300, 2300, 2000, 2000, 2100, 2800] relation_raw=[2282700, 2293000, 2653600, 2529900, 2380800, 2512500, 2281900, 2412900, 2284000, 2283300, 2569500, 2420900] public_ns=2449150 approved_ns=76600 cpp_ns=2100 relation_ns=2396850 source=2ab4dac9ab1576eb result=bf1783c6025d513d
case op=copy-Pod w=256 h=128 layout=repeated-source public_raw=[2468800, 2463000, 2752500, 2585000, 2421100, 2406500, 2397200, 2566700, 2384500, 2647500, 2398400, 2398800] approved_raw=[74700, 75400, 91700, 74600, 74600, 74700, 75200, 74900, 74500, 75100, 74600, 87200] cpp_raw=[3300, 3000, 3300, 3500, 3000, 3100, 3100, 3600, 3100, 3100, 3000, 3100] relation_raw=[2324600, 2445300, 2541700, 2405300, 2389400, 2519100, 2380800, 2802600, 2466500, 2495700, 2337300, 2307600] public_ns=2442050 approved_ns=74800 cpp_ns=3100 relation_ns=2425300 source=eeeb850fb0e39951 result=fb16e77c4b15ecf1
case op=convert-ubyte-float w=256 h=128 layout=repeated-source public_raw=[12157300, 11050400, 9503800, 9568100, 10701700, 9691000, 9945800, 9730500, 9542100, 11462500, 10361100, 9496400] approved_raw=[100100, 73100, 73000, 75000, 73100, 70400, 75200, 73100, 70300, 303100, 73100, 83700] cpp_raw=[3300, 2900, 3100, 3400, 3100, 3100, 3300, 3100, 3100, 3400, 3500, 21000] relation_raw=[9675800, 9655500, 9602800, 9446300, 9407700, 9870500, 9575600, 9858100, 9770500, 10373300, 10845700, 9450800] public_ns=9838150 approved_ns=73100 cpp_ns=3200 relation_ns=9665650 source=b801a0f8ceb910a5 result=8d94738f899eb13d
case op=copy-ubyte w=256 h=128 layout=zero-source public_raw=[629900, 609400, 853200, 608800, 608300, 693700, 671700, 623200, 734500, 625600, 772500, 633600] approved_raw=[68200, 68100, 68700, 70600, 68100, 97200, 68200, 69000, 68200, 67900, 68300, 69600] cpp_raw=[98300, 145000, 98200, 98400, 98300, 98300, 98400, 98200, 98400, 531200, 98400, 98400] relation_raw=[585400, 562700, 538400, 675700, 654600, 616500, 574600, 539100, 595200, 619100, 574500, 539100] public_ns=631750 approved_ns=68250 cpp_ns=98400 relation_ns=580000 source=ea3b47c803d61b61 result=805f2b0ca3e19e3d
case op=copy-float w=256 h=128 layout=zero-source public_raw=[623600, 630300, 627400, 643000, 631000, 950200, 740600, 713300, 613800, 630400, 632300, 621100] approved_raw=[72200, 76200, 72200, 76200, 79600, 76300, 76100, 76200, 89500, 77700, 76200, 76300] cpp_raw=[107100, 107200, 153100, 107100, 107100, 107000, 107100, 107300, 107200, 107200, 107100, 232800] relation_raw=[639700, 547000, 564700, 611700, 563600, 845900, 822200, 571400, 539700, 1707400, 586900, 537700] public_ns=630700 approved_ns=76200 cpp_ns=107150 relation_ns=579150 source=3ee659a586185a17 result=d3a2f65955b6b13d
case op=copy-Pod w=256 h=128 layout=zero-source public_raw=[633700, 624700, 637100, 612600, 1140700, 617700, 673300, 632900, 634700, 620200, 618600, 638600] approved_raw=[74200, 73700, 73600, 74700, 73700, 118800, 73600, 74800, 74100, 73800, 74800, 74400] cpp_raw=[126200, 107200, 109600, 107100, 129100, 107200, 107200, 128700, 107000, 107200, 107000, 107000] relation_raw=[538200, 538400, 550300, 537300, 783700, 568000, 735900, 544400, 560800, 557100, 572000, 691600] public_ns=633300 approved_ns=74150 cpp_ns=107200 relation_ns=558950 source=52489578602bbe06 result=ef186d4d74d56cf1
case op=convert-ubyte-float w=256 h=128 layout=zero-source public_raw=[2492000, 1707200, 1686000, 1789700, 1702600, 1625900, 1645600, 1630600, 1673700, 1614200, 1766500, 1651600] approved_raw=[72600, 73200, 70600, 69900, 70200, 72500, 70000, 70000, 70000, 72400, 70100, 70700] cpp_raw=[18100, 18000, 18000, 18000, 18000, 18000, 18000, 18100, 18000, 18000, 18100, 18000] relation_raw=[1555500, 1511200, 1519400, 1474300, 1630600, 1495900, 1543600, 1516000, 1726000, 1634300, 1499700, 1489200] public_ns=1679850 approved_ns=70400 cpp_ns=18000 relation_ns=1517700 source=ea3b47c803d61b61 result=fb8549580c3ab13d
case op=copy-ubyte w=2048 h=512 layout=contiguous public_raw=[35600, 30000, 33100, 68900, 37800, 51600, 50900, 50600, 33400, 33100, 26200, 25900] approved_raw=[2216500, 2281900, 2234700, 2250800, 2389400, 2227200, 2315300, 2622900, 2281400, 2395900, 2309400, 2258900] cpp_raw=[30800, 45500, 33700, 67900, 52600, 70100, 113500, 76000, 38700, 57800, 33200, 30200] relation_raw=[39865900, 38423400, 39032000, 41784700, 40366100, 37863000, 38446700, 39365900, 38826100, 40212600, 37963300, 38929100] public_ns=34500 approved_ns=2281650 cpp_ns=49050 relation_ns=38980550 source=2330a0f18d4d82a5 result=80d2fb93a399d2bd
case op=copy-float w=2048 h=512 layout=contiguous public_raw=[169800, 184100, 170000, 170100, 156300, 150500, 172800, 159600, 113500, 160700, 154200, 170700] approved_raw=[2548700, 2666200, 2518300, 2587500, 2576300, 2500000, 2648300, 2534100, 2652000, 2520900, 2528600, 2481800] cpp_raw=[110400, 141100, 120200, 160200, 131500, 115200, 117800, 127000, 132300, 143800, 135400, 101400] relation_raw=[38788000, 39048900, 38230500, 42621600, 38589100, 37998600, 38247400, 38771700, 39056000, 38923200, 38006000, 38456200] public_ns=165250 approved_ns=2541400 cpp_ns=129250 relation_ns=38680400 source=13b5de7322d2f7ab result=d89816c09b0f4fbd
case op=copy-Pod w=2048 h=512 layout=contiguous public_raw=[394000, 375500, 420800, 342600, 348700, 327600, 596000, 339100, 537500, 430000, 346500, 337000] approved_raw=[2521200, 2424900, 2896700, 2842300, 2505100, 2438100, 2445600, 2640800, 2430800, 2394600, 2973500, 2571200] cpp_raw=[371200, 377300, 388800, 403900, 524500, 366600, 504400, 395600, 354400, 485800, 394200, 477000] relation_raw=[38480100, 38520500, 38189500, 39470800, 38062500, 38353600, 37747400, 37990700, 38119200, 39239400, 38882100, 38509500] public_ns=362100 approved_ns=2513150 cpp_ns=394900 relation_ns=38416850 source=d8cd6555f4166151 result=59e0883c487093b1
case op=convert-ubyte-float w=2048 h=512 layout=contiguous public_raw=[4122600, 4258300, 4120000, 4480800, 4359200, 4073100, 4490400, 4456900, 5309700, 4207700, 4267700, 4106100] approved_raw=[2407900, 2454400, 2485400, 2464900, 2505500, 2561000, 2732000, 2586600, 2423100, 2484300, 2679700, 2449900] cpp_raw=[85600, 97900, 97500, 97800, 97100, 85700, 97500, 87500, 97900, 85900, 349400, 86800] relation_raw=[157793700, 161577100, 162189800, 162741700, 164751300, 165237600, 162336900, 159632200, 159408400, 164457200, 162556200, 164130300] public_ns=4263000 approved_ns=2484850 cpp_ns=97300 relation_ns=162446550 source=2330a0f18d4d82a5 result=8830660fbe034fbd
case op=copy-ubyte w=2048 h=512 layout=padded public_raw=[40467200, 42959400, 41151200, 40374900, 41119700, 40650700, 41178600, 40851800, 43336800, 42907900, 44552300, 41614300] approved_raw=[2275900, 2618000, 2211300, 2363100, 2268100, 2264800, 2283700, 2234300, 2247300, 2242800, 3429300, 2296800] cpp_raw=[29500, 44000, 35600, 33500, 36600, 40700, 58900, 33600, 32700, 68200, 36500, 31700] relation_raw=[38964100, 40752900, 47799300, 38998400, 39170200, 38723300, 39512000, 38002900, 38561100, 42422000, 42195900, 41339100] public_ns=41164900 approved_ns=2272000 cpp_ns=36050 relation_ns=39341100 source=ae83cf5b1e4efaa5 result=824b457e72415e3d
case op=copy-float w=2048 h=512 layout=padded public_raw=[41411500, 43281100, 45447000, 42032400, 42775200, 44313800, 40666900, 41758900, 41302800, 41233200, 40723800, 41019000] approved_raw=[2798000, 2483900, 2564000, 2679300, 2535600, 2582900, 2554600, 2507200, 2484300, 2488500, 2480700, 2463700] cpp_raw=[130700, 116200, 141000, 120800, 144300, 140400, 179700, 153500, 116300, 162100, 133200, 165600] relation_raw=[40296900, 40422300, 43770100, 41917600, 41984600, 40872200, 42391400, 41891000, 38649700, 37905500, 38659300, 39055700] public_ns=41585200 approved_ns=2521400 cpp_ns=140700 relation_ns=40647250 source=f707132824e3b60b result=7e1f3007cb46713d
case op=copy-Pod w=2048 h=512 layout=padded public_raw=[41114700, 41113000, 43556000, 41276000, 42468000, 44034300, 46266700, 42956100, 43768600, 45709200, 46686900, 42899500] approved_raw=[2467500, 3325300, 2520500, 2452300, 2519000, 2536400, 2466300, 2497000, 2859500, 2717100, 2488600, 3292000] cpp_raw=[325200, 348700, 347600, 316900, 338900, 333500, 375600, 338100, 367600, 423900, 343100, 377700] relation_raw=[39302800, 39207200, 39040300, 38535600, 45659400, 40198300, 43320200, 41243200, 41429900, 39824500, 40872100, 41218600] public_ns=43256050 approved_ns=2519750 cpp_ns=345350 relation_ns=40535200 source=e31314711d294711 result=cd84131d95f48cf1
case op=convert-ubyte-float w=2048 h=512 layout=padded public_raw=[192502300, 162703500, 166186400, 158862100, 163644700, 182290000, 164589000, 171647900, 174651300, 161579900, 189866300, 170045600] approved_raw=[2653900, 2656100, 6214400, 2661700, 2368900, 3035000, 2408700, 2676400, 2491600, 3013000, 2650300, 2484600] cpp_raw=[98800, 111200, 88500, 101300, 86200, 85900, 152400, 97500, 85300, 97700, 100100, 97800] relation_raw=[179000000, 156995600, 159527200, 155825800, 160439100, 156135600, 160922700, 165917500, 177574200, 164158000, 158999200, 183065000] public_ns=168116000 approved_ns=2655000 cpp_ns=97750 relation_ns=160680900 source=ae83cf5b1e4efaa5 result=a6f0b1d68eba713d
case op=copy-ubyte w=2048 h=512 layout=negative-source public_raw=[44583600, 43453000, 42219800, 44610700, 44164700, 44259100, 42563900, 41641600, 43822800, 40730900, 46661400, 40792800] approved_raw=[2522900, 2309800, 2431300, 2665500, 2435200, 2272200, 2336500, 2536900, 2298500, 2321300, 2351600, 2297900] cpp_raw=[34000, 90200, 55600, 41500, 29400, 36500, 105100, 105100, 30100, 32600, 181600, 33600] relation_raw=[41918600, 43379800, 42282000, 43064400, 42400100, 46139100, 50428800, 39248200, 38610700, 38752100, 39625900, 39667100] public_ns=43637900 approved_ns=2344050 cpp_ns=39000 relation_ns=42100300 source=ae83cf5b1e4efaa5 result=824b457e72415e3d
case op=copy-float w=2048 h=512 layout=negative-source public_raw=[40718900, 42412500, 41842300, 41994500, 42189200, 41489500, 41739500, 41866100, 41414100, 42612900, 42054600, 41371300] approved_raw=[2551300, 2500400, 2557500, 2692700, 2732600, 3109400, 2628300, 2524300, 2460800, 2758200, 2484200, 2493800] cpp_raw=[135100, 145300, 198500, 205700, 164200, 203700, 191700, 130400, 129700, 160900, 255000, 141800] relation_raw=[39289800, 38835100, 39107100, 39723200, 40034700, 40869200, 39367100, 42490200, 39963700, 42088500, 39142600, 39666800] public_ns=41854200 approved_ns=2554400 cpp_ns=162550 relation_ns=39695000 source=f707132824e3b60b result=7e1f3007cb46713d
case op=copy-Pod w=2048 h=512 layout=negative-source public_raw=[41914800, 40798800, 42154000, 42083700, 42151300, 41934300, 41025800, 41802700, 41851300, 42215000, 46391800, 42082000] approved_raw=[2571100, 2642700, 2644900, 2563000, 2666300, 2693800, 2763900, 2561900, 2623000, 2639000, 3003600, 2697800] cpp_raw=[543800, 619500, 635000, 531300, 555900, 611000, 576400, 502900, 640200, 534800, 626800, 583800] relation_raw=[39396800, 39434200, 38410600, 37983200, 38472200, 39549900, 39836300, 38404600, 37962700, 38022000, 43029700, 78244200] public_ns=42008150 approved_ns=2643800 cpp_ns=580100 relation_ns=38934500 source=a98d88b93a2d4711 result=cd84131d95f48cf1
case op=convert-ubyte-float w=2048 h=512 layout=negative-source public_raw=[174348300, 166534400, 164364500, 159415800, 155133900, 157084600, 156388900, 161543600, 158221300, 158310400, 157637400, 158883900] approved_raw=[2527400, 2556600, 2551100, 2422700, 2407700, 2427300, 2494100, 2467300, 4058600, 2410400, 2441700, 2473400] cpp_raw=[128200, 134500, 209400, 109800, 117500, 144900, 190600, 140900, 195300, 132100, 169100, 247200] relation_raw=[157938400, 163471500, 157346700, 158669800, 150428800, 152564900, 151395700, 153037700, 153917200, 155449800, 160121700, 160765600] public_ns=158597150 approved_ns=2470350 cpp_ns=142900 relation_ns=156398250 source=ae83cf5b1e4efaa5 result=a6f0b1d68eba713d
case op=copy-ubyte w=2048 h=512 layout=negative-both public_raw=[44631500, 45439300, 47694600, 44800600, 42304700, 45736300, 44399100, 42422200, 42248400, 44647900, 42297600, 41671900] approved_raw=[2699500, 2429300, 2465800, 2584700, 2277200, 2561500, 2428200, 2320100, 2332800, 2306000, 2302600, 2233700] cpp_raw=[31400, 34400, 36200, 59700, 49000, 47200, 47600, 55800, 39500, 29200, 34000, 29000] relation_raw=[44324500, 43957400, 42104300, 42631200, 44656600, 43263600, 41605300, 39637700, 40644800, 39725500, 38643500, 39886700] public_ns=44515300 approved_ns=2380500 cpp_ns=37850 relation_ns=41854800 source=ae83cf5b1e4efaa5 result=824b457e72415e3d
case op=copy-float w=2048 h=512 layout=negative-both public_raw=[51564300, 41866500, 42276800, 42259400, 43505700, 42787000, 42962600, 41787800, 43040900, 40960400, 46068700, 45934600] approved_raw=[2806100, 2580200, 2582500, 2520100, 2579600, 2528700, 2618300, 2694400, 2553300, 2675800, 3002000, 3098500] cpp_raw=[202300, 208000, 274500, 190900, 188700, 172800, 306700, 183500, 248200, 187800, 379900, 356900] relation_raw=[39396700, 44251400, 39394300, 41408500, 40731700, 39283000, 42544500, 40546200, 42459800, 39064200, 41231400, 42869700] public_ns=42874800 approved_ns=2600400 cpp_ns=205150 relation_ns=40981550 source=f707132824e3b60b result=7e1f3007cb46713d
case op=copy-Pod w=2048 h=512 layout=negative-both public_raw=[45981400, 43721700, 44685400, 42713200, 40792100, 41082400, 42103600, 41387100, 41548000, 41271900, 40924000, 45291300] approved_raw=[2709900, 3054500, 3415800, 2771900, 2595100, 2657400, 2585900, 2747400, 2634300, 2615400, 2790100, 2675900] cpp_raw=[722800, 821700, 573400, 737500, 631100, 710400, 564700, 594700, 540500, 548200, 667200, 592400] relation_raw=[40475400, 40363300, 40990100, 47341600, 38418100, 39282500, 38134300, 39094000, 38413000, 38778900, 37277000, 38515700] public_ns=41825800 approved_ns=2692900 cpp_ns=612900 relation_ns=38936450 source=a98d88b93a2d4711 result=35d2d67477ff8cf1
case op=convert-ubyte-float w=2048 h=512 layout=negative-both public_raw=[159226200, 161841700, 157436500, 157937900, 161524000, 160790000, 172369000, 161673000, 160341000, 160259100, 162609700, 165899200] approved_raw=[2425500, 2588800, 2433900, 2560500, 2886200, 2473500, 2515500, 2517100, 2647000, 2539600, 2516900, 2597900] cpp_raw=[143800, 123600, 149200, 215300, 201200, 228200, 242900, 179900, 173800, 164200, 285400, 167400] relation_raw=[153198900, 158066200, 151575800, 155806200, 152825200, 154328300, 165071700, 153756800, 156091000, 158113500, 163224400, 160327300] public_ns=161157000 approved_ns=2528350 cpp_ns=176850 relation_ns=155948600 source=ae83cf5b1e4efaa5 result=a6f0b1d68eba713d
case op=copy-ubyte w=2048 h=512 layout=universal public_raw=[41353800, 42209400, 42136700, 44178600, 41738600, 44845800, 47592600, 41839700, 43237500, 43478600, 45210800, 45125100] approved_raw=[2579100, 2385800, 2297600, 2279500, 2249900, 2253200, 2460400, 2474700, 2695700, 2317400, 2656500, 2515200] cpp_raw=[4037100, 3498000, 3772500, 3345500, 3254200, 3596600, 3286500, 3369000, 3300700, 3251900, 3366700, 3453700] relation_raw=[43347900, 43719500, 38762900, 40416000, 38209200, 39966400, 39556800, 41649200, 45072700, 40239900, 43638300, 40951300] public_ns=43358050 approved_ns=2423100 cpp_ns=3367850 relation_ns=40683650 source=546dc88cf162767b result=b53972f2ee1fc8cf
case op=copy-float w=2048 h=512 layout=universal public_raw=[44256200, 42926300, 45948400, 44630600, 43114100, 41452700, 42989800, 43541600, 41600000, 43850700, 42376300, 43350900] approved_raw=[2569600, 2493300, 2594400, 2583900, 2721400, 2628900, 2788300, 2566900, 2476800, 2779700, 3059000, 2552700] cpp_raw=[3659700, 3499000, 3952100, 3862400, 3724400, 3670200, 3621500, 3595300, 3531500, 3472600, 3560500, 3527000] relation_raw=[40408400, 39029800, 40927200, 45813100, 40683900, 40104900, 41529500, 42837700, 42165200, 39319300, 41445000, 39650500] public_ns=43232500 approved_ns=2589150 cpp_ns=3608400 relation_ns=40805550 source=4f1036148aacde48 result=1d8ea0b52256e94f
case op=copy-Pod w=2048 h=512 layout=universal public_raw=[41922600, 41550900, 42319900, 43660800, 42844700, 45430000, 43729800, 43679000, 44212600, 45386500, 41688800, 46021500] approved_raw=[2853000, 2765300, 2958300, 2702900, 2465300, 2738700, 2614700, 2568600, 2795200, 2539900, 2569800, 2525300] cpp_raw=[3607600, 3496800, 3758500, 3765800, 3693700, 3641900, 3591000, 3722300, 4777800, 4431800, 5031200, 5243100] relation_raw=[37973400, 37949600, 41576200, 39803100, 38280800, 40136900, 40293200, 44069900, 42054500, 42602500, 41914400, 42118000] public_ns=43669900 approved_ns=2658800 cpp_ns=3740400 relation_ns=40934700 source=196bf4d6cf5eb812 result=fc9731c7256835ba
case op=convert-ubyte-float w=2048 h=512 layout=universal public_raw=[105618400, 102131100, 108088700, 104618000, 97460600, 101416000, 102793700, 102669800, 102024500, 101345100, 101404400, 97797100] approved_raw=[2559000, 2576600, 2809300, 2378200, 2507700, 2959700, 2710800, 2787100, 2738400, 2723900, 2426800, 2788200] cpp_raw=[594700, 861600, 691800, 579800, 668300, 612100, 611000, 592900, 580300, 714700, 759800, 580200] relation_raw=[101347100, 96665600, 93242900, 91355100, 100231800, 105850100, 100424300, 97157100, 96944500, 99672300, 96089400, 97710900] public_ns=102077800 approved_ns=2717350 cpp_ns=611550 relation_ns=97434000 source=546dc88cf162767b result=24fea8e2dff2e94f
case op=copy-ubyte w=2048 h=512 layout=universal-negative public_raw=[42035700, 44312900, 46757100, 43204900, 42929000, 42910600, 41828800, 41654900, 42475900, 40966300, 43495900, 45666900] approved_raw=[2330400, 2526300, 2433900, 3267300, 2440600, 2672800, 2298000, 2309200, 2322600, 2237400, 2702100, 2355700] cpp_raw=[3523300, 3279800, 3261900, 3271200, 3554500, 3514300, 3292300, 3367700, 3562400, 3639200, 3438400, 3468600] relation_raw=[39066300, 39765400, 46288600, 41039500, 40225500, 39505400, 44239300, 40181900, 39553300, 39414800, 43185600, 48174600] public_ns=42919800 approved_ns=2394800 cpp_ns=3453500 relation_ns=40203700 source=46067b9fc62767b result=6220d181b93fc8cf
case op=copy-float w=2048 h=512 layout=universal-negative public_raw=[44235700, 42632400, 43173400, 41754800, 42118200, 47214200, 43312900, 44950400, 43532500, 40186100, 41452200, 39955100] approved_raw=[2608400, 2595600, 2626300, 2947400, 2551100, 2763800, 2720900, 2568600, 2474300, 2992500, 2635200, 2515800] cpp_raw=[3886700, 3998700, 3644300, 3533500, 3794300, 5182500, 5616700, 3872100, 3856300, 3533000, 3483800, 3563700] relation_raw=[40446400, 40204700, 43954000, 41311600, 42217600, 45634900, 40089200, 42773500, 41239700, 38389300, 38199500, 37686100] public_ns=42902900 approved_ns=2617350 cpp_ns=3825300 relation_ns=40843050 source=51109e231b84de48 result=d2e235024092e94f
case op=copy-Pod w=2048 h=512 layout=universal-negative public_raw=[41446400, 42442500, 44554700, 42452600, 42036200, 42890800, 42163100, 43553500, 44453000, 42982200, 42045000, 46190200] approved_raw=[2603600, 2925300, 2706700, 2551400, 2605100, 2561100, 2815300, 2810200, 2618000, 2487500, 2613500, 3184200] cpp_raw=[3775200, 3620200, 3797300, 3709800, 4301900, 3525600, 3556100, 4158700, 3708000, 3686900, 3524900, 3888300] relation_raw=[41816900, 39352600, 38682900, 38704000, 38452300, 41033800, 40568900, 42305500, 38514100, 41496700, 39252900, 44698400] public_ns=42671700 approved_ns=2615750 cpp_ns=3708900 relation_ns=39960750 source=e1be015f3a91b812 result=17fc2f38b61735ba
case op=convert-ubyte-float w=2048 h=512 layout=universal-negative public_raw=[102183500, 110177700, 102314800, 102618900, 105075700, 100649000, 107939700, 110515100, 106566500, 101973300, 99216600, 107454800] approved_raw=[3451600, 2538300, 2707100, 2788900, 2469400, 2666900, 2702300, 2562000, 2577100, 2731700, 2601100, 3402700] cpp_raw=[748800, 595600, 667000, 581000, 610000, 665100, 582700, 673900, 760300, 914100, 615600, 601900] relation_raw=[96721500, 95479700, 105784800, 97413700, 102173300, 98586400, 106735100, 101763100, 96496800, 105148600, 101903300, 92907900] public_ns=103847300 approved_ns=2684600 cpp_ns=640350 relation_ns=100174750 source=46067b9fc62767b result=940c5552cb46e94f
case op=copy-ubyte w=2048 h=512 layout=repeated-source public_raw=[45777100, 46458300, 42001400, 42389900, 42611500, 49545100, 43800900, 45846900, 44627000, 43427600, 44016800, 44072600] approved_raw=[3127300, 2705700, 2274500, 2812700, 2545000, 2952200, 2268700, 2593200, 2241300, 2336700, 2354400, 2628100] cpp_raw=[18400, 13400, 14300, 15200, 13600, 13900, 13800, 13600, 13900, 13600, 18800, 13900] relation_raw=[43038400, 43939800, 40604200, 37990500, 40604400, 44027400, 46526000, 40748500, 41196200, 43490300, 41512000, 40456900] public_ns=44044700 approved_ns=2569100 cpp_ns=13900 relation_ns=41354100 source=6e453727bce9f2a5 result=824b457e72415e3d
case op=copy-float w=2048 h=512 layout=repeated-source public_raw=[44324600, 43746600, 45810300, 43882400, 45291100, 41149500, 41059900, 40484800, 41639500, 41060000, 41323000, 40925100] approved_raw=[2851500, 2639300, 2541600, 2449900, 2593500, 2598700, 2489300, 2546600, 2477200, 5117300, 2512700, 2472300] cpp_raw=[63100, 59000, 62700, 60100, 59900, 58500, 61300, 60000, 60000, 60000, 59600, 59000] relation_raw=[43831300, 48740800, 41934400, 40382200, 39098000, 39548300, 38785400, 38511100, 38119800, 38792500, 39037900, 38582100] public_ns=41481250 approved_ns=2544100 cpp_ns=60000 relation_ns=39067950 source=1890cde25c8499ab result=7e1f3007cb46713d
case op=copy-Pod w=2048 h=512 layout=repeated-source public_raw=[41762600, 43453700, 41756700, 41835200, 40604900, 41700500, 41518800, 44797000, 50504400, 45045100, 47252900, 46886800] approved_raw=[2404900, 2508800, 2509200, 2427200, 2480500, 2503300, 5049400, 2563900, 2929900, 2750500, 2590100, 2836400] cpp_raw=[128900, 144200, 169400, 129100, 126900, 154000, 132100, 151900, 249200, 127500, 154700, 129600] relation_raw=[40578300, 39045000, 42015700, 38508000, 38927200, 39430200, 38539700, 41275800, 47238300, 43016100, 46912900, 43437000] public_ns=42644450 approved_ns=2536550 cpp_ns=138150 relation_ns=40927050 source=20f0ed2a5964e151 result=29ff1e71f7668cf1
case op=convert-ubyte-float w=2048 h=512 layout=repeated-source public_raw=[180137100, 174534000, 178395200, 174295700, 167406200, 182801100, 180698400, 186055200, 174283800, 163564900, 173614700, 172441300] approved_raw=[2673100, 3152800, 2532300, 2514700, 2366200, 2394700, 2404100, 2546800, 2510300, 2709300, 2556600, 2450300] cpp_raw=[111700, 98000, 117700, 109000, 97100, 85800, 94700, 111700, 85900, 97600, 97800, 107100] relation_raw=[174190500, 173609500, 171829100, 171523400, 161845400, 177283900, 185989500, 178039200, 175489200, 165295400, 160083000, 162537700] public_ns=174414850 approved_ns=2523500 cpp_ns=97900 relation_ns=172719300 source=6e453727bce9f2a5 result=a6f0b1d68eba713d
case op=copy-ubyte w=2048 h=512 layout=zero-source public_raw=[11432500, 12458200, 12332400, 11323400, 11407200, 11178400, 13004700, 12037900, 11833000, 11187800, 12120700, 12911900] approved_raw=[2245600, 3126000, 2327200, 2329600, 2293900, 2471800, 2326900, 2347200, 2554000, 2360000, 2523600, 2587300] cpp_raw=[3242500, 3590800, 3334100, 3250900, 3177600, 3506400, 3310500, 3310400, 3322900, 3329200, 3287600, 3567000] relation_raw=[8941700, 9003500, 9411200, 9463300, 9500700, 9579200, 8866000, 9198900, 9568200, 9032400, 9186500, 10827300] public_ns=11935450 approved_ns=2353600 cpp_ns=3316700 relation_ns=9305050 source=ea3b47c803d61b61 result=f48fba1f72215e3d
case op=copy-float w=2048 h=512 layout=zero-source public_raw=[12478300, 12310800, 14060100, 13313100, 13385200, 14878300, 11732300, 12667900, 11582400, 12589400, 11798700, 12313200] approved_raw=[2581600, 2690400, 2961800, 2579600, 2932600, 3038200, 2668500, 2502600, 3054500, 3197000, 3105300, 2627300] cpp_raw=[3772100, 3938200, 3513600, 3622200, 3802000, 4803600, 3723900, 3937500, 3789900, 3716100, 3804200, 3887200] relation_raw=[10285500, 10164700, 9228100, 10161500, 9235500, 10303800, 9691200, 9708600, 9972300, 9314300, 9712500, 9390800] public_ns=12533850 approved_ns=2811500 cpp_ns=3795950 relation_ns=9710550 source=3ee659a586185a17 result=3010c258495a713d
case op=copy-Pod w=2048 h=512 layout=zero-source public_raw=[11793400, 11968100, 11264900, 12020600, 12891200, 12132200, 11651100, 12770800, 11583100, 12405700, 12860600, 11571000] approved_raw=[2606800, 2566200, 2417100, 2691500, 2977000, 2561600, 2506400, 2760600, 3076300, 2474100, 2990200, 2573200] cpp_raw=[3887600, 4692300, 3788900, 3472600, 3552100, 3751500, 3603600, 3540700, 3602900, 3763100, 3592700, 4282800] relation_raw=[10253200, 9204800, 8924400, 9666800, 9662600, 9363900, 8872400, 9660700, 8977400, 9386400, 9097100, 8971800] public_ns=11994350 approved_ns=2590000 cpp_ns=3677550 relation_ns=9284350 source=10734a11a61fbe06 result=14eb8df45bd38cf1
case op=convert-ubyte-float w=2048 h=512 layout=zero-source public_raw=[30010200, 31705100, 30590900, 31064100, 30619600, 33664600, 41844300, 32750200, 31477500, 30549900, 30300300, 29911000] approved_raw=[2821400, 2451300, 2715700, 2411100, 2436500, 2742800, 3142900, 2522700, 2668600, 2746900, 2515600, 2586400] cpp_raw=[574300, 589100, 605100, 607700, 665600, 639000, 858600, 671100, 574100, 1164500, 601000, 644900] relation_raw=[26122200, 27142400, 27085000, 25429600, 24879100, 28304300, 26640000, 27637600, 26572000, 26732700, 26100600, 25464000] public_ns=30841850 approved_ns=2627500 cpp_ns=623350 relation_ns=26606000 source=ea3b47c803d61b61 result=1ea1c940ba66713d
m3_copy_conversion PASS cases=96 sink=13023336492318211668
