contracts PASS invalid/empty/out-zero/cancellation
semantic PASS cases=56 finite-bitwise NaN-class source-preserved
case w=31 h=17 layout=contiguous corpus=positive public_raw=[500, 400, 400, 400, 400, 400, 400, 400, 400, 400, 500, 400] pointer_raw=[500, 400, 400, 400, 400, 400, 400, 400, 400, 400, 400, 400] slice_raw=[400, 400, 400, 400, 400, 400, 400, 400, 400, 400, 400, 400] cpp_raw=[400, 400, 400, 400, 400, 400, 400, 400, 400, 400, 400, 400] public_ns=400 pointer_ns=400 slice_ns=400 cpp_ns=400 result=40702cf2bd10f800 hash=8596af9913445ebd
case w=31 h=17 layout=contiguous corpus=cancellation public_raw=[500, 500, 400, 400, 500, 500, 500, 500, 400, 400, 400, 400] pointer_raw=[400, 400, 400, 400, 400, 400, 400, 400, 400, 400, 400, 400] slice_raw=[400, 400, 400, 400, 400, 400, 400, 400, 400, 400, 400, 400] cpp_raw=[400, 400, 400, 400, 400, 400, 400, 400, 400, 400, 400, 400] public_ns=450 pointer_ns=400 slice_ns=400 cpp_ns=400 result=0 hash=789619667ec2b54f
case w=31 h=17 layout=padded corpus=positive public_raw=[500, 400, 500, 400, 500, 400, 500, 500, 500, 500, 500, 500] pointer_raw=[400, 400, 400, 400, 400, 400, 400, 400, 400, 400, 400, 400] slice_raw=[400, 400, 400, 400, 400, 400, 400, 400, 400, 400, 400, 400] cpp_raw=[400, 400, 400, 400, 400, 400, 400, 400, 400, 400, 400, 400] public_ns=500 pointer_ns=400 slice_ns=400 cpp_ns=400 result=40702cf2bd10f800 hash=d2884b9a0909f1bd
case w=31 h=17 layout=padded corpus=cancellation public_raw=[500, 500, 500, 500, 500, 400, 500, 500, 500, 500, 500, 500] pointer_raw=[400, 400, 400, 400, 400, 400, 400, 400, 400, 400, 400, 400] slice_raw=[400, 400, 400, 400, 400, 400, 400, 400, 400, 400, 400, 400] cpp_raw=[400, 400, 400, 400, 400, 400, 400, 400, 400, 400, 400, 400] public_ns=500 pointer_ns=400 slice_ns=400 cpp_ns=400 result=0 hash=1dab101df9a52d4f
case w=31 h=17 layout=negative-row corpus=positive public_raw=[400, 500, 500, 500, 500, 500, 500, 400, 500, 500, 500, 500] pointer_raw=[400, 400, 400, 400, 400, 400, 400, 400, 400, 400, 400, 400] slice_raw=[400, 400, 400, 400, 400, 400, 400, 400, 400, 400, 400, 400] cpp_raw=[400, 400, 400, 400, 400, 400, 400, 400, 400, 400, 400, 400] public_ns=500 pointer_ns=400 slice_ns=400 cpp_ns=400 result=40702cf2bd10f800 hash=8ff8755106ec0ed1
case w=31 h=17 layout=negative-row corpus=cancellation public_raw=[500, 500, 500, 500, 500, 500, 500, 500, 500, 400, 500, 500] pointer_raw=[400, 400, 400, 400, 400, 400, 400, 400, 400, 400, 400, 400] slice_raw=[400, 400, 400, 400, 400, 400, 400, 400, 400, 400, 400, 400] cpp_raw=[400, 400, 400, 400, 400, 400, 400, 400, 400, 400, 400, 400] public_ns=500 pointer_ns=400 slice_ns=400 cpp_ns=400 result=0 hash=6d1fa80ff9a52d4f
case w=31 h=17 layout=universal corpus=positive public_raw=[500, 1200, 800, 700, 700, 500, 500, 500, 500, 500, 500, 500] pointer_raw=[2800, 700, 900, 700, 600, 500, 500, 500, 500, 500, 500, 500] slice_raw=[700, 700, 700, 700, 500, 500, 500, 500, 500, 500, 500, 400] cpp_raw=[400, 400, 500, 400, 400, 400, 400, 400, 400, 400, 400, 400] public_ns=500 pointer_ns=500 slice_ns=500 cpp_ns=400 result=40702cf2bd10f800 hash=45edc35f09d36ded
case w=31 h=17 layout=universal corpus=cancellation public_raw=[400, 600, 500, 500, 500, 500, 500, 500, 500, 500, 500, 500] pointer_raw=[500, 500, 600, 500, 500, 500, 500, 500, 500, 500, 500, 500] slice_raw=[400, 500, 600, 500, 500, 400, 500, 500, 500, 500, 500, 500] cpp_raw=[400, 400, 400, 400, 400, 400, 400, 400, 400, 400, 400, 400] public_ns=500 pointer_ns=500 slice_ns=500 cpp_ns=400 result=0 hash=a4ba9168a61697b7
case w=31 h=17 layout=universal-negative corpus=positive public_raw=[500, 400, 600, 132100, 500, 500, 500, 1100, 500, 500, 400, 500] pointer_raw=[500, 500, 600, 500, 500, 500, 500, 700, 500, 500, 500, 500] slice_raw=[500, 500, 500, 500, 500, 500, 500, 700, 500, 500, 400, 500] cpp_raw=[400, 400, 400, 400, 400, 400, 400, 400, 400, 400, 400, 400] public_ns=500 pointer_ns=500 slice_ns=500 cpp_ns=400 result=40702cf2bd10f800 hash=314c0201084e056d
case w=31 h=17 layout=universal-negative corpus=cancellation public_raw=[700, 500, 500, 500, 500, 500, 500, 400, 500, 400, 700, 800] pointer_raw=[600, 500, 400, 400, 500, 400, 500, 400, 400, 500, 700, 600] slice_raw=[700, 500, 500, 400, 400, 500, 500, 500, 500, 500, 500, 600] cpp_raw=[400, 400, 400, 400, 400, 400, 400, 400, 400, 400, 400, 778900] public_ns=500 pointer_ns=500 slice_ns=500 cpp_ns=400 result=0 hash=e5517cc7a61697b7
case w=31 h=17 layout=repeated-row corpus=positive public_raw=[400, 500, 400, 500, 400, 500, 400, 500, 1100, 600, 600, 600] pointer_raw=[400, 400, 400, 400, 400, 400, 400, 400, 400, 500, 500, 500] slice_raw=[500, 400, 400, 400, 400, 400, 400, 400, 3200, 600, 700, 500] cpp_raw=[400, 400, 400, 400, 400, 400, 400, 400, 400, 400, 400, 400] public_ns=500 pointer_ns=400 slice_ns=400 cpp_ns=400 result=4074dfc7beb80000 hash=552d99476c28af5f
case w=31 h=17 layout=repeated-row corpus=cancellation public_raw=[500, 500, 500, 500, 500, 500, 500, 500, 1100, 600, 500, 700] pointer_raw=[400, 400, 400, 400, 400, 400, 400, 400, 400, 500, 400, 500] slice_raw=[400, 400, 400, 400, 400, 400, 400, 400, 2700, 500, 600, 700] cpp_raw=[400, 400, 400, 400, 400, 400, 400, 400, 700, 400, 400, 400] public_ns=500 pointer_ns=400 slice_ns=400 cpp_ns=400 result=0 hash=a7fc3bd9d42fa9cf
case w=31 h=17 layout=zero-both corpus=positive public_raw=[500, 500, 500, 500, 500, 500, 500, 500, 400, 400, 400, 400] pointer_raw=[500, 500, 500, 500, 500, 500, 400, 400, 500, 500, 500, 500] slice_raw=[500, 500, 500, 400, 500, 500, 500, 500, 500, 500, 500, 500] cpp_raw=[400, 400, 400, 400, 400, 400, 400, 400, 400, 400, 400, 400] public_ns=500 pointer_ns=500 slice_ns=500 cpp_ns=400 result=407971b867000000 hash=8dfb19b47f723b97
case w=31 h=17 layout=zero-both corpus=cancellation public_raw=[500, 500, 500, 500, 500, 500, 500, 500, 500, 500, 500, 500] pointer_raw=[500, 500, 500, 500, 500, 500, 400, 500, 500, 500, 500, 500] slice_raw=[500, 500, 400, 500, 500, 500, 400, 500, 500, 500, 500, 500] cpp_raw=[400, 400, 400, 400, 400, 400, 400, 400, 400, 400, 400, 400] public_ns=500 pointer_ns=500 slice_ns=500 cpp_ns=400 result=c4a651bedd400000 hash=93bae8e06d7f38b
case w=256 h=128 layout=contiguous corpus=positive public_raw=[26700, 97800, 73000, 113800, 46800, 26700, 26600, 26600, 105200, 56200, 81100, 26700] pointer_raw=[26600, 26700, 96900, 77000, 26800, 26600, 26600, 73800, 26800, 26700, 26700, 26700] slice_raw=[26600, 26700, 26800, 26700, 26700, 26600, 26600, 173900, 26800, 122200, 60300, 26700] cpp_raw=[77200, 26600, 26600, 26600, 26600, 26600, 26600, 26600, 28800, 26600, 26600, 26700] public_ns=51500 pointer_ns=26700 slice_ns=26700 cpp_ns=26600 result=40d05bc706e36e40 hash=3f262f3c25d3932c
case w=256 h=128 layout=contiguous corpus=cancellation public_raw=[265100, 26700, 26900, 63600, 26700, 146400, 26900, 26700, 26700, 26700, 26600, 26600] pointer_raw=[27400, 26700, 26600, 26800, 54100, 191400, 26800, 27000, 26600, 26600, 26600, 26600] slice_raw=[32600, 26700, 26600, 66300, 26700, 130500, 26800, 26800, 26600, 26700, 26600, 26600] cpp_raw=[26600, 26600, 26600, 94700, 26700, 42300, 57300, 26600, 26600, 26600, 26600, 26600] public_ns=26700 pointer_ns=26750 slice_ns=26700 cpp_ns=26600 result=3ff0000000000000 hash=92b36eaed3f34fbd
case w=256 h=128 layout=padded corpus=positive public_raw=[95700, 26700, 26600, 26700, 26600, 26600, 26900, 26800, 26600, 26800, 87300, 77100] pointer_raw=[48900, 26700, 26800, 26600, 26600, 26600, 103100, 26700, 26600, 26800, 76400, 239300] slice_raw=[26900, 26600, 26600, 26700, 26600, 26600, 26600, 26700, 26600, 27200, 26700, 56000] cpp_raw=[26600, 26600, 26600, 26600, 26600, 26600, 26600, 26700, 26600, 26700, 269300, 61900] public_ns=26750 pointer_ns=26750 slice_ns=26650 cpp_ns=26600 result=40d05bc706e36e40 hash=dbe5f10c75e5df2c
case w=256 h=128 layout=padded corpus=cancellation public_raw=[53100, 26800, 26700, 30200, 26800, 26800, 71600, 26900, 26600, 26600, 27000, 78000] pointer_raw=[29100, 26900, 26700, 26800, 26700, 26600, 26900, 26700, 26600, 26600, 26700, 26800] slice_raw=[168000, 26800, 26600, 26900, 26600, 26600, 26600, 26700, 26600, 26700, 26600, 107000] cpp_raw=[88000, 26600, 26600, 26600, 26900, 26600, 26600, 79200, 26800, 26600, 26600, 26700] public_ns=26850 pointer_ns=26700 slice_ns=26650 cpp_ns=26600 result=3ff0000000000000 hash=27aaca5e7e61b13d
case w=256 h=128 layout=negative-row corpus=positive public_raw=[26800, 26700, 26600, 26700, 1526900, 26800, 26700, 26700, 26600, 49400, 26700, 26700] pointer_raw=[26700, 30100, 26800, 26600, 26900, 63600, 26700, 26600, 26600, 244500, 26700, 26700] slice_raw=[26600, 26700, 26600, 367300, 26900, 26800, 26600, 26600, 26600, 32200, 26800, 26700] cpp_raw=[26600, 26900, 26600, 26600, 26700, 26600, 26600, 26600, 27100, 26700, 26600, 26700] public_ns=26700 pointer_ns=26700 slice_ns=26700 cpp_ns=26600 result=40d05bc706e36e40 hash=f79ed8293f6bcb5c
case w=256 h=128 layout=negative-row corpus=cancellation public_raw=[84900, 26700, 26800, 30000, 26800, 26800, 26900, 26700, 26600, 26700, 26600, 26600] pointer_raw=[26800, 26600, 26900, 26800, 29400, 26700, 26700, 26600, 26600, 31200, 26700, 26600] slice_raw=[26700, 26600, 26600, 26700, 26800, 26600, 26600, 27100, 26600, 34700, 26700, 26600] cpp_raw=[26600, 26600, 26800, 26600, 26700, 26600, 328100, 26600, 26600, 26600, 26600, 26600] public_ns=26750 pointer_ns=26700 slice_ns=26650 cpp_ns=26600 result=3ff0000000000000 hash=27aaca5e7e61b13d
case w=256 h=128 layout=universal corpus=positive public_raw=[26800, 26700, 26600, 46400, 26700, 27700, 26700, 28700, 26700, 26700, 191600, 77900] pointer_raw=[26700, 26700, 26700, 26900, 26700, 26600, 43800, 26800, 26800, 26700, 26900, 120100] slice_raw=[26700, 26800, 26900, 26700, 26700, 26700, 26900, 26800, 26700, 26700, 26700, 31400] cpp_raw=[26600, 26600, 26600, 26600, 26600, 34200, 27400, 26700, 26600, 26600, 26600, 31600] public_ns=26750 pointer_ns=26750 slice_ns=26700 cpp_ns=26600 result=40d05bc706e36e40 hash=f51edac924f49e8a
case w=256 h=128 layout=universal corpus=cancellation public_raw=[26700, 26900, 26700, 26600, 26700, 26900, 26800, 47900, 26700, 84700, 26700, 31000] pointer_raw=[26900, 27000, 26900, 26800, 26700, 26700, 26800, 27000, 26700, 26800, 30000, 27200] slice_raw=[26700, 200700, 26800, 26700, 26800, 26700, 29500, 26700, 139200, 26700, 26800, 26700] cpp_raw=[27100, 149100, 26600, 26600, 26600, 26600, 26800, 26600, 26800, 26600, 26600, 26700] public_ns=26750 pointer_ns=26850 slice_ns=26750 cpp_ns=26600 result=3ff0000000000000 hash=11c9366db9c9a94f
case w=256 h=128 layout=universal-negative corpus=positive public_raw=[30500, 61700, 26900, 26800, 26700, 26700, 26600, 26700, 26700, 26700, 26800, 26600] pointer_raw=[26800, 26800, 26700, 26700, 26600, 26800, 26700, 26700, 26700, 26800, 26700, 26700] slice_raw=[26700, 26700, 26800, 26700, 26800, 26700, 26700, 26900, 218600, 26700, 26700, 48400] cpp_raw=[26600, 26600, 26600, 26600, 26600, 26700, 26600, 26600, 26700, 26600, 26600, 26700] public_ns=26700 pointer_ns=26700 slice_ns=26700 cpp_ns=26600 result=40d05bc706e36e40 hash=80a7df72833edfd2
case w=256 h=128 layout=universal-negative corpus=cancellation public_raw=[1128300, 26700, 26800, 26600, 26700, 26900, 26600, 26800, 26600, 26700, 26600, 26600] pointer_raw=[26800, 26700, 26700, 26600, 26700, 26800, 26700, 26700, 26600, 26800, 26700, 27000] slice_raw=[26700, 26700, 26600, 26700, 26800, 26700, 26700, 26700, 88800, 43600, 26700, 27100] cpp_raw=[26600, 26600, 26600, 26600, 44500, 26700, 26600, 26700, 26700, 26600, 26600, 26600] public_ns=26700 pointer_ns=26700 slice_ns=26700 cpp_ns=26600 result=3ff0000000000000 hash=69b8d69cb89ba94f
case w=256 h=128 layout=repeated-row corpus=positive public_raw=[26700, 26700, 26700, 26600, 26600, 58300, 26700, 26700, 207000, 26800, 26600, 50500] pointer_raw=[26600, 47800, 26600, 26600, 26600, 26600, 26600, 26600, 26800, 26600, 26700, 26600] slice_raw=[26600, 26600, 26600, 26600, 26600, 26600, 26600, 30600, 26700, 217600, 26700, 26700] cpp_raw=[71600, 26600, 26600, 26600, 26600, 26600, 26600, 26600, 26600, 26700, 26600, 26600] public_ns=26700 pointer_ns=26600 slice_ns=26600 cpp_ns=26600 result=40cf81efb5c54000 hash=49714b53d54ac7b
case w=256 h=128 layout=repeated-row corpus=cancellation public_raw=[26700, 26600, 27100, 30500, 26700, 26800, 26700, 26700, 342400, 26800, 26600, 26600] pointer_raw=[26600, 26600, 26600, 89200, 26600, 26600, 225200, 1108100, 27400, 26700, 26600, 26600] slice_raw=[26600, 26600, 26600, 26600, 26600, 26600, 30500, 27300, 190600, 26600, 26600, 26600] cpp_raw=[26600, 26600, 26600, 26600, 26600, 51100, 199900, 26700, 26700, 26600, 26600, 26600] public_ns=26700 pointer_ns=26600 slice_ns=26600 cpp_ns=26600 result=3ff0000000000000 hash=e593d3b04b0d07bd
case w=256 h=128 layout=zero-both corpus=positive public_raw=[29900, 26700, 26700, 26600, 26600, 26600, 26600, 26900, 26600, 26700, 26600, 26600] pointer_raw=[220200, 26700, 26600, 26600, 26600, 26600, 26600, 26600, 26600, 26600, 26700, 26600] slice_raw=[26800, 26700, 26600, 26600, 26600, 26600, 26600, 26600, 26600, 45100, 26700, 26600] cpp_raw=[116000, 26600, 26600, 26600, 26600, 26600, 26600, 26600, 26600, 43400, 26600, 26600] public_ns=26600 pointer_ns=26600 slice_ns=26600 cpp_ns=26600 result=40bb3b6460000000 hash=dca1f6e90fc4a294
case w=256 h=128 layout=zero-both corpus=cancellation public_raw=[26700, 141100, 26800, 26600, 26600, 26600, 26600, 26600, 26600, 26700, 26600, 26600] pointer_raw=[26600, 26600, 26700, 26600, 26600, 26600, 26600, 26600, 26600, 26600, 26700, 26600] slice_raw=[26600, 26600, 26700, 26700, 26600, 26600, 26600, 26600, 26600, 47400, 26700, 26600] cpp_raw=[26600, 26600, 116100, 26600, 26600, 26600, 26600, 26600, 26600, 43900, 26600, 26600] public_ns=26600 pointer_ns=26600 slice_ns=26600 cpp_ns=26600 result=40e0000000000000 hash=5e6a49abe85e7e27
case w=2048 h=512 layout=contiguous corpus=positive public_raw=[1157800, 877200, 934200, 1031500, 929500, 1139600, 1342800, 1328900, 2272900, 1221800, 1705600, 852600] pointer_raw=[1070100, 921500, 1005800, 1434000, 1316800, 1273700, 1153700, 1135800, 1844900, 1259500, 1421400, 1371800] slice_raw=[1081600, 1158700, 1401000, 1026000, 4206000, 983700, 1131800, 1560200, 1599900, 1186600, 1277800, 1207100] cpp_raw=[1028800, 903300, 872500, 894400, 966200, 878800, 1903600, 1123800, 993600, 879300, 1146700, 1171500] public_ns=1148700 pointer_ns=1266600 slice_ns=1196850 cpp_ns=979900 result=41205e2e4a399ead hash=c6dac67e2265fef0
case w=2048 h=512 layout=contiguous corpus=cancellation public_raw=[948300, 868700, 882500, 874500, 873900, 868600, 866500, 882100, 866900, 903700, 915900, 1075200] pointer_raw=[890200, 914600, 864900, 879600, 874800, 867000, 866000, 893200, 879400, 983300, 1137000, 1193500] slice_raw=[1296300, 916900, 1013900, 1103600, 902100, 936900, 996700, 1159400, 925900, 982900, 1124400, 1094900] cpp_raw=[880700, 896400, 874700, 882300, 866600, 869800, 866700, 867100, 917900, 865900, 869600, 868000] public_ns=878300 pointer_ns=884900 slice_ns=1005300 cpp_ns=869700 result=3ff0000000000000 hash=a69aed56f8a74fbd
case w=2048 h=512 layout=padded corpus=positive public_raw=[926900, 940600, 1412300, 1012100, 1208600, 877200, 2295900, 1091600, 4189700, 2068300, 1232100, 1967400] pointer_raw=[1008300, 893400, 1425900, 1426400, 1240100, 876200, 1487500, 1302000, 1529500, 1613000, 1237400, 968600] slice_raw=[1038300, 1363500, 972800, 954900, 1504500, 1034100, 891300, 1596700, 1040900, 3583500, 1311100, 1065800] cpp_raw=[859700, 1585400, 866900, 872900, 1092600, 944700, 865300, 1114600, 1274500, 898800, 1245800, 1186500] public_ns=1220350 pointer_ns=1271050 slice_ns=1053350 cpp_ns=1018650 result=41205e2e4a399ead hash=2c08ab9cb604d170
case w=2048 h=512 layout=padded corpus=cancellation public_raw=[1013600, 853200, 887100, 867100, 867300, 876800, 896300, 1112900, 999700, 1108700, 967800, 1131800] pointer_raw=[892000, 964200, 888600, 879300, 1103800, 875000, 1093300, 1123700, 1162200, 881000, 1146900, 1169000] slice_raw=[1090700, 1424100, 1049400, 1097200, 1473300, 936800, 1664000, 1027700, 916000, 1014400, 890300, 853200] cpp_raw=[887900, 932500, 977400, 965400, 1005000, 871400, 946500, 1226000, 865600, 910300, 899000, 918700] public_ns=932050 pointer_ns=1028750 slice_ns=1038550 cpp_ns=925600 result=3ff0000000000000 hash=d0a747135a70713d
case w=2048 h=512 layout=negative-row corpus=positive public_raw=[909400, 910300, 974900, 872300, 872600, 1248900, 873700, 982200, 1062400, 1201800, 888200, 1016900] pointer_raw=[929300, 979400, 877500, 892900, 867800, 867700, 1033900, 1400400, 1098200, 1160200, 1857600, 1094400] slice_raw=[912300, 1187400, 1317100, 1127500, 979300, 1086700, 1129400, 1147500, 912900, 1228100, 1105800, 1085200] cpp_raw=[974800, 1049200, 870300, 942000, 877200, 854100, 892400, 866400, 882300, 1034000, 1534000, 903000] public_ns=942600 pointer_ns=1006650 slice_ns=1116650 cpp_ns=897700 result=41205e2e4a399ead hash=79d855f7de969fd4
case w=2048 h=512 layout=negative-row corpus=cancellation public_raw=[921500, 917800, 941500, 870400, 901600, 1011900, 1012900, 918100, 903100, 939500, 870900, 993900] pointer_raw=[888000, 940400, 942000, 987100, 880500, 897700, 907100, 1063400, 938400, 1063600, 1077700, 881400] slice_raw=[1082100, 1195200, 899100, 972300, 1094200, 934900, 1142000, 989600, 1355700, 967700, 853800, 962200] cpp_raw=[867600, 855300, 897100, 932700, 878100, 871300, 941500, 989000, 889300, 869000, 911300, 1121200] public_ns=919800 pointer_ns=939400 slice_ns=980950 cpp_ns=893200 result=3ff0000000000000 hash=d0a747135a70713d
case w=2048 h=512 layout=universal corpus=positive public_raw=[953900, 871400, 1355800, 1213200, 974100, 935900, 1121800, 1124500, 937300, 1229200, 1044100, 1045800] pointer_raw=[1144100, 879200, 1038800, 3365900, 901400, 897900, 2056400, 1313000, 875300, 1160100, 1003900, 1618500] slice_raw=[872400, 934300, 944200, 1095000, 1045200, 944300, 2119200, 1060200, 1261400, 855100, 1039100, 1026800] cpp_raw=[898300, 888000, 909600, 872100, 1056900, 1012600, 1001100, 853200, 875900, 904200, 1109300, 869200] public_ns=1044950 pointer_ns=1091450 slice_ns=1032950 cpp_ns=901250 result=41205e2e4a399ead hash=6e14901679ca267a
case w=2048 h=512 layout=universal corpus=cancellation public_raw=[1082800, 1244000, 1225900, 855300, 908600, 1118900, 1170600, 1295100, 1219500, 1391100, 881900, 1133600] pointer_raw=[3105000, 1101800, 1290700, 925100, 3258100, 955000, 939300, 893800, 1155100, 1192000, 1650700, 1862100] slice_raw=[1019500, 1445700, 1040400, 1325400, 2953100, 905800, 863500, 921200, 1114500, 898100, 1242700, 885300] cpp_raw=[883200, 1063600, 1082600, 1188800, 2074900, 1069000, 966500, 914900, 1004400, 875400, 876300, 950700] public_ns=1152100 pointer_ns=1173550 slice_ns=1029950 cpp_ns=985450 result=3ff0000000000000 hash=f76b74e1e473e94f
case w=2048 h=512 layout=universal-negative corpus=positive public_raw=[1102900, 1440200, 928600, 911100, 1034200, 1257500, 1101100, 880100, 1118000, 1148500, 2274000, 889200] pointer_raw=[1095100, 887600, 1889000, 1100100, 887500, 1015100, 1244700, 1260600, 1126900, 1175000, 855100, 3070700] slice_raw=[1139900, 2797600, 1132800, 1027300, 925000, 972300, 1217000, 1211400, 1121000, 986300, 1387200, 3960900] cpp_raw=[1119500, 1225600, 874800, 1240800, 1289300, 1412500, 1197400, 883200, 965500, 1328200, 1015800, 854000] public_ns=1102000 pointer_ns=1113500 slice_ns=1136350 cpp_ns=1158450 result=41205e2e4a399ead hash=36f1d619b4475f82
case w=2048 h=512 layout=universal-negative corpus=cancellation public_raw=[1036800, 1269500, 1813600, 1408700, 1123600, 989200, 1331300, 970600, 1166900, 1143900, 1002500, 908600] pointer_raw=[945800, 2354200, 887700, 917400, 1090100, 1050000, 1523000, 1041800, 1184700, 868900, 1071900, 868900] slice_raw=[1359000, 855200, 1110600, 1372700, 2718300, 1136200, 1272900, 1042100, 1004000, 866900, 1456400, 946800] cpp_raw=[1136500, 1069800, 1119500, 924900, 2932600, 1810900, 1622600, 2137100, 898200, 873800, 1035600, 951000] public_ns=1133750 pointer_ns=1045900 slice_ns=1123400 cpp_ns=1094650 result=3ff0000000000000 hash=ab9670d8fefbe94f
case w=2048 h=512 layout=repeated-row corpus=positive public_raw=[1027300, 1051900, 1046400, 1106400, 1149000, 1043500, 1263100, 1112600, 1238700, 1159700, 1164900, 1049700] pointer_raw=[869600, 1035600, 1264400, 881200, 851800, 1337300, 925800, 1160600, 1241700, 1273200, 871900, 1229400] slice_raw=[1095400, 1011500, 991400, 851600, 976100, 851700, 1037700, 1049100, 1025900, 906600, 875700, 881600] cpp_raw=[870500, 938700, 967300, 979900, 867700, 880200, 1000700, 1085000, 851600, 851500, 947000, 895000] public_ns=1109500 pointer_ns=1098100 slice_ns=983750 cpp_ns=916850 result=41208946735a2800 hash=9b7642ffa76b8e74
case w=2048 h=512 layout=repeated-row corpus=cancellation public_raw=[1120800, 1167800, 1155500, 1176600, 851700, 1230100, 926000, 1041400, 1041800, 1102400, 1232900, 881400] pointer_raw=[1272500, 1293100, 851700, 972800, 1199700, 937100, 1303700, 1219800, 923800, 1064300, 1121200, 1312700] slice_raw=[914000, 935700, 953200, 1023100, 1303800, 996200, 1046300, 1087100, 1078300, 1121200, 1292400, 969400] cpp_raw=[951100, 1920400, 1247200, 1032200, 870100, 863800, 885000, 864900, 870700, 910900, 885900, 1055200] public_ns=1111600 pointer_ns=1160450 slice_ns=1034700 cpp_ns=898400 result=3ff0000000000000 hash=7db41a694ebd0fbd
case w=2048 h=512 layout=zero-both corpus=positive public_raw=[2670800, 3563200, 851900, 920700, 1000800, 880500, 862500, 1049800, 870500, 851900, 988800, 974400] pointer_raw=[851800, 1034300, 1333300, 882500, 851900, 877600, 920700, 871000, 1021800, 876700, 1038800, 1176200] slice_raw=[876500, 961900, 1908000, 907500, 867500, 945000, 882400, 909900, 1025400, 880900, 867200, 872800] cpp_raw=[977400, 870900, 896600, 1144500, 871000, 911300, 936500, 889000, 871200, 932200, 1113800, 867700] public_ns=947550 pointer_ns=901600 slice_ns=894950 cpp_ns=903950 result=412e916880000000 hash=adc4660192ca3fa3
case w=2048 h=512 layout=zero-both corpus=cancellation public_raw=[1107800, 862100, 1251600, 962100, 1212600, 1116400, 994000, 871600, 1060100, 1076800, 1143400, 1061300] pointer_raw=[1243300, 938800, 1009300, 1108400, 989800, 888300, 1379600, 867800, 1029800, 1074700, 1263400, 1051600] slice_raw=[960100, 1057700, 862700, 881900, 998700, 994400, 1400500, 1085400, 1080700, 1108500, 1125900, 1144700] cpp_raw=[867300, 862200, 982900, 943500, 864800, 870500, 1104200, 987600, 865000, 870200, 851500, 864800] public_ns=1069050 pointer_ns=1040700 slice_ns=1069200 cpp_ns=868750 result=4130000000000000 hash=5e6a49abe85e7e27
m3_strict_reduction PASS cases=42 sink=0
