contracts PASS invalid/empty/out-zero/cancellation
semantic PASS cases=56 finite-bitwise NaN-class source-preserved
case w=31 h=17 layout=contiguous corpus=positive public_raw=[500, 400, 400, 400, 500, 400, 500, 400, 400, 400, 400, 400] pointer_raw=[500, 400, 400, 400, 400, 400, 400, 400, 400, 400, 400, 400] slice_raw=[400, 400, 400, 400, 400, 400, 400, 400, 400, 400, 400, 400] cpp_raw=[400, 400, 400, 400, 400, 400, 400, 400, 400, 400, 400, 400] public_ns=400 pointer_ns=400 slice_ns=400 cpp_ns=400 result=40702cf2bd10f800 hash=8596af9913445ebd
case w=31 h=17 layout=contiguous corpus=cancellation public_raw=[500, 400, 400, 400, 400, 400, 400, 400, 400, 400, 400, 400] pointer_raw=[400, 400, 400, 400, 400, 400, 400, 400, 400, 400, 400, 400] slice_raw=[400, 400, 400, 400, 400, 400, 400, 400, 400, 400, 400, 400] cpp_raw=[400, 400, 400, 400, 400, 400, 400, 400, 400, 400, 400, 400] public_ns=400 pointer_ns=400 slice_ns=400 cpp_ns=400 result=0 hash=789619667ec2b54f
case w=31 h=17 layout=padded corpus=positive public_raw=[500, 500, 500, 500, 500, 500, 500, 500, 500, 500, 500, 500] pointer_raw=[400, 400, 400, 400, 400, 400, 400, 400, 400, 400, 400, 400] slice_raw=[400, 400, 400, 400, 400, 400, 400, 400, 400, 400, 400, 400] cpp_raw=[400, 400, 400, 400, 400, 400, 400, 400, 400, 400, 400, 400] public_ns=500 pointer_ns=400 slice_ns=400 cpp_ns=400 result=40702cf2bd10f800 hash=d2884b9a0909f1bd
case w=31 h=17 layout=padded corpus=cancellation public_raw=[400, 500, 500, 500, 500, 500, 500, 500, 500, 500, 500, 500] pointer_raw=[400, 400, 400, 400, 400, 400, 400, 400, 400, 400, 400, 400] slice_raw=[400, 400, 400, 400, 400, 400, 400, 400, 400, 400, 400, 400] cpp_raw=[400, 400, 400, 400, 400, 400, 400, 400, 400, 400, 400, 400] public_ns=500 pointer_ns=400 slice_ns=400 cpp_ns=400 result=0 hash=1dab101df9a52d4f
case w=31 h=17 layout=negative-row corpus=positive public_raw=[500, 500, 500, 500, 500, 500, 500, 500, 500, 400, 500, 500] pointer_raw=[400, 400, 400, 400, 400, 400, 400, 400, 400, 400, 400, 400] slice_raw=[400, 400, 400, 400, 400, 400, 400, 400, 400, 400, 400, 400] cpp_raw=[400, 400, 400, 400, 400, 400, 400, 400, 400, 400, 400, 400] public_ns=500 pointer_ns=400 slice_ns=400 cpp_ns=400 result=40702cf2bd10f800 hash=8ff8755106ec0ed1
case w=31 h=17 layout=negative-row corpus=cancellation public_raw=[400, 500, 500, 500, 400, 500, 500, 500, 500, 500, 500, 500] pointer_raw=[400, 400, 400, 400, 400, 400, 400, 400, 400, 400, 400, 400] slice_raw=[400, 400, 400, 400, 400, 400, 400, 400, 400, 400, 400, 400] cpp_raw=[400, 400, 400, 400, 400, 400, 400, 400, 400, 400, 400, 400] public_ns=500 pointer_ns=400 slice_ns=400 cpp_ns=400 result=0 hash=6d1fa80ff9a52d4f
case w=31 h=17 layout=universal corpus=positive public_raw=[400, 400, 400, 500, 400, 500, 500, 500, 500, 500, 500, 400] pointer_raw=[500, 500, 500, 500, 400, 500, 500, 500, 500, 500, 500, 500] slice_raw=[500, 500, 500, 500, 400, 500, 500, 500, 500, 400, 400, 500] cpp_raw=[400, 400, 400, 400, 400, 400, 400, 400, 400, 400, 400, 400] public_ns=500 pointer_ns=500 slice_ns=500 cpp_ns=400 result=40702cf2bd10f800 hash=45edc35f09d36ded
case w=31 h=17 layout=universal corpus=cancellation public_raw=[400, 500, 500, 500, 400, 500, 500, 500, 500, 500, 500, 500] pointer_raw=[500, 500, 500, 400, 500, 500, 500, 500, 500, 500, 500, 400] slice_raw=[400, 500, 400, 500, 500, 500, 400, 500, 500, 500, 400, 500] cpp_raw=[400, 400, 400, 400, 400, 400, 400, 400, 400, 400, 400, 400] public_ns=500 pointer_ns=500 slice_ns=500 cpp_ns=400 result=0 hash=a4ba9168a61697b7
case w=31 h=17 layout=universal-negative corpus=positive public_raw=[500, 500, 500, 500, 500, 400, 500, 500, 500, 500, 500, 500] pointer_raw=[500, 500, 400, 500, 500, 500, 500, 500, 500, 500, 500, 500] slice_raw=[500, 500, 500, 400, 400, 500, 400, 400, 500, 500, 500, 400] cpp_raw=[400, 400, 400, 400, 400, 400, 400, 400, 400, 400, 400, 400] public_ns=500 pointer_ns=500 slice_ns=500 cpp_ns=400 result=40702cf2bd10f800 hash=314c0201084e056d
case w=31 h=17 layout=universal-negative corpus=cancellation public_raw=[400, 500, 500, 400, 400, 500, 400, 400, 500, 400, 500, 500] pointer_raw=[400, 400, 500, 500, 500, 500, 500, 500, 400, 500, 400, 400] slice_raw=[500, 500, 500, 500, 500, 500, 500, 500, 500, 500, 400, 500] cpp_raw=[400, 400, 400, 400, 400, 400, 400, 400, 400, 400, 400, 400] public_ns=450 pointer_ns=500 slice_ns=500 cpp_ns=400 result=0 hash=e5517cc7a61697b7
case w=31 h=17 layout=repeated-row corpus=positive public_raw=[500, 500, 400, 500, 500, 500, 500, 500, 400, 400, 400, 400] pointer_raw=[400, 400, 400, 400, 400, 400, 400, 400, 400, 400, 400, 400] slice_raw=[400, 400, 400, 400, 400, 400, 400, 400, 400, 400, 400, 400] cpp_raw=[400, 400, 400, 400, 400, 400, 400, 400, 400, 400, 400, 400] public_ns=500 pointer_ns=400 slice_ns=400 cpp_ns=400 result=4074dfc7beb80000 hash=552d99476c28af5f
case w=31 h=17 layout=repeated-row corpus=cancellation public_raw=[500, 500, 500, 500, 500, 500, 500, 500, 400, 500, 500, 500] pointer_raw=[400, 400, 400, 400, 400, 400, 400, 400, 400, 400, 400, 400] slice_raw=[400, 400, 400, 400, 400, 400, 400, 400, 400, 400, 400, 400] cpp_raw=[400, 400, 400, 400, 400, 400, 400, 400, 400, 400, 400, 400] public_ns=500 pointer_ns=400 slice_ns=400 cpp_ns=400 result=0 hash=a7fc3bd9d42fa9cf
case w=31 h=17 layout=zero-both corpus=positive public_raw=[500, 600, 800, 700, 500, 400, 500, 400, 400, 500, 400, 500] pointer_raw=[500, 900, 700, 98300, 500, 500, 500, 500, 400, 500, 500, 500] slice_raw=[700, 700, 600, 500, 500, 500, 500, 500, 500, 400, 400, 500] cpp_raw=[2400, 400, 500, 400, 400, 400, 400, 400, 400, 400, 400, 400] public_ns=500 pointer_ns=500 slice_ns=500 cpp_ns=400 result=407971b867000000 hash=8dfb19b47f723b97
case w=31 h=17 layout=zero-both corpus=cancellation public_raw=[500, 400, 500, 500, 400, 500, 500, 400, 400, 500, 500, 500] pointer_raw=[500, 400, 500, 500, 500, 500, 500, 500, 500, 500, 500, 500] slice_raw=[500, 500, 500, 500, 500, 400, 500, 500, 500, 500, 500, 500] cpp_raw=[400, 400, 400, 400, 400, 400, 400, 400, 400, 400, 400, 400] public_ns=500 pointer_ns=500 slice_ns=500 cpp_ns=400 result=c4a651bedd400000 hash=93bae8e06d7f38b
case w=256 h=128 layout=contiguous corpus=positive public_raw=[26700, 26700, 26800, 26700, 28000, 26700, 26600, 28300, 26700, 26700, 26700, 75900] pointer_raw=[26800, 26700, 26700, 26700, 218900, 26700, 26800, 26900, 26600, 87700, 78900, 26800] slice_raw=[26600, 84000, 26700, 26700, 26800, 26600, 26600, 28800, 26600, 26800, 26600, 26700] cpp_raw=[26600, 26600, 26600, 26600, 26600, 26600, 26600, 26900, 26600, 26600, 26600, 26600] public_ns=26700 pointer_ns=26800 slice_ns=26700 cpp_ns=26600 result=40d05bc706e36e40 hash=3f262f3c25d3932c
case w=256 h=128 layout=contiguous corpus=cancellation public_raw=[26700, 26800, 26700, 26700, 26700, 26700, 26800, 26700, 26600, 26600, 26700, 26600] pointer_raw=[26700, 26600, 26700, 87400, 26700, 26600, 26700, 26700, 26600, 26600, 26700, 26600] slice_raw=[26600, 251100, 26700, 26700, 26600, 26600, 26700, 26700, 26600, 26600, 26600, 26700] cpp_raw=[26600, 26600, 26600, 26600, 26600, 77400, 26600, 26600, 26600, 26600, 27100, 26600] public_ns=26700 pointer_ns=26700 slice_ns=26650 cpp_ns=26600 result=3ff0000000000000 hash=92b36eaed3f34fbd
case w=256 h=128 layout=padded corpus=positive public_raw=[26700, 26700, 26600, 26600, 26600, 26700, 26600, 26600, 26600, 26800, 26600, 26800] pointer_raw=[26600, 26600, 26700, 26600, 26600, 26600, 26600, 26600, 53200, 26800, 26700, 26700] slice_raw=[26600, 26800, 26600, 26600, 28200, 26700, 26600, 26600, 26700, 83500, 26700, 26700] cpp_raw=[26600, 26600, 26600, 26600, 26600, 26600, 26600, 26600, 90300, 26600, 26600, 26600] public_ns=26600 pointer_ns=26600 slice_ns=26700 cpp_ns=26600 result=40d05bc706e36e40 hash=dbe5f10c75e5df2c
case w=256 h=128 layout=padded corpus=cancellation public_raw=[26700, 26900, 26700, 26700, 26700, 26700, 26600, 26800, 26700, 26700, 26600, 27000] pointer_raw=[26600, 26600, 67000, 26600, 46300, 26700, 89400, 26700, 68900, 26700, 26600, 26700] slice_raw=[26600, 117900, 26700, 26600, 26700, 26600, 26600, 27200, 26700, 26600, 26600, 26700] cpp_raw=[26600, 29500, 26600, 26600, 26700, 26600, 26600, 26600, 26600, 26600, 26600, 26600] public_ns=26700 pointer_ns=26700 slice_ns=26650 cpp_ns=26600 result=3ff0000000000000 hash=27aaca5e7e61b13d
case w=256 h=128 layout=negative-row corpus=positive public_raw=[26700, 26800, 26600, 26900, 26800, 27000, 26800, 27400, 26800, 39900, 26700, 26800] pointer_raw=[26700, 253000, 26900, 26700, 26700, 26600, 26700, 26700, 26700, 26700, 26700, 29300] slice_raw=[70800, 26800, 26600, 81300, 26600, 26600, 26700, 26700, 26700, 26600, 26700, 26800] cpp_raw=[26600, 26600, 26600, 26600, 26600, 26600, 26600, 26600, 26700, 26800, 26600, 74600] public_ns=26800 pointer_ns=26700 slice_ns=26700 cpp_ns=26600 result=40d05bc706e36e40 hash=f79ed8293f6bcb5c
case w=256 h=128 layout=negative-row corpus=cancellation public_raw=[27200, 26800, 26700, 26600, 26600, 26700, 26600, 26600, 26600, 26700, 26600, 26600] pointer_raw=[26600, 30900, 26700, 26600, 26600, 73200, 26700, 26600, 26800, 26700, 26600, 45600] slice_raw=[26600, 26700, 26700, 26600, 26600, 26700, 26600, 26600, 26700, 26600, 26600, 26700] cpp_raw=[26600, 26700, 26600, 26600, 26700, 26600, 26600, 26600, 26700, 26600, 26600, 27200] public_ns=26600 pointer_ns=26700 slice_ns=26600 cpp_ns=26600 result=3ff0000000000000 hash=27aaca5e7e61b13d
case w=256 h=128 layout=universal corpus=positive public_raw=[26700, 26700, 26700, 26800, 26700, 26900, 26800, 26700, 26700, 26700, 26700, 26700] pointer_raw=[26700, 26800, 26700, 26700, 26700, 67500, 26700, 26700, 26700, 26900, 26700, 26700] slice_raw=[26700, 26900, 26700, 26700, 26700, 26700, 26700, 26700, 26700, 26700, 26800, 26800] cpp_raw=[39200, 26600, 38200, 26700, 26600, 26600, 26600, 26600, 41400, 26600, 26600, 26700] public_ns=26700 pointer_ns=26700 slice_ns=26700 cpp_ns=26600 result=40d05bc706e36e40 hash=f51edac924f49e8a
case w=256 h=128 layout=universal corpus=cancellation public_raw=[26700, 26800, 26700, 26600, 26700, 26700, 26700, 26700, 26700, 26800, 26800, 26800] pointer_raw=[26700, 26900, 26700, 26700, 26700, 31900, 26700, 26700, 26800, 990400, 27000, 26700] slice_raw=[26700, 48600, 26700, 26700, 26700, 26900, 26800, 26700, 26900, 26900, 26700, 27000] cpp_raw=[72400, 26700, 26600, 26600, 26600, 26600, 26600, 26700, 26700, 26900, 26600, 26700] public_ns=26700 pointer_ns=26700 slice_ns=26750 cpp_ns=26650 result=3ff0000000000000 hash=11c9366db9c9a94f
case w=256 h=128 layout=universal-negative corpus=positive public_raw=[26700, 26800, 26700, 26700, 26700, 26800, 26900, 26800, 26800, 26800, 27000, 26600] pointer_raw=[108600, 26900, 26700, 26700, 26800, 26700, 26900, 27100, 26700, 26900, 26700, 26600] slice_raw=[26900, 26800, 26700, 26700, 26700, 26700, 26600, 26800, 26700, 26700, 26800, 26700] cpp_raw=[807500, 26600, 26600, 26700, 26600, 26600, 26600, 26700, 102400, 26600, 26600, 26600] public_ns=26800 pointer_ns=26750 slice_ns=26700 cpp_ns=26600 result=40d05bc706e36e40 hash=80a7df72833edfd2
case w=256 h=128 layout=universal-negative corpus=cancellation public_raw=[26700, 26800, 27100, 34500, 26600, 26700, 26600, 26700, 26700, 26700, 46800, 26700] pointer_raw=[26700, 26700, 26800, 26700, 26700, 26800, 26700, 26700, 26900, 26700, 26700, 26700] slice_raw=[26700, 26700, 26800, 26700, 86500, 26700, 26700, 26700, 32400, 26700, 26700, 26700] cpp_raw=[26600, 26700, 26600, 26700, 26600, 26600, 26600, 26600, 26600, 26600, 26600, 26600] public_ns=26700 pointer_ns=26700 slice_ns=26700 cpp_ns=26600 result=3ff0000000000000 hash=69b8d69cb89ba94f
case w=256 h=128 layout=repeated-row corpus=positive public_raw=[26700, 26600, 26600, 26600, 26600, 26700, 26600, 26600, 26600, 97400, 26700, 26700] pointer_raw=[26600, 26600, 26600, 26600, 26600, 50100, 26600, 26600, 26600, 26600, 26700, 133600] slice_raw=[26600, 26600, 26600, 26600, 26600, 26600, 26600, 26600, 26600, 26600, 26700, 26700] cpp_raw=[26600, 26600, 26600, 26600, 26600, 26600, 26600, 26600, 26600, 26600, 26600, 26600] public_ns=26600 pointer_ns=26600 slice_ns=26600 cpp_ns=26600 result=40cf81efb5c54000 hash=49714b53d54ac7b
case w=256 h=128 layout=repeated-row corpus=cancellation public_raw=[26700, 26700, 26600, 26600, 26600, 26700, 26600, 26600, 26700, 26700, 26600, 26600] pointer_raw=[39000, 26600, 26600, 26600, 26600, 209400, 26700, 46500, 26600, 30100, 26600, 26600] slice_raw=[26600, 26600, 26600, 26600, 33300, 26700, 26600, 26800, 26600, 26600, 26600, 26600] cpp_raw=[26600, 26600, 26600, 26600, 41000, 26600, 26600, 26600, 26600, 26600, 26600, 26600] public_ns=26600 pointer_ns=26600 slice_ns=26600 cpp_ns=26600 result=3ff0000000000000 hash=e593d3b04b0d07bd
case w=256 h=128 layout=zero-both corpus=positive public_raw=[26700, 26600, 26600, 26600, 82200, 26700, 26600, 26600, 26600, 26700, 26600, 26600] pointer_raw=[26600, 26600, 26600, 26600, 26800, 47100, 26700, 26600, 26600, 26600, 26700, 26600] slice_raw=[26600, 26600, 26600, 26600, 26700, 60200, 26700, 26600, 26600, 31400, 26700, 26600] cpp_raw=[26600, 26600, 26600, 26600, 26600, 26600, 26600, 26600, 26600, 75300, 26600, 26600] public_ns=26600 pointer_ns=26600 slice_ns=26600 cpp_ns=26600 result=40bb3b6460000000 hash=dca1f6e90fc4a294
case w=256 h=128 layout=zero-both corpus=cancellation public_raw=[26800, 26600, 52800, 26600, 55900, 26700, 26600, 26600, 26600, 26600, 26600, 53100] pointer_raw=[26700, 26700, 26600, 26700, 32200, 29200, 26700, 26600, 26600, 26600, 26600, 27700] slice_raw=[26700, 26600, 26700, 26700, 32200, 26700, 26600, 26600, 26600, 26600, 26600, 26700] cpp_raw=[26600, 26600, 26600, 26600, 26600, 26600, 26600, 26600, 26600, 26600, 26600, 26600] public_ns=26600 pointer_ns=26700 slice_ns=26650 cpp_ns=26600 result=40e0000000000000 hash=5e6a49abe85e7e27
case w=2048 h=512 layout=contiguous corpus=positive public_raw=[880400, 1198000, 910600, 958000, 986500, 1191000, 1232300, 970500, 867900, 877100, 852400, 865400] pointer_raw=[934000, 1121800, 986200, 942000, 899100, 1149800, 908700, 898800, 1224300, 1106400, 869000, 1190200] slice_raw=[1051100, 1024400, 1227300, 990000, 1150900, 1118700, 1115600, 1111900, 1107200, 1040900, 852300, 1500600] cpp_raw=[980700, 1022000, 982400, 855000, 879500, 867800, 943000, 966400, 947500, 868400, 851800, 880400] public_ns=934300 pointer_ns=964100 slice_ns=1109550 cpp_ns=911700 result=41205e2e4a399ead hash=c6dac67e2265fef0
case w=2048 h=512 layout=contiguous corpus=cancellation public_raw=[880000, 1033400, 1194300, 1058400, 873500, 1145800, 1727000, 1152700, 1005700, 987900, 1330200, 1030600] pointer_raw=[1183300, 867500, 1480900, 1238800, 1288200, 1091900, 3025100, 869000, 1024300, 1134100, 875200, 890100] slice_raw=[915600, 1069400, 1114200, 1221200, 1054000, 1000600, 1084500, 852900, 938500, 1404800, 1084100, 893900] cpp_raw=[923100, 861600, 947500, 1730200, 974700, 865700, 996100, 977200, 913700, 965700, 852200, 918000] public_ns=1045900 pointer_ns=1113000 slice_ns=1061700 cpp_ns=935300 result=3ff0000000000000 hash=a69aed56f8a74fbd
case w=2048 h=512 layout=padded corpus=positive public_raw=[881700, 1121700, 1119900, 1055100, 1319400, 866700, 1031700, 1116300, 941000, 1053800, 1008100, 976700] pointer_raw=[852200, 1160100, 867300, 1458900, 932200, 945600, 1236600, 865100, 1140300, 1364400, 1128000, 867900] slice_raw=[1040700, 947700, 1064800, 1045300, 1042800, 1088300, 927800, 1050600, 980600, 1058600, 941900, 1186100] cpp_raw=[867600, 923700, 927300, 882600, 881200, 871700, 866000, 1064100, 864900, 914200, 1276400, 877400] public_ns=1042750 pointer_ns=1036800 slice_ns=1044050 cpp_ns=881900 result=41205e2e4a399ead hash=2c08ab9cb604d170
case w=2048 h=512 layout=padded corpus=cancellation public_raw=[952900, 911300, 960400, 991400, 1061300, 1303400, 1071000, 1550000, 1287600, 1099500, 868500, 1313500] pointer_raw=[975200, 983700, 1058100, 1066800, 944800, 1108100, 1003400, 1217700, 1081400, 1035500, 1184400, 1102900] slice_raw=[1419700, 1023500, 1202100, 1149400, 1242600, 1092900, 1091500, 1137300, 980600, 968400, 917500, 871700] cpp_raw=[1064900, 921700, 1124600, 964000, 866600, 866300, 1211200, 1115600, 871200, 865500, 871600, 873000] public_ns=1066150 pointer_ns=1062450 slice_ns=1092200 cpp_ns=897350 result=3ff0000000000000 hash=d0a747135a70713d
case w=2048 h=512 layout=negative-row corpus=positive public_raw=[1008600, 1365900, 927100, 894400, 1077200, 1142900, 1097500, 1624100, 1146500, 1337300, 1185700, 870000] pointer_raw=[3110400, 1143500, 995300, 1220400, 1186200, 1001400, 1023600, 1842200, 1135900, 917800, 907800, 1116700] slice_raw=[986400, 1179700, 1107800, 853800, 855800, 1202300, 858900, 1067600, 1336100, 1025300, 995200, 1658300] cpp_raw=[943300, 1183900, 876800, 1024200, 1019900, 868200, 924400, 942100, 909200, 868300, 940700, 949900] public_ns=1120200 pointer_ns=1126300 slice_ns=1046450 cpp_ns=941400 result=41205e2e4a399ead hash=79d855f7de969fd4
case w=2048 h=512 layout=negative-row corpus=cancellation public_raw=[1018200, 1377000, 914500, 1360900, 1048500, 1302400, 1233700, 1250100, 1198900, 870100, 1114100, 920200] pointer_raw=[947200, 1480000, 922900, 956500, 869800, 1074100, 1249900, 1018300, 1093900, 1019800, 966500, 1065300] slice_raw=[1160000, 1276300, 1297800, 900200, 1048000, 1247500, 1044500, 1126100, 992200, 1193900, 1003700, 1003400] cpp_raw=[876600, 1078700, 895400, 912100, 1029400, 976000, 1288100, 1161300, 876300, 890500, 904800, 932200] public_ns=1156500 pointer_ns=1019050 slice_ns=1087050 cpp_ns=922150 result=3ff0000000000000 hash=d0a747135a70713d
case w=2048 h=512 layout=universal corpus=positive public_raw=[856000, 1072600, 1285900, 876100, 925500, 1213400, 1119100, 955700, 1099500, 1111500, 1400000, 1917600] pointer_raw=[1095700, 878300, 1110200, 995600, 1323400, 976700, 871300, 978800, 923300, 899200, 1451300, 1475500] slice_raw=[1221600, 1129400, 935000, 1126900, 983100, 993500, 1018300, 883200, 867000, 1184200, 1168300, 911900] cpp_raw=[1178100, 961300, 892000, 865900, 883700, 1278200, 985800, 957300, 1146000, 979700, 957000, 892000] public_ns=1105500 pointer_ns=987200 slice_ns=1005900 cpp_ns=959300 result=41205e2e4a399ead hash=6e14901679ca267a
case w=2048 h=512 layout=universal corpus=cancellation public_raw=[1602300, 1061300, 1026400, 1074200, 853700, 1154400, 921100, 888500, 1283600, 1684200, 1123000, 1223600] pointer_raw=[1241200, 1274800, 1140400, 1098800, 1270200, 1012500, 969000, 1334000, 1053900, 1210300, 980300, 1018100] slice_raw=[907100, 880300, 1019400, 999200, 938300, 853900, 1116600, 976500, 921500, 953300, 923500, 1418500] cpp_raw=[882000, 867100, 871900, 882500, 894900, 867200, 894500, 864700, 867100, 884500, 885800, 871900] public_ns=1098600 pointer_ns=1119600 slice_ns=945800 cpp_ns=876950 result=3ff0000000000000 hash=f76b74e1e473e94f
case w=2048 h=512 layout=universal-negative corpus=positive public_raw=[1159000, 1006800, 935800, 1104100, 1368600, 994300, 1266200, 1135000, 1000300, 867800, 901000, 867000] pointer_raw=[963000, 935700, 933500, 906800, 1166900, 1140200, 1095700, 1113100, 1517000, 1302500, 867900, 875900] slice_raw=[1989700, 1022600, 1128800, 1311700, 1053500, 1068100, 1342900, 973200, 1203500, 1156600, 902300, 868600] cpp_raw=[965400, 909300, 932800, 881100, 931800, 852400, 1283800, 899100, 937000, 926700, 996900, 891500] public_ns=1003550 pointer_ns=1029350 slice_ns=1098450 cpp_ns=929250 result=41205e2e4a399ead hash=36f1d619b4475f82
case w=2048 h=512 layout=universal-negative corpus=cancellation public_raw=[853500, 1079300, 900000, 979900, 1102800, 896800, 1132500, 1253400, 1183400, 889600, 923600, 867300] pointer_raw=[1129700, 882800, 881600, 901400, 889200, 1085800, 868300, 979500, 869000, 1049300, 927600, 878100] slice_raw=[1223500, 1193500, 883800, 1023800, 1174600, 972600, 1017000, 871600, 890500, 853500, 945600, 921600] cpp_raw=[868600, 909700, 1077600, 914600, 952600, 929300, 883100, 882400, 1010000, 931400, 880300, 871400] public_ns=951750 pointer_ns=895300 slice_ns=959100 cpp_ns=912150 result=3ff0000000000000 hash=ab9670d8fefbe94f
case w=2048 h=512 layout=repeated-row corpus=positive public_raw=[3534500, 942400, 926000, 911300, 933000, 997900, 865200, 1112700, 989600, 851700, 896200, 874000] pointer_raw=[1313800, 920400, 878500, 927700, 952900, 866000, 1050700, 1299500, 1385200, 1375600, 1125300, 972800] slice_raw=[1270000, 1350700, 1019900, 1083700, 1080800, 985500, 922000, 2019400, 853600, 1093700, 1810100, 1299300] cpp_raw=[890900, 1087800, 862100, 981000, 880600, 863800, 1159600, 870100, 865100, 865500, 1131600, 994000] public_ns=929500 pointer_ns=1011750 slice_ns=1088700 cpp_ns=885750 result=41208946735a2800 hash=9b7642ffa76b8e74
case w=2048 h=512 layout=repeated-row corpus=cancellation public_raw=[1285600, 1398400, 995600, 1085800, 959800, 2421600, 1129400, 3745600, 982000, 872700, 1088900, 900200] pointer_raw=[873200, 882500, 895600, 915800, 1140600, 9684300, 1041600, 1025800, 982900, 993500, 965900, 862900] slice_raw=[1032200, 1359000, 1104500, 1228700, 1126800, 1421300, 1070900, 1093700, 938500, 1168600, 988800, 1028400] cpp_raw=[918400, 1016800, 967700, 1049300, 1017000, 6890200, 880000, 3868300, 868500, 872000, 1010000, 926400] public_ns=1087350 pointer_ns=974400 slice_ns=1099100 cpp_ns=988850 result=3ff0000000000000 hash=7db41a694ebd0fbd
case w=2048 h=512 layout=zero-both corpus=positive public_raw=[1143600, 1114100, 3459300, 1417300, 851800, 1261700, 1104400, 1239200, 851600, 879000, 851600, 865600] pointer_raw=[1001200, 1193800, 972600, 1045500, 1086200, 1356200, 1024900, 997800, 1398400, 966100, 862500, 863100] slice_raw=[1345300, 1357400, 978000, 1193800, 860500, 887900, 939500, 904700, 1464100, 873500, 937300, 863500] cpp_raw=[962500, 1145300, 1061800, 974000, 911500, 851600, 851500, 854200, 935900, 884900, 866900, 876800] public_ns=1109250 pointer_ns=1013050 slice_ns=938400 cpp_ns=898200 result=412e916880000000 hash=adc4660192ca3fa3
case w=2048 h=512 layout=zero-both corpus=cancellation public_raw=[951700, 1009100, 1135400, 1228700, 874700, 1057800, 1095900, 1135900, 875100, 1254700, 979200, 1144600] pointer_raw=[1107300, 1253600, 851700, 861600, 1078400, 1111400, 852100, 851700, 851600, 1119200, 877300, 1105100] slice_raw=[1086900, 851700, 1282500, 941300, 1069800, 1053500, 1208100, 1226400, 1141700, 1115700, 1147900, 1062200] cpp_raw=[895500, 866400, 851600, 908400, 887600, 913100, 851700, 1035400, 852100, 1153600, 862900, 1181400] public_ns=1076850 pointer_ns=977850 slice_ns=1101300 cpp_ns=891550 result=4130000000000000 hash=5e6a49abe85e7e27
m3_strict_reduction PASS cases=42 sink=0
