contracts PASS invalid/empty/out-zero/cancellation
semantic PASS cases=56 finite-bitwise NaN-class source-preserved
case w=31 h=17 layout=contiguous corpus=positive public_raw=[500, 400, 400, 500, 500, 400, 400, 500, 400, 400, 400, 400] pointer_raw=[400, 400, 400, 400, 400, 400, 400, 400, 400, 400, 400, 400] slice_raw=[400, 400, 400, 400, 400, 400, 400, 400, 400, 400, 400, 400] cpp_raw=[400, 400, 400, 400, 400, 400, 400, 400, 400, 400, 400, 400] public_ns=400 pointer_ns=400 slice_ns=400 cpp_ns=400 result=40702cf2bd10f800 hash=8596af9913445ebd
case w=31 h=17 layout=contiguous corpus=cancellation public_raw=[500, 400, 400, 400, 400, 500, 400, 400, 400, 500, 400, 500] pointer_raw=[400, 400, 400, 400, 400, 400, 400, 400, 400, 400, 400, 400] slice_raw=[400, 400, 400, 400, 400, 400, 400, 400, 400, 400, 400, 400] cpp_raw=[400, 400, 400, 400, 400, 400, 400, 400, 400, 400, 400, 400] public_ns=400 pointer_ns=400 slice_ns=400 cpp_ns=400 result=0 hash=789619667ec2b54f
case w=31 h=17 layout=padded corpus=positive public_raw=[500, 400, 500, 400, 400, 500, 500, 400, 500, 500, 400, 500] pointer_raw=[400, 400, 400, 400, 400, 400, 400, 400, 400, 400, 400, 400] slice_raw=[400, 400, 400, 400, 400, 400, 400, 400, 400, 400, 400, 400] cpp_raw=[400, 400, 400, 400, 400, 400, 400, 400, 400, 400, 400, 400] public_ns=500 pointer_ns=400 slice_ns=400 cpp_ns=400 result=40702cf2bd10f800 hash=d2884b9a0909f1bd
case w=31 h=17 layout=padded corpus=cancellation public_raw=[500, 500, 500, 500, 500, 500, 500, 500, 500, 500, 500, 500] pointer_raw=[400, 400, 400, 400, 400, 400, 400, 400, 400, 400, 400, 400] slice_raw=[400, 400, 400, 400, 400, 400, 400, 400, 400, 400, 400, 400] cpp_raw=[400, 400, 400, 400, 400, 400, 400, 400, 400, 400, 400, 400] public_ns=500 pointer_ns=400 slice_ns=400 cpp_ns=400 result=0 hash=1dab101df9a52d4f
case w=31 h=17 layout=negative-row corpus=positive public_raw=[500, 500, 500, 400, 400, 500, 500, 500, 500, 500, 500, 500] pointer_raw=[400, 400, 400, 400, 400, 400, 400, 400, 400, 400, 400, 400] slice_raw=[400, 400, 400, 400, 400, 400, 400, 400, 400, 400, 400, 400] cpp_raw=[400, 400, 400, 400, 400, 400, 400, 400, 400, 400, 400, 400] public_ns=500 pointer_ns=400 slice_ns=400 cpp_ns=400 result=40702cf2bd10f800 hash=8ff8755106ec0ed1
case w=31 h=17 layout=negative-row corpus=cancellation public_raw=[500, 500, 500, 500, 500, 400, 500, 500, 500, 500, 500, 500] pointer_raw=[400, 400, 400, 400, 400, 400, 400, 400, 400, 400, 400, 400] slice_raw=[400, 400, 400, 400, 400, 400, 400, 400, 400, 400, 400, 400] cpp_raw=[400, 400, 400, 400, 400, 400, 400, 400, 400, 400, 400, 400] public_ns=500 pointer_ns=400 slice_ns=400 cpp_ns=400 result=0 hash=6d1fa80ff9a52d4f
case w=31 h=17 layout=universal corpus=positive public_raw=[500, 500, 500, 400, 500, 500, 500, 400, 600, 500, 500, 500] pointer_raw=[500, 500, 500, 400, 400, 500, 500, 400, 600, 600, 500, 500] slice_raw=[500, 500, 500, 400, 400, 500, 400, 21000, 600, 500, 500, 500] cpp_raw=[400, 400, 400, 400, 400, 400, 400, 400, 400, 400, 400, 400] public_ns=500 pointer_ns=500 slice_ns=500 cpp_ns=400 result=40702cf2bd10f800 hash=45edc35f09d36ded
case w=31 h=17 layout=universal corpus=cancellation public_raw=[400, 500, 400, 500, 400, 600, 600, 400, 500, 500, 500, 400] pointer_raw=[400, 500, 500, 500, 400, 500, 500, 400, 400, 500, 500, 500] slice_raw=[500, 400, 500, 500, 500, 900, 700, 500, 500, 500, 400, 500] cpp_raw=[400, 400, 400, 400, 400, 400, 400, 400, 400, 400, 400, 400] public_ns=500 pointer_ns=500 slice_ns=500 cpp_ns=400 result=0 hash=a4ba9168a61697b7
case w=31 h=17 layout=universal-negative corpus=positive public_raw=[400, 400, 500, 500, 500, 400, 500, 400, 500, 500, 500, 500] pointer_raw=[500, 400, 400, 500, 500, 400, 500, 500, 500, 500, 500, 500] slice_raw=[500, 500, 500, 500, 400, 500, 500, 500, 400, 400, 500, 500] cpp_raw=[400, 400, 400, 400, 400, 400, 400, 400, 400, 400, 400, 400] public_ns=500 pointer_ns=500 slice_ns=500 cpp_ns=400 result=40702cf2bd10f800 hash=314c0201084e056d
case w=31 h=17 layout=universal-negative corpus=cancellation public_raw=[500, 500, 500, 500, 500, 500, 500, 400, 500, 400, 500, 400] pointer_raw=[500, 500, 500, 500, 400, 500, 500, 500, 500, 500, 500, 500] slice_raw=[500, 500, 400, 500, 400, 400, 400, 500, 500, 500, 500, 500] cpp_raw=[400, 400, 400, 400, 400, 400, 400, 400, 400, 400, 400, 400] public_ns=500 pointer_ns=500 slice_ns=500 cpp_ns=400 result=0 hash=e5517cc7a61697b7
case w=31 h=17 layout=repeated-row corpus=positive public_raw=[500, 500, 400, 500, 500, 500, 500, 500, 500, 600, 600, 600] pointer_raw=[400, 400, 400, 400, 400, 400, 400, 400, 400, 400, 500, 500] slice_raw=[400, 400, 400, 400, 400, 400, 400, 400, 400, 400, 2200, 700] cpp_raw=[400, 400, 400, 400, 400, 400, 400, 400, 400, 900, 800, 400] public_ns=500 pointer_ns=400 slice_ns=400 cpp_ns=400 result=4074dfc7beb80000 hash=552d99476c28af5f
case w=31 h=17 layout=repeated-row corpus=cancellation public_raw=[500, 400, 400, 500, 500, 500, 500, 500, 500, 500, 500, 500] pointer_raw=[400, 400, 400, 400, 400, 400, 400, 400, 400, 400, 400, 400] slice_raw=[400, 400, 400, 400, 400, 400, 400, 400, 400, 400, 400, 400] cpp_raw=[400, 400, 400, 400, 400, 400, 400, 400, 400, 400, 400, 400] public_ns=500 pointer_ns=400 slice_ns=400 cpp_ns=400 result=0 hash=a7fc3bd9d42fa9cf
case w=31 h=17 layout=zero-both corpus=positive public_raw=[400, 400, 500, 500, 400, 400, 500, 500, 400, 400, 500, 500] pointer_raw=[500, 500, 500, 500, 500, 500, 500, 500, 500, 500, 500, 500] slice_raw=[500, 500, 500, 500, 500, 500, 500, 500, 500, 500, 500, 500] cpp_raw=[400, 400, 400, 400, 400, 400, 400, 400, 400, 400, 400, 400] public_ns=450 pointer_ns=500 slice_ns=500 cpp_ns=400 result=407971b867000000 hash=8dfb19b47f723b97
case w=31 h=17 layout=zero-both corpus=cancellation public_raw=[500, 400, 500, 500, 400, 500, 400, 500, 500, 500, 500, 500] pointer_raw=[400, 500, 500, 500, 500, 500, 500, 400, 500, 500, 500, 400] slice_raw=[500, 500, 500, 500, 500, 500, 400, 500, 500, 400, 400, 500] cpp_raw=[400, 400, 400, 400, 400, 400, 400, 400, 400, 400, 400, 400] public_ns=500 pointer_ns=500 slice_ns=500 cpp_ns=400 result=c4a651bedd400000 hash=93bae8e06d7f38b
case w=256 h=128 layout=contiguous corpus=positive public_raw=[45700, 26800, 26700, 26800, 45400, 26800, 26700, 26700, 26700, 26600, 26700, 26600] pointer_raw=[26700, 26800, 29900, 26700, 26800, 26800, 26700, 26600, 26600, 26600, 26700, 26600] slice_raw=[26700, 26700, 26800, 26700, 29400, 26700, 26700, 26700, 26600, 26600, 26600, 26700] cpp_raw=[76500, 26700, 26600, 26700, 26700, 29000, 26700, 26600, 26600, 26600, 26600, 26600] public_ns=26700 pointer_ns=26700 slice_ns=26700 cpp_ns=26650 result=40d05bc706e36e40 hash=3f262f3c25d3932c
case w=256 h=128 layout=contiguous corpus=cancellation public_raw=[26700, 27100, 26600, 26600, 411600, 26700, 26600, 26800, 26700, 26700, 26600, 26600] pointer_raw=[26600, 26600, 26600, 26800, 26900, 26700, 26600, 26700, 26600, 26600, 26700, 26600] slice_raw=[26600, 26600, 26600, 26700, 26700, 26700, 26600, 26700, 26600, 26700, 26600, 26600] cpp_raw=[26600, 26600, 26600, 26600, 26600, 26600, 26600, 26700, 26600, 26600, 26600, 26600] public_ns=26700 pointer_ns=26600 slice_ns=26600 cpp_ns=26600 result=3ff0000000000000 hash=92b36eaed3f34fbd
case w=256 h=128 layout=padded corpus=positive public_raw=[26700, 26700, 26600, 26600, 26600, 26700, 26700, 26600, 26600, 26700, 26600, 26600] pointer_raw=[26700, 26900, 26600, 26600, 26600, 26700, 26600, 26800, 26600, 26600, 26600, 26600] slice_raw=[26600, 26700, 26600, 26600, 59900, 26700, 26600, 26900, 26600, 26600, 26600, 69000] cpp_raw=[26600, 26600, 26600, 26600, 26600, 26600, 26600, 26600, 26600, 26600, 26600, 26600] public_ns=26600 pointer_ns=26600 slice_ns=26600 cpp_ns=26600 result=40d05bc706e36e40 hash=dbe5f10c75e5df2c
case w=256 h=128 layout=padded corpus=cancellation public_raw=[67300, 26700, 26600, 26700, 26600, 26700, 26600, 26600, 26600, 26800, 26700, 26600] pointer_raw=[26800, 26600, 26700, 26600, 26600, 26800, 26600, 26700, 26600, 26700, 26600, 26600] slice_raw=[26700, 27000, 26600, 26600, 26600, 26700, 26600, 26600, 65400, 26700, 26600, 26600] cpp_raw=[26600, 26600, 26600, 26600, 53400, 26600, 26600, 26600, 26600, 26700, 26600, 26600] public_ns=26650 pointer_ns=26600 slice_ns=26600 cpp_ns=26600 result=3ff0000000000000 hash=27aaca5e7e61b13d
case w=256 h=128 layout=negative-row corpus=positive public_raw=[26700, 26600, 26600, 26700, 26600, 26600, 48800, 26700, 26700, 60200, 27400, 26600] pointer_raw=[26600, 26600, 26600, 26700, 26600, 26600, 27900, 26700, 26600, 26600, 26700, 26600] slice_raw=[26600, 26600, 26600, 26700, 26600, 26600, 26600, 26700, 26600, 26600, 26700, 26600] cpp_raw=[26600, 26600, 26600, 26600, 26600, 26600, 26600, 26600, 26600, 26600, 26600, 26600] public_ns=26700 pointer_ns=26600 slice_ns=26600 cpp_ns=26600 result=40d05bc706e36e40 hash=f79ed8293f6bcb5c
case w=256 h=128 layout=negative-row corpus=cancellation public_raw=[26700, 26700, 26800, 26600, 26700, 26700, 26600, 26800, 26700, 26600, 26600, 52000] pointer_raw=[26600, 26600, 26600, 26600, 26600, 26700, 26600, 44500, 26700, 26600, 26600, 26700] slice_raw=[26600, 26700, 26600, 26600, 26900, 26600, 26600, 26800, 26600, 26600, 26600, 26700] cpp_raw=[48100, 26600, 26600, 26600, 27000, 26600, 26600, 117400, 26600, 26600, 26600, 26600] public_ns=26700 pointer_ns=26600 slice_ns=26600 cpp_ns=26600 result=3ff0000000000000 hash=27aaca5e7e61b13d
case w=256 h=128 layout=universal corpus=positive public_raw=[26700, 39700, 26700, 26700, 40500, 26700, 26700, 26700, 26600, 26700, 26600, 26700] pointer_raw=[26700, 26600, 26700, 26700, 26700, 26700, 49600, 26900, 26700, 26600, 26700, 51800] slice_raw=[26700, 26700, 26700, 26800, 27300, 26700, 26600, 26700, 26700, 26900, 26800, 26800] cpp_raw=[26600, 26600, 26600, 26600, 26600, 26600, 26600, 26600, 26600, 26600, 26700, 26600] public_ns=26700 pointer_ns=26700 slice_ns=26700 cpp_ns=26600 result=40d05bc706e36e40 hash=f51edac924f49e8a
case w=256 h=128 layout=universal corpus=cancellation public_raw=[26700, 26700, 26600, 26900, 26900, 147500, 26700, 26600, 26900, 26700, 26900, 26700] pointer_raw=[26600, 26600, 27000, 27400, 26800, 26800, 26700, 26700, 26700, 26800, 26800, 26700] slice_raw=[26700, 26900, 26700, 26900, 26800, 26800, 26900, 26700, 26700, 26600, 26700, 26800] cpp_raw=[26700, 26600, 26600, 26800, 26800, 26600, 26600, 26600, 26600, 26600, 27100, 26600] public_ns=26700 pointer_ns=26750 slice_ns=26750 cpp_ns=26600 result=3ff0000000000000 hash=11c9366db9c9a94f
case w=256 h=128 layout=universal-negative corpus=positive public_raw=[26700, 26600, 26800, 26600, 26600, 27100, 26600, 26800, 26600, 26700, 26700, 26600] pointer_raw=[26700, 26600, 26800, 26700, 26600, 26800, 26600, 26800, 26700, 26700, 26700, 26600] slice_raw=[26700, 26700, 26700, 26700, 26700, 26700, 26700, 26700, 26700, 26600, 26700, 26700] cpp_raw=[26600, 26600, 26600, 26600, 42900, 26600, 26600, 26600, 26600, 26700, 26600, 26600] public_ns=26650 pointer_ns=26700 slice_ns=26700 cpp_ns=26600 result=40d05bc706e36e40 hash=80a7df72833edfd2
case w=256 h=128 layout=universal-negative corpus=cancellation public_raw=[26700, 135100, 26700, 26600, 26700, 26900, 26800, 26800, 55400, 26700, 26800, 26600] pointer_raw=[26600, 26600, 26700, 26800, 26600, 26600, 26900, 26800, 26800, 26700, 26700, 39500] slice_raw=[26600, 26600, 27000, 26700, 26800, 26800, 27000, 26700, 26700, 26700, 26600, 39400] cpp_raw=[26600, 26600, 26600, 26600, 26600, 26800, 26800, 26800, 26600, 26600, 26600, 26600] public_ns=26750 pointer_ns=26700 slice_ns=26700 cpp_ns=26600 result=3ff0000000000000 hash=69b8d69cb89ba94f
case w=256 h=128 layout=repeated-row corpus=positive public_raw=[26700, 26600, 26600, 26600, 26600, 26700, 26600, 26600, 26600, 26600, 26600, 26600] pointer_raw=[26600, 26600, 26600, 26600, 26600, 26700, 26600, 26600, 26600, 26600, 26600, 26600] slice_raw=[26600, 26600, 26600, 26600, 70100, 26600, 26600, 26600, 26600, 26600, 26600, 26600] cpp_raw=[26600, 26600, 26600, 26600, 26600, 26600, 26600, 26600, 26600, 26600, 26600, 26600] public_ns=26600 pointer_ns=26600 slice_ns=26600 cpp_ns=26600 result=40cf81efb5c54000 hash=49714b53d54ac7b
case w=256 h=128 layout=repeated-row corpus=cancellation public_raw=[26700, 26700, 26700, 26600, 26700, 26700, 26600, 26600, 26600, 46800, 26700, 26600] pointer_raw=[26600, 26700, 26600, 26600, 26600, 26600, 26600, 26600, 26600, 26600, 26700, 26600] slice_raw=[49800, 26600, 26600, 26600, 26600, 26600, 26600, 26600, 26600, 26600, 26700, 26600] cpp_raw=[26700, 26600, 26600, 26600, 26600, 26600, 26600, 26600, 26600, 38500, 26600, 26600] public_ns=26700 pointer_ns=26600 slice_ns=26600 cpp_ns=26600 result=3ff0000000000000 hash=e593d3b04b0d07bd
case w=256 h=128 layout=zero-both corpus=positive public_raw=[26700, 26600, 26600, 26600, 26600, 26600, 26600, 26600, 26600, 26700, 26600, 26600] pointer_raw=[26600, 26600, 26600, 26600, 26600, 26600, 26600, 26600, 41700, 26600, 26600, 26600] slice_raw=[26600, 26600, 26600, 26600, 26600, 26600, 26600, 26600, 26700, 26600, 26600, 26600] cpp_raw=[26600, 26600, 26600, 26600, 26600, 26600, 26600, 26600, 26600, 26600, 26600, 26600] public_ns=26600 pointer_ns=26600 slice_ns=26600 cpp_ns=26600 result=40bb3b6460000000 hash=dca1f6e90fc4a294
case w=256 h=128 layout=zero-both corpus=cancellation public_raw=[26700, 26700, 26600, 26600, 26600, 26600, 26600, 26600, 26600, 26600, 26700, 26600] pointer_raw=[26600, 26600, 26700, 26600, 26600, 26600, 26600, 26600, 26600, 26600, 26700, 26600] slice_raw=[26600, 26700, 26600, 26600, 26600, 26600, 26600, 26600, 26600, 26600, 57400, 26700] cpp_raw=[60400, 26600, 26600, 26600, 26600, 26600, 26600, 26600, 26600, 26600, 26600, 26600] public_ns=26600 pointer_ns=26600 slice_ns=26600 cpp_ns=26600 result=40e0000000000000 hash=5e6a49abe85e7e27
case w=2048 h=512 layout=contiguous corpus=positive public_raw=[1116900, 1302200, 1008700, 1010900, 909900, 1001300, 883100, 969000, 881500, 870900, 931300, 958100] pointer_raw=[851900, 1006700, 1095000, 877100, 876800, 1115200, 906200, 885300, 926700, 936700, 883400, 932900] slice_raw=[908500, 964300, 974000, 990800, 995400, 991900, 1005300, 991300, 867500, 1059900, 1012100, 1232100] cpp_raw=[871200, 875900, 903700, 1048300, 886600, 852100, 910600, 851800, 945100, 918200, 882400, 917600] public_ns=963550 pointer_ns=916450 slice_ns=991600 cpp_ns=895150 result=41205e2e4a399ead hash=c6dac67e2265fef0
case w=2048 h=512 layout=contiguous corpus=cancellation public_raw=[1246500, 869500, 878700, 882800, 2000600, 913600, 852800, 922900, 855800, 1110600, 1120200, 875900] pointer_raw=[944800, 852100, 882800, 1132500, 1150000, 1095500, 2383100, 876000, 1015400, 1072000, 1030800, 1144500] slice_raw=[1212300, 879500, 1155900, 1002500, 912600, 852100, 920300, 1150700, 955800, 977200, 852000, 1087200] cpp_raw=[885700, 884900, 875000, 878900, 898400, 852000, 888500, 893500, 872900, 927600, 908300, 939600] public_ns=898200 pointer_ns=1051400 slice_ns=966500 cpp_ns=887100 result=3ff0000000000000 hash=a69aed56f8a74fbd
case w=2048 h=512 layout=padded corpus=positive public_raw=[879100, 1123600, 932100, 1042300, 852600, 1066000, 2127100, 983600, 1091100, 880000, 910300, 1141600] pointer_raw=[917100, 1023200, 1015200, 852100, 883200, 1005200, 1239400, 975800, 2298100, 988100, 1143100, 1210500] slice_raw=[904600, 973700, 883200, 852500, 1053700, 939200, 852100, 1011600, 1110100, 1202100, 1021500, 2285000] cpp_raw=[883800, 865400, 866200, 864700, 864600, 879400, 851900, 852100, 897500, 852300, 879100, 867800] public_ns=1012950 pointer_ns=1010200 slice_ns=992650 cpp_ns=865800 result=41205e2e4a399ead hash=2c08ab9cb604d170
case w=2048 h=512 layout=padded corpus=cancellation public_raw=[2298100, 2268800, 1183100, 2252800, 889100, 868400, 1001000, 879300, 865900, 1157600, 1066800, 1038000] pointer_raw=[852400, 894300, 1082800, 1120900, 931400, 990400, 919100, 912800, 876800, 878800, 1224800, 1264100] slice_raw=[1148400, 993700, 2577100, 1126600, 905300, 1098300, 926200, 945700, 1018100, 1148100, 1068700, 1635200] cpp_raw=[865100, 889400, 2155100, 853500, 872100, 871700, 865100, 858000, 873900, 893600, 2544200, 919700] public_ns=1052400 pointer_ns=925250 slice_ns=1083500 cpp_ns=873000 result=3ff0000000000000 hash=d0a747135a70713d
case w=2048 h=512 layout=negative-row corpus=positive public_raw=[856400, 881100, 892900, 871900, 872700, 883900, 1190000, 870600, 1312800, 1008200, 1269400, 887300] pointer_raw=[922100, 893200, 871100, 854000, 874900, 1133800, 870100, 875500, 1032800, 900000, 1133500, 1002600] slice_raw=[972600, 1103500, 1014400, 857800, 931200, 947500, 997500, 1076300, 1013600, 895100, 1103900, 968600] cpp_raw=[908800, 1150400, 875100, 893900, 869400, 870400, 869900, 920600, 853500, 892600, 1048900, 964100] public_ns=885600 pointer_ns=896600 slice_ns=985050 cpp_ns=893250 result=41205e2e4a399ead hash=79d855f7de969fd4
case w=2048 h=512 layout=negative-row corpus=cancellation public_raw=[944700, 901900, 924500, 960500, 1241700, 988400, 925900, 939800, 1067200, 944200, 867500, 940100] pointer_raw=[987500, 1108800, 1240800, 1001600, 989500, 918800, 1014600, 949300, 895200, 1052600, 1166000, 1200300] slice_raw=[1175500, 1101200, 900700, 982600, 1006400, 1165400, 984200, 1010400, 1213000, 976600, 915900, 896700] cpp_raw=[856900, 1112000, 882800, 882200, 878800, 907800, 1148800, 893700, 1252900, 901500, 875000, 958500] public_ns=942150 pointer_ns=1008100 slice_ns=995300 cpp_ns=897600 result=3ff0000000000000 hash=d0a747135a70713d
case w=2048 h=512 layout=universal corpus=positive public_raw=[896100, 944000, 886200, 925400, 897600, 890000, 1029900, 853600, 1300200, 1024700, 880400, 1020100] pointer_raw=[972300, 1006300, 1067500, 885800, 1174200, 898600, 1336500, 885600, 967300, 1041200, 860000, 1482600] slice_raw=[1225000, 931900, 1099300, 990000, 941100, 1201000, 1000400, 897000, 1080400, 854400, 1034600, 977700] cpp_raw=[1151200, 889000, 1144200, 882600, 889600, 880700, 853100, 876400, 888700, 961900, 880400, 885700] public_ns=911500 pointer_ns=989300 slice_ns=995200 cpp_ns=887200 result=41205e2e4a399ead hash=6e14901679ca267a
case w=2048 h=512 layout=universal corpus=cancellation public_raw=[982700, 1062100, 913200, 993500, 933300, 1243600, 1064600, 981000, 1576200, 1021800, 869200, 896700] pointer_raw=[1257500, 1414900, 900200, 1288400, 1016800, 972300, 938100, 1108300, 1227100, 1011300, 871800, 1266500] slice_raw=[887900, 1091000, 952800, 854100, 1385000, 1089300, 1075000, 993500, 935100, 898700, 854300, 925400] cpp_raw=[880100, 876500, 879600, 879500, 879100, 1274400, 874600, 1079400, 883000, 933300, 876000, 1003500] public_ns=988100 pointer_ns=1062550 slice_ns=943950 cpp_ns=879850 result=3ff0000000000000 hash=f76b74e1e473e94f
case w=2048 h=512 layout=universal-negative corpus=positive public_raw=[1204900, 1133500, 1046300, 885100, 861500, 1036200, 1237400, 960200, 1235800, 1300300, 915400, 2032100] pointer_raw=[932500, 1070300, 1568400, 1007200, 931100, 1068500, 1161200, 1005100, 881600, 999200, 1002200, 1026800] slice_raw=[1225700, 922500, 1131400, 1091200, 1218200, 1051700, 2045300, 853300, 884400, 873300, 883000, 872500] cpp_raw=[1232200, 1080700, 874800, 871000, 941300, 852600, 877600, 877000, 964500, 880500, 852500, 883500] public_ns=1089900 pointer_ns=1006150 slice_ns=987100 cpp_ns=879050 result=41205e2e4a399ead hash=36f1d619b4475f82
case w=2048 h=512 layout=universal-negative corpus=cancellation public_raw=[892000, 1104400, 2940300, 955500, 884300, 959000, 939500, 930600, 853700, 1088400, 994600, 878800] pointer_raw=[856300, 908600, 871800, 869800, 868500, 1059700, 854500, 891400, 1046900, 878900, 1202300, 855700] slice_raw=[991000, 1860700, 937700, 867100, 915900, 853900, 870200, 877100, 1115900, 855300, 1122800, 1694400] cpp_raw=[883100, 907400, 882100, 1314500, 866500, 885900, 878100, 893600, 900300, 1072500, 857900, 1707600] public_ns=947500 pointer_ns=875350 slice_ns=926800 cpp_ns=889750 result=3ff0000000000000 hash=ab9670d8fefbe94f
case w=2048 h=512 layout=repeated-row corpus=positive public_raw=[1025100, 938000, 916300, 867800, 865200, 1124600, 989600, 874500, 934000, 934700, 883200, 906500] pointer_raw=[875800, 913100, 1884700, 851600, 1113000, 1007600, 1293500, 1122200, 1032700, 884700, 864700, 870300] slice_raw=[1046700, 980400, 1232500, 1293100, 1050500, 1091600, 1226400, 1517000, 1932000, 1075500, 1100000, 1741300] cpp_raw=[984700, 941500, 868400, 906100, 934900, 885800, 1043900, 871000, 2669700, 1040100, 3438400, 851500] public_ns=925150 pointer_ns=960350 slice_ns=1163200 cpp_ns=938200 result=41208946735a2800 hash=9b7642ffa76b8e74
case w=2048 h=512 layout=repeated-row corpus=cancellation public_raw=[1072800, 1133600, 957500, 862600, 890200, 1192600, 910800, 878000, 863800, 1145100, 1074400, 851900] pointer_raw=[1494700, 910100, 875500, 864000, 1471100, 903600, 1427600, 1074300, 922100, 890700, 851600, 863000] slice_raw=[897500, 869500, 915700, 931100, 1268400, 1295800, 1187900, 851900, 1108300, 1164600, 948800, 1071500] cpp_raw=[973900, 862200, 917400, 882900, 1032200, 1396400, 912800, 934600, 1167400, 895400, 900300, 1097100] public_ns=934150 pointer_ns=906850 slice_ns=1010150 cpp_ns=926000 result=3ff0000000000000 hash=7db41a694ebd0fbd
case w=2048 h=512 layout=zero-both corpus=positive public_raw=[935800, 1090700, 989400, 885200, 913500, 1079800, 1856600, 948000, 1349100, 923200, 881500, 863600] pointer_raw=[925000, 944700, 1141600, 1199000, 863300, 1430300, 1227500, 872300, 1072000, 883600, 931000, 864400] slice_raw=[945100, 1083200, 979300, 1368300, 1154600, 3762600, 1490500, 1091800, 1314600, 866900, 880500, 923500] cpp_raw=[862600, 901400, 922500, 915700, 912700, 2124300, 929700, 926600, 870100, 1132600, 939700, 993600] public_ns=941900 pointer_ns=937850 slice_ns=1087500 cpp_ns=924550 result=412e916880000000 hash=adc4660192ca3fa3
case w=2048 h=512 layout=zero-both corpus=cancellation public_raw=[862100, 1362700, 1391400, 1125200, 886100, 919100, 874300, 903000, 1111400, 917300, 870500, 1085700] pointer_raw=[1219900, 1151300, 875100, 916200, 1044900, 892000, 865900, 899000, 1187200, 1400000, 902800, 911400] slice_raw=[1282000, 1163900, 915100, 895900, 1015400, 886000, 868800, 921300, 851700, 965800, 1509400, 899000] cpp_raw=[877400, 928700, 863800, 936800, 924100, 905200, 940700, 866100, 864000, 934400, 1031800, 914600] public_ns=918200 pointer_ns=913800 slice_ns=918200 cpp_ns=919350 result=4130000000000000 hash=5e6a49abe85e7e27
m3_strict_reduction PASS cases=42 sink=0
