contracts PASS invalid/empty/out-zero/cancellation
semantic PASS cases=56 finite-bitwise NaN-class source-preserved
case w=31 h=17 layout=contiguous corpus=positive public_raw=[400, 400, 400, 400, 400, 400, 400, 400, 400, 400, 400, 400] pointer_raw=[400, 400, 400, 400, 400, 400, 400, 400, 400, 400, 400, 400] slice_raw=[400, 400, 400, 400, 400, 400, 400, 400, 400, 400, 400, 400] cpp_raw=[400, 400, 400, 400, 400, 400, 400, 400, 400, 400, 400, 400] public_ns=400 pointer_ns=400 slice_ns=400 cpp_ns=400 result=40702cf2bd10f800 hash=8596af9913445ebd
case w=31 h=17 layout=contiguous corpus=cancellation public_raw=[400, 400, 400, 400, 400, 400, 400, 400, 400, 400, 400, 400] pointer_raw=[400, 400, 400, 400, 400, 400, 400, 400, 400, 400, 400, 500] slice_raw=[400, 400, 400, 400, 400, 400, 400, 400, 400, 400, 400, 400] cpp_raw=[400, 400, 400, 400, 400, 400, 400, 400, 400, 400, 400, 400] public_ns=400 pointer_ns=400 slice_ns=400 cpp_ns=400 result=0 hash=789619667ec2b54f
case w=31 h=17 layout=padded corpus=positive public_raw=[400, 400, 400, 500, 400, 400, 400, 400, 400, 400, 400, 400] pointer_raw=[400, 400, 400, 400, 400, 400, 400, 400, 400, 400, 400, 400] slice_raw=[400, 400, 400, 400, 400, 400, 400, 400, 400, 400, 400, 400] cpp_raw=[400, 400, 400, 400, 400, 400, 400, 400, 400, 400, 400, 400] public_ns=400 pointer_ns=400 slice_ns=400 cpp_ns=400 result=40702cf2bd10f800 hash=d2884b9a0909f1bd
case w=31 h=17 layout=padded corpus=cancellation public_raw=[400, 400, 400, 400, 400, 400, 400, 500, 400, 400, 400, 400] pointer_raw=[400, 400, 400, 400, 400, 400, 400, 400, 400, 400, 400, 400] slice_raw=[400, 400, 400, 400, 400, 400, 400, 400, 400, 400, 400, 400] cpp_raw=[400, 400, 400, 400, 400, 400, 400, 3000, 400, 400, 400, 400] public_ns=400 pointer_ns=400 slice_ns=400 cpp_ns=400 result=0 hash=1dab101df9a52d4f
case w=31 h=17 layout=negative-row corpus=positive public_raw=[400, 400, 400, 400, 400, 400, 400, 400, 400, 400, 400, 400] pointer_raw=[400, 400, 400, 400, 400, 400, 400, 400, 400, 400, 400, 400] slice_raw=[400, 400, 400, 400, 400, 400, 400, 400, 400, 400, 400, 400] cpp_raw=[400, 400, 400, 400, 400, 400, 400, 400, 400, 400, 400, 400] public_ns=400 pointer_ns=400 slice_ns=400 cpp_ns=400 result=40702cf2bd10f800 hash=8ff8755106ec0ed1
case w=31 h=17 layout=negative-row corpus=cancellation public_raw=[400, 400, 500, 800, 500, 500, 400, 500, 400, 400, 400, 400] pointer_raw=[400, 400, 400, 500, 400, 400, 400, 400, 400, 400, 400, 400] slice_raw=[400, 400, 400, 400, 400, 500, 400, 400, 400, 400, 400, 400] cpp_raw=[400, 400, 400, 400, 87200, 400, 400, 400, 400, 400, 400, 400] public_ns=400 pointer_ns=400 slice_ns=400 cpp_ns=400 result=0 hash=6d1fa80ff9a52d4f
case w=31 h=17 layout=universal corpus=positive public_raw=[400, 400, 400, 400, 400, 400, 400, 400, 400, 400, 400, 400] pointer_raw=[400, 400, 400, 400, 400, 400, 400, 400, 400, 400, 400, 400] slice_raw=[400, 400, 400, 400, 400, 400, 400, 400, 400, 400, 400, 400] cpp_raw=[400, 400, 400, 400, 400, 400, 400, 400, 400, 400, 400, 400] public_ns=400 pointer_ns=400 slice_ns=400 cpp_ns=400 result=40702cf2bd10f800 hash=45edc35f09d36ded
case w=31 h=17 layout=universal corpus=cancellation public_raw=[400, 400, 500, 400, 400, 400, 400, 400, 400, 400, 400, 400] pointer_raw=[400, 400, 400, 400, 400, 400, 400, 400, 400, 400, 400, 400] slice_raw=[400, 400, 400, 400, 400, 400, 400, 400, 400, 400, 400, 400] cpp_raw=[400, 400, 400, 400, 400, 400, 400, 400, 400, 400, 400, 400] public_ns=400 pointer_ns=400 slice_ns=400 cpp_ns=400 result=0 hash=a4ba9168a61697b7
case w=31 h=17 layout=universal-negative corpus=positive public_raw=[400, 400, 400, 400, 400, 400, 400, 400, 400, 400, 400, 400] pointer_raw=[400, 400, 400, 400, 400, 400, 400, 400, 400, 400, 400, 400] slice_raw=[400, 400, 400, 400, 400, 400, 400, 400, 400, 400, 400, 400] cpp_raw=[400, 400, 400, 400, 400, 400, 400, 400, 400, 400, 400, 400] public_ns=400 pointer_ns=400 slice_ns=400 cpp_ns=400 result=40702cf2bd10f800 hash=314c0201084e056d
case w=31 h=17 layout=universal-negative corpus=cancellation public_raw=[400, 500, 400, 400, 400, 400, 400, 400, 400, 400, 400, 400] pointer_raw=[57800, 400, 400, 400, 400, 400, 400, 400, 400, 400, 400, 400] slice_raw=[500, 400, 400, 400, 400, 400, 400, 400, 400, 400, 400, 400] cpp_raw=[400, 400, 400, 400, 400, 400, 400, 400, 400, 400, 400, 400] public_ns=400 pointer_ns=400 slice_ns=400 cpp_ns=400 result=0 hash=e5517cc7a61697b7
case w=31 h=17 layout=repeated-row corpus=positive public_raw=[400, 400, 400, 400, 400, 400, 400, 400, 400, 400, 400, 400] pointer_raw=[400, 400, 400, 400, 400, 400, 400, 400, 400, 400, 400, 400] slice_raw=[400, 400, 400, 400, 400, 400, 400, 400, 400, 400, 400, 400] cpp_raw=[400, 400, 400, 400, 400, 400, 400, 400, 400, 400, 400, 400] public_ns=400 pointer_ns=400 slice_ns=400 cpp_ns=400 result=4074dfc7beb80000 hash=552d99476c28af5f
case w=31 h=17 layout=repeated-row corpus=cancellation public_raw=[400, 400, 400, 400, 400, 400, 400, 400, 400, 400, 400, 400] pointer_raw=[400, 400, 400, 400, 400, 400, 400, 400, 400, 400, 400, 800] slice_raw=[400, 400, 400, 400, 400, 400, 400, 400, 400, 400, 400, 400] cpp_raw=[400, 400, 400, 400, 400, 400, 400, 400, 400, 400, 400, 400] public_ns=400 pointer_ns=400 slice_ns=400 cpp_ns=400 result=0 hash=a7fc3bd9d42fa9cf
case w=31 h=17 layout=zero-both corpus=positive public_raw=[400, 400, 400, 400, 400, 400, 400, 400, 400, 400, 400, 400] pointer_raw=[400, 400, 400, 400, 400, 400, 400, 400, 400, 400, 400, 400] slice_raw=[400, 400, 400, 400, 400, 400, 400, 400, 400, 400, 400, 400] cpp_raw=[400, 400, 400, 400, 400, 400, 400, 400, 400, 400, 400, 400] public_ns=400 pointer_ns=400 slice_ns=400 cpp_ns=400 result=407971b867000000 hash=8dfb19b47f723b97
case w=31 h=17 layout=zero-both corpus=cancellation public_raw=[400, 400, 400, 400, 400, 400, 400, 400, 400, 400, 400, 400] pointer_raw=[400, 400, 400, 400, 400, 400, 400, 400, 400, 400, 400, 400] slice_raw=[400, 400, 400, 400, 400, 400, 400, 400, 400, 400, 400, 400] cpp_raw=[400, 400, 400, 400, 400, 400, 400, 400, 400, 400, 400, 400] public_ns=400 pointer_ns=400 slice_ns=400 cpp_ns=400 result=c4a651bedd400000 hash=93bae8e06d7f38b
case w=256 h=128 layout=contiguous corpus=positive public_raw=[26600, 26600, 26600, 26600, 44000, 26700, 26600, 26700, 26600, 94600, 26600, 26600] pointer_raw=[90100, 26600, 26600, 26600, 26800, 26900, 26600, 26600, 26600, 38400, 26600, 29800] slice_raw=[26600, 26600, 26600, 29000, 26600, 27100, 26600, 26700, 26600, 26600, 26600, 26600] cpp_raw=[26600, 26600, 26600, 26600, 210100, 28800, 26600, 263200, 26600, 26600, 26600, 34700] public_ns=26600 pointer_ns=26600 slice_ns=26600 cpp_ns=26600 result=40d05bc706e36e40 hash=3f262f3c25d3932c
case w=256 h=128 layout=contiguous corpus=cancellation public_raw=[26700, 26600, 26600, 26600, 26600, 29000, 26600, 26600, 26600, 26700, 26600, 26600] pointer_raw=[26600, 26600, 26600, 26600, 26600, 26600, 26600, 26600, 29000, 26600, 26600, 77300] slice_raw=[26600, 26600, 26600, 26600, 26600, 99600, 26600, 26600, 26600, 26600, 26600, 26600] cpp_raw=[26600, 26600, 43700, 26600, 26600, 26600, 26600, 26600, 26600, 26600, 26600, 26600] public_ns=26600 pointer_ns=26600 slice_ns=26600 cpp_ns=26600 result=3ff0000000000000 hash=92b36eaed3f34fbd
case w=256 h=128 layout=padded corpus=positive public_raw=[26700, 26600, 26600, 26600, 26600, 26700, 26600, 26600, 26600, 26700, 26600, 26600] pointer_raw=[26600, 26600, 26600, 26600, 26600, 66400, 26600, 26600, 26600, 84300, 26600, 26600] slice_raw=[26600, 26600, 26600, 26600, 26600, 26600, 26800, 26600, 26700, 26600, 26600, 26600] cpp_raw=[26600, 26600, 55400, 26600, 26600, 26600, 26600, 26600, 26600, 26600, 26600, 26600] public_ns=26600 pointer_ns=26600 slice_ns=26600 cpp_ns=26600 result=40d05bc706e36e40 hash=dbe5f10c75e5df2c
case w=256 h=128 layout=padded corpus=cancellation public_raw=[26600, 26600, 26700, 26600, 26600, 26600, 26600, 26800, 26600, 26700, 26600, 26600] pointer_raw=[26600, 26600, 26600, 26600, 26600, 26600, 26600, 26600, 26600, 26600, 26600, 26600] slice_raw=[26600, 26600, 26700, 26600, 26600, 26600, 26600, 26600, 26600, 52600, 26600, 26600] cpp_raw=[26600, 26600, 26600, 26600, 26600, 26600, 26600, 26600, 26600, 26600, 26600, 26600] public_ns=26600 pointer_ns=26600 slice_ns=26600 cpp_ns=26600 result=3ff0000000000000 hash=27aaca5e7e61b13d
case w=256 h=128 layout=negative-row corpus=positive public_raw=[26600, 26700, 26600, 26600, 26600, 26700, 26600, 26600, 26700, 26600, 26600, 26700] pointer_raw=[26600, 26700, 26600, 26600, 26600, 26600, 26700, 26600, 26600, 26600, 69400, 26600] slice_raw=[26600, 26600, 26600, 26600, 26600, 26600, 26600, 26700, 26600, 26600, 26600, 26600] cpp_raw=[26600, 26600, 26600, 26600, 26600, 26600, 26600, 26600, 26600, 26600, 26600, 26600] public_ns=26600 pointer_ns=26600 slice_ns=26600 cpp_ns=26600 result=40d05bc706e36e40 hash=f79ed8293f6bcb5c
case w=256 h=128 layout=negative-row corpus=cancellation public_raw=[26600, 26700, 26900, 26600, 54600, 26700, 26600, 26700, 71000, 26600, 26600, 26600] pointer_raw=[26600, 26600, 26600, 26600, 26600, 26600, 26600, 26600, 26600, 26600, 26600, 26600] slice_raw=[99900, 26600, 27000, 26600, 26600, 26600, 26600, 26700, 26600, 26600, 56100, 26600] cpp_raw=[26600, 26600, 26600, 26600, 26600, 26600, 26600, 27000, 26600, 26600, 26600, 26600] public_ns=26650 pointer_ns=26600 slice_ns=26600 cpp_ns=26600 result=3ff0000000000000 hash=27aaca5e7e61b13d
case w=256 h=128 layout=universal corpus=positive public_raw=[26700, 26600, 26700, 26600, 26700, 26700, 26600, 26600, 26600, 26700, 29300, 26700] pointer_raw=[26700, 26600, 26600, 26600, 26600, 26600, 40200, 26600, 26600, 26600, 26600, 26600] slice_raw=[26600, 26600, 26600, 26600, 61000, 26700, 34900, 36800, 26600, 26600, 26700, 26600] cpp_raw=[26600, 26600, 26600, 26600, 26600, 26600, 26600, 26600, 26600, 26600, 26600, 26600] public_ns=26700 pointer_ns=26600 slice_ns=26600 cpp_ns=26600 result=40d05bc706e36e40 hash=f51edac924f49e8a
case w=256 h=128 layout=universal corpus=cancellation public_raw=[26600, 26700, 27200, 26700, 26600, 26700, 26600, 26600, 26700, 50400, 26700, 26600] pointer_raw=[26700, 26700, 26900, 26600, 26600, 26600, 26600, 40000, 26600, 26700, 26600, 26600] slice_raw=[26700, 26600, 26600, 26700, 26600, 26600, 26800, 26600, 26600, 26600, 26600, 590600] cpp_raw=[26600, 26600, 26600, 51100, 26600, 26600, 26600, 26600, 26700, 26600, 26600, 26600] public_ns=26700 pointer_ns=26600 slice_ns=26600 cpp_ns=26600 result=3ff0000000000000 hash=11c9366db9c9a94f
case w=256 h=128 layout=universal-negative corpus=positive public_raw=[125800, 26700, 54700, 67700, 26700, 86200, 26600, 76700, 29300, 26700, 26600, 26700] pointer_raw=[26800, 26600, 26600, 26600, 26600, 26600, 26600, 26700, 26600, 26600, 26600, 26600] slice_raw=[26700, 26700, 26600, 26700, 26600, 26600, 26600, 26700, 26600, 95100, 26600, 26600] cpp_raw=[26700, 26600, 26600, 26600, 26600, 26600, 26600, 26600, 26800, 26600, 26600, 26600] public_ns=28000 pointer_ns=26600 slice_ns=26600 cpp_ns=26600 result=40d05bc706e36e40 hash=80a7df72833edfd2
case w=256 h=128 layout=universal-negative corpus=cancellation public_raw=[26600, 26600, 26600, 26600, 26800, 26600, 26700, 26600, 26600, 26600, 26600, 26700] pointer_raw=[26600, 26600, 26600, 26600, 26600, 26600, 26600, 26600, 26700, 26600, 36900, 26600] slice_raw=[26900, 26800, 26600, 26600, 26600, 26600, 67700, 26600, 26600, 26600, 26600, 26600] cpp_raw=[26600, 26600, 26600, 26600, 26600, 26600, 26600, 26600, 26600, 26700, 26600, 26600] public_ns=26600 pointer_ns=26600 slice_ns=26600 cpp_ns=26600 result=3ff0000000000000 hash=69b8d69cb89ba94f
case w=256 h=128 layout=repeated-row corpus=positive public_raw=[26600, 26700, 26600, 26600, 26600, 29300, 26700, 26600, 26600, 26600, 26600, 26600] pointer_raw=[26600, 26600, 26600, 26600, 26600, 26600, 26600, 26600, 26600, 26600, 26600, 26600] slice_raw=[38900, 26600, 26600, 26600, 26600, 26600, 133900, 26600, 45600, 26600, 26600, 26600] cpp_raw=[40800, 26600, 26600, 26600, 26600, 26600, 26600, 26600, 26700, 26600, 26600, 26600] public_ns=26600 pointer_ns=26600 slice_ns=26600 cpp_ns=26600 result=40cf81efb5c54000 hash=49714b53d54ac7b
case w=256 h=128 layout=repeated-row corpus=cancellation public_raw=[26600, 26600, 26600, 26600, 26600, 26700, 26600, 26600, 44200, 26700, 26600, 26600] pointer_raw=[26600, 26600, 26600, 26600, 26600, 114000, 26600, 202700, 26700, 78300, 26600, 26600] slice_raw=[26600, 37700, 26600, 26600, 26600, 26600, 26600, 26600, 26600, 26600, 26600, 26600] cpp_raw=[26600, 26600, 26600, 26600, 26600, 26600, 26600, 26600, 29500, 26600, 26600, 26600] public_ns=26600 pointer_ns=26600 slice_ns=26600 cpp_ns=26600 result=3ff0000000000000 hash=e593d3b04b0d07bd
case w=256 h=128 layout=zero-both corpus=positive public_raw=[26600, 26700, 26600, 26600, 26600, 26600, 26600, 26600, 388400, 26700, 26600, 26600] pointer_raw=[26600, 26600, 26600, 26600, 26600, 28900, 26600, 26600, 26700, 26600, 26600, 26600] slice_raw=[86000, 26600, 26600, 26600, 26600, 71700, 26600, 26600, 26600, 26600, 26600, 26600] cpp_raw=[27700, 26600, 26600, 26600, 26600, 26600, 26600, 26600, 26600, 80500, 26600, 26600] public_ns=26600 pointer_ns=26600 slice_ns=26600 cpp_ns=26600 result=40bb3b6460000000 hash=dca1f6e90fc4a294
case w=256 h=128 layout=zero-both corpus=cancellation public_raw=[26700, 26800, 26600, 26600, 26600, 28900, 26700, 26600, 26600, 26600, 26600, 26600] pointer_raw=[430100, 26600, 26600, 26600, 850000, 45200, 26600, 26600, 26600, 26600, 26600, 26600] slice_raw=[26900, 26600, 26600, 47000, 26700, 26600, 229700, 26600, 29700, 26600, 26600, 26600] cpp_raw=[26600, 878800, 26600, 26600, 26600, 26700, 26700, 26600, 26600, 26600, 26600, 26600] public_ns=26600 pointer_ns=26600 slice_ns=26600 cpp_ns=26600 result=40e0000000000000 hash=5e6a49abe85e7e27
case w=2048 h=512 layout=contiguous corpus=positive public_raw=[922400, 1271300, 1001200, 869800, 919300, 852300, 937900, 866700, 957800, 1199200, 983600, 919300] pointer_raw=[869400, 1080600, 908500, 954700, 1022800, 866300, 936900, 959100, 1200000, 880200, 866100, 951900] slice_raw=[950100, 873900, 992100, 1223800, 854900, 898100, 851900, 920400, 852100, 950500, 1101800, 901000] cpp_raw=[992900, 1411900, 909800, 949400, 1161600, 929400, 1172800, 852700, 918700, 919800, 1136800, 901300] public_ns=930150 pointer_ns=944400 slice_ns=910700 cpp_ns=939400 result=41205e2e4a399ead hash=c6dac67e2265fef0
case w=2048 h=512 layout=contiguous corpus=cancellation public_raw=[942700, 866100, 852400, 884800, 891600, 852500, 909200, 880500, 945500, 895800, 852100, 978900] pointer_raw=[1139600, 935700, 1156700, 1228500, 1479600, 1239200, 874200, 918800, 936600, 1102400, 851900, 1093000] slice_raw=[1128200, 888900, 926700, 878000, 1206900, 1033100, 1038200, 872000, 1122400, 945000, 937300, 1643200] cpp_raw=[1141300, 924900, 1113500, 896600, 1044600, 901100, 1042500, 1051300, 872900, 932700, 914400, 1107300] public_ns=888200 pointer_ns=1097700 slice_ns=989050 cpp_ns=987600 result=3ff0000000000000 hash=a69aed56f8a74fbd
case w=2048 h=512 layout=padded corpus=positive public_raw=[866100, 1020100, 873700, 896800, 981200, 866100, 865300, 1027900, 1281700, 1135200, 2569100, 1003500] pointer_raw=[905100, 953700, 879800, 872500, 947600, 851900, 899500, 1002500, 1006900, 981200, 2777000, 1076300] slice_raw=[1180300, 986600, 914500, 886600, 964000, 918400, 882600, 882400, 944300, 1153800, 1265100, 874000] cpp_raw=[872100, 1109000, 852000, 864500, 1062400, 886100, 1977200, 1131400, 1022000, 897200, 1042500, 1075200] public_ns=992350 pointer_ns=950650 slice_ns=931350 cpp_ns=1032250 result=41205e2e4a399ead hash=2c08ab9cb604d170
case w=2048 h=512 layout=padded corpus=cancellation public_raw=[1089900, 881500, 1316900, 879400, 867300, 1592000, 995000, 993200, 919200, 1051600, 1065400, 852500] pointer_raw=[1107100, 866200, 924600, 1100200, 864600, 884500, 966600, 874800, 979500, 924100, 892800, 852000] slice_raw=[871900, 867000, 1018400, 930400, 1146700, 887600, 1192400, 890300, 874100, 1073600, 977000, 874500] cpp_raw=[865100, 872800, 897500, 908200, 1225400, 1281300, 950400, 929200, 918600, 1190100, 851800, 921600] public_ns=994100 pointer_ns=908450 slice_ns=910350 cpp_ns=920100 result=3ff0000000000000 hash=d0a747135a70713d
case w=2048 h=512 layout=negative-row corpus=positive public_raw=[871200, 869700, 947200, 882200, 971300, 883600, 1159000, 867600, 1272100, 879700, 951400, 1166900] pointer_raw=[1031600, 881900, 869700, 896800, 1209000, 914900, 867000, 1071700, 875000, 1175600, 1113400, 869000] slice_raw=[873700, 877200, 891700, 867200, 868700, 884600, 1349100, 874500, 1253800, 931600, 904400, 899100] cpp_raw=[1137500, 953700, 879600, 995000, 887600, 865800, 1060800, 1020800, 959700, 1093700, 1177500, 897900] public_ns=915400 pointer_ns=905850 slice_ns=888150 cpp_ns=977350 result=41205e2e4a399ead hash=79d855f7de969fd4
case w=2048 h=512 layout=negative-row corpus=cancellation public_raw=[1152300, 873500, 865900, 992600, 876800, 1130000, 889900, 855100, 905800, 875900, 899300, 923900] pointer_raw=[1104100, 1113400, 881000, 868000, 854900, 947600, 920100, 911900, 902700, 867000, 904200, 1279100] slice_raw=[908900, 868100, 1030100, 897200, 873900, 950000, 878300, 887500, 890600, 1006300, 874700, 1015400] cpp_raw=[1080600, 907700, 953700, 879500, 908700, 897700, 870300, 885400, 901400, 933800, 879100, 905800] public_ns=894600 pointer_ns=908050 slice_ns=893900 cpp_ns=903600 result=3ff0000000000000 hash=d0a747135a70713d
case w=2048 h=512 layout=universal corpus=positive public_raw=[867600, 1087300, 1132000, 957500, 869900, 898100, 996700, 868500, 926100, 866200, 867200, 948100] pointer_raw=[874000, 883500, 1161000, 888200, 901400, 877300, 870900, 883600, 890400, 1008900, 1021900, 1103300] slice_raw=[1182900, 925000, 877200, 866900, 887200, 883800, 886200, 875700, 866800, 932200, 878700, 904600] cpp_raw=[856500, 866600, 870500, 879600, 1096000, 890900, 983300, 944800, 913100, 882800, 1076500, 931000] public_ns=912100 pointer_ns=889300 slice_ns=885000 cpp_ns=902000 result=41205e2e4a399ead hash=6e14901679ca267a
case w=2048 h=512 layout=universal corpus=cancellation public_raw=[931800, 981900, 943800, 874900, 951600, 1000600, 910500, 853700, 1167000, 1062800, 925900, 948000] pointer_raw=[1339600, 939000, 869500, 870500, 997100, 884500, 909300, 1021300, 1310100, 907000, 930800, 964200] slice_raw=[898400, 903600, 884200, 986400, 948800, 1017200, 882800, 987900, 994600, 898000, 942000, 922200] cpp_raw=[960500, 885500, 878200, 1037000, 1173700, 1177400, 852600, 1149300, 915400, 988000, 1046800, 940800] public_ns=945900 pointer_ns=934900 slice_ns=932100 cpp_ns=974250 result=3ff0000000000000 hash=f76b74e1e473e94f
case w=2048 h=512 layout=universal-negative corpus=positive public_raw=[882000, 888600, 933400, 871100, 869300, 921500, 889500, 1117200, 2894200, 910600, 1180700, 874000] pointer_raw=[1145100, 888200, 914400, 888700, 878200, 969200, 1122600, 870800, 2909900, 1932200, 1027400, 901500] slice_raw=[884400, 884100, 1067300, 868800, 992000, 886000, 853300, 894400, 902500, 887200, 876100, 1177300] cpp_raw=[920500, 939700, 884100, 868500, 876400, 870900, 869000, 922800, 2900700, 2919300, 1112600, 867100] public_ns=900050 pointer_ns=941800 slice_ns=886600 cpp_ns=902300 result=41205e2e4a399ead hash=36f1d619b4475f82
case w=2048 h=512 layout=universal-negative corpus=cancellation public_raw=[873900, 872000, 855500, 1068700, 853400, 970800, 875300, 917300, 1002000, 874500, 980500, 867000] pointer_raw=[852900, 952000, 867200, 893500, 866500, 878100, 892900, 922700, 1188800, 867000, 1150200, 868500] slice_raw=[867500, 1064400, 1086700, 944200, 1048000, 1210500, 870400, 1055100, 1303700, 906400, 918500, 931700] cpp_raw=[876700, 853400, 927400, 896700, 941100, 1028900, 986400, 1148000, 1208900, 868100, 896300, 870600] public_ns=874900 pointer_ns=885500 slice_ns=996100 cpp_ns=912050 result=3ff0000000000000 hash=ab9670d8fefbe94f
case w=2048 h=512 layout=repeated-row corpus=positive public_raw=[851600, 866700, 977200, 911300, 869700, 934400, 866600, 955300, 888100, 1170000, 1127400, 962900] pointer_raw=[865700, 912100, 1080400, 901100, 1010000, 871200, 903700, 862300, 862100, 903800, 980800, 911300] slice_raw=[1071000, 873400, 995400, 928500, 912100, 861600, 851500, 1001300, 967100, 1294000, 1233600, 905000] cpp_raw=[870700, 902800, 909600, 864500, 926700, 865800, 862500, 880900, 1018900, 1059300, 911700, 1015300] public_ns=922850 pointer_ns=903750 slice_ns=947800 cpp_ns=906200 result=41208946735a2800 hash=9b7642ffa76b8e74
case w=2048 h=512 layout=repeated-row corpus=cancellation public_raw=[909700, 907800, 2603400, 1038600, 941500, 885700, 886800, 864700, 888500, 937600, 869900, 941000] pointer_raw=[883700, 974400, 870100, 1342000, 937300, 922000, 1018100, 851500, 950000, 993600, 851500, 853700] slice_raw=[1025600, 934700, 943400, 1053300, 1174200, 870700, 916500, 960300, 870500, 955300, 949200, 1009800] cpp_raw=[928600, 3115500, 2552300, 1972100, 1077900, 989600, 894300, 874100, 955600, 869500, 962300, 1125400] public_ns=908750 pointer_ns=929650 slice_ns=952250 cpp_ns=975950 result=3ff0000000000000 hash=7db41a694ebd0fbd
case w=2048 h=512 layout=zero-both corpus=positive public_raw=[862700, 1231800, 1023900, 956500, 913200, 884800, 909000, 851500, 880200, 1352300, 868800, 886400] pointer_raw=[1174500, 1172100, 960200, 1023100, 863200, 851500, 881900, 863700, 929800, 875900, 913100, 864700] slice_raw=[1024900, 1034500, 959000, 966700, 946100, 865400, 865600, 961700, 862700, 911200, 1040400, 1014000] cpp_raw=[869600, 924500, 1080700, 913200, 908600, 979000, 865000, 863300, 915300, 917000, 978100, 852400] public_ns=897700 pointer_ns=897500 slice_ns=960350 cpp_ns=914250 result=412e916880000000 hash=adc4660192ca3fa3
case w=2048 h=512 layout=zero-both corpus=cancellation public_raw=[869800, 1191900, 1142300, 853900, 929300, 960300, 876900, 902700, 869200, 887000, 994500, 2024900] pointer_raw=[862100, 966400, 864600, 932100, 936200, 872400, 1142800, 1134600, 949900, 915200, 1134700, 886900] slice_raw=[945000, 851500, 1904400, 868200, 942700, 949500, 931800, 1028800, 1045400, 864000, 884700, 1166400] cpp_raw=[917000, 863700, 1214700, 862200, 1062700, 1036900, 912600, 1160100, 1005200, 931200, 864100, 911100] public_ns=916000 pointer_ns=934150 slice_ns=943850 cpp_ns=924100 result=4130000000000000 hash=5e6a49abe85e7e27
m3_strict_reduction PASS cases=42 sink=0
