contracts PASS invalid/empty/out-zero/cancellation
semantic PASS cases=56 finite-bitwise NaN-class source-preserved
case w=31 h=17 layout=contiguous corpus=positive public_raw=[400, 400, 400, 400, 400, 400, 400, 400, 400, 400, 400, 400] pointer_raw=[400, 400, 400, 400, 400, 400, 400, 400, 400, 400, 400, 400] slice_raw=[400, 400, 400, 400, 400, 400, 400, 400, 400, 400, 400, 400] cpp_raw=[400, 400, 400, 400, 400, 400, 400, 400, 400, 400, 400, 400] public_ns=400 pointer_ns=400 slice_ns=400 cpp_ns=400 result=40702cf2bd10f800 hash=8596af9913445ebd
case w=31 h=17 layout=contiguous corpus=cancellation public_raw=[400, 400, 400, 400, 400, 400, 400, 400, 400, 400, 400, 400] pointer_raw=[400, 400, 400, 400, 400, 400, 400, 400, 400, 400, 400, 400] slice_raw=[400, 400, 400, 400, 400, 400, 400, 400, 400, 400, 400, 400] cpp_raw=[400, 400, 400, 400, 400, 400, 400, 400, 400, 400, 400, 400] public_ns=400 pointer_ns=400 slice_ns=400 cpp_ns=400 result=0 hash=789619667ec2b54f
case w=31 h=17 layout=padded corpus=positive public_raw=[400, 400, 400, 400, 400, 400, 400, 400, 400, 400, 400, 400] pointer_raw=[400, 400, 400, 400, 400, 400, 400, 400, 400, 400, 400, 400] slice_raw=[400, 400, 400, 400, 400, 400, 400, 400, 400, 400, 400, 400] cpp_raw=[400, 400, 400, 400, 400, 400, 400, 400, 400, 400, 400, 400] public_ns=400 pointer_ns=400 slice_ns=400 cpp_ns=400 result=40702cf2bd10f800 hash=d2884b9a0909f1bd
case w=31 h=17 layout=padded corpus=cancellation public_raw=[400, 400, 400, 400, 400, 400, 400, 400, 400, 400, 400, 400] pointer_raw=[400, 400, 400, 400, 400, 400, 400, 400, 400, 400, 400, 400] slice_raw=[400, 400, 400, 400, 400, 400, 400, 400, 400, 400, 400, 400] cpp_raw=[400, 400, 400, 400, 400, 400, 400, 400, 400, 400, 400, 400] public_ns=400 pointer_ns=400 slice_ns=400 cpp_ns=400 result=0 hash=1dab101df9a52d4f
case w=31 h=17 layout=negative-row corpus=positive public_raw=[400, 400, 400, 400, 400, 400, 400, 400, 400, 400, 400, 400] pointer_raw=[400, 400, 400, 400, 400, 400, 400, 400, 400, 400, 400, 400] slice_raw=[400, 400, 400, 400, 400, 400, 400, 400, 400, 400, 400, 400] cpp_raw=[400, 400, 400, 400, 400, 400, 400, 400, 400, 400, 400, 400] public_ns=400 pointer_ns=400 slice_ns=400 cpp_ns=400 result=40702cf2bd10f800 hash=8ff8755106ec0ed1
case w=31 h=17 layout=negative-row corpus=cancellation public_raw=[400, 400, 400, 400, 400, 400, 400, 400, 400, 400, 400, 400] pointer_raw=[400, 400, 400, 400, 400, 400, 400, 400, 400, 400, 400, 400] slice_raw=[400, 400, 400, 400, 400, 400, 400, 400, 400, 400, 400, 400] cpp_raw=[400, 400, 400, 400, 400, 400, 400, 400, 400, 400, 400, 400] public_ns=400 pointer_ns=400 slice_ns=400 cpp_ns=400 result=0 hash=6d1fa80ff9a52d4f
case w=31 h=17 layout=universal corpus=positive public_raw=[400, 400, 400, 400, 400, 400, 400, 400, 400, 400, 400, 400] pointer_raw=[400, 400, 400, 400, 400, 400, 400, 400, 400, 400, 400, 400] slice_raw=[400, 400, 400, 400, 400, 400, 400, 400, 400, 400, 400, 400] cpp_raw=[400, 400, 400, 400, 400, 400, 400, 400, 400, 400, 400, 400] public_ns=400 pointer_ns=400 slice_ns=400 cpp_ns=400 result=40702cf2bd10f800 hash=45edc35f09d36ded
case w=31 h=17 layout=universal corpus=cancellation public_raw=[400, 400, 400, 400, 400, 400, 400, 400, 400, 400, 400, 400] pointer_raw=[400, 400, 400, 400, 400, 400, 400, 400, 400, 400, 400, 400] slice_raw=[400, 400, 400, 400, 400, 400, 400, 400, 400, 400, 400, 400] cpp_raw=[400, 400, 400, 400, 400, 400, 400, 400, 400, 400, 400, 400] public_ns=400 pointer_ns=400 slice_ns=400 cpp_ns=400 result=0 hash=a4ba9168a61697b7
case w=31 h=17 layout=universal-negative corpus=positive public_raw=[400, 400, 400, 400, 400, 400, 400, 400, 400, 400, 400, 400] pointer_raw=[400, 400, 400, 400, 400, 400, 400, 400, 400, 400, 400, 400] slice_raw=[400, 400, 400, 400, 400, 400, 400, 400, 400, 400, 400, 400] cpp_raw=[400, 400, 400, 400, 400, 400, 400, 400, 400, 400, 400, 400] public_ns=400 pointer_ns=400 slice_ns=400 cpp_ns=400 result=40702cf2bd10f800 hash=314c0201084e056d
case w=31 h=17 layout=universal-negative corpus=cancellation public_raw=[400, 400, 400, 400, 400, 400, 400, 400, 500, 400, 400, 400] pointer_raw=[400, 400, 400, 400, 400, 400, 400, 400, 500, 400, 400, 400] slice_raw=[400, 400, 400, 400, 400, 400, 400, 400, 400, 400, 400, 400] cpp_raw=[400, 400, 400, 400, 400, 400, 400, 400, 400, 400, 400, 400] public_ns=400 pointer_ns=400 slice_ns=400 cpp_ns=400 result=0 hash=e5517cc7a61697b7
case w=31 h=17 layout=repeated-row corpus=positive public_raw=[400, 400, 400, 400, 400, 400, 400, 400, 400, 400, 400, 400] pointer_raw=[400, 400, 400, 400, 400, 400, 400, 400, 400, 400, 400, 400] slice_raw=[400, 400, 400, 400, 400, 400, 400, 400, 400, 400, 400, 400] cpp_raw=[400, 400, 400, 400, 400, 400, 400, 400, 400, 400, 400, 400] public_ns=400 pointer_ns=400 slice_ns=400 cpp_ns=400 result=4074dfc7beb80000 hash=552d99476c28af5f
case w=31 h=17 layout=repeated-row corpus=cancellation public_raw=[400, 400, 400, 400, 400, 400, 400, 400, 400, 400, 400, 400] pointer_raw=[400, 400, 400, 400, 400, 400, 400, 400, 400, 400, 400, 400] slice_raw=[400, 400, 400, 400, 400, 400, 400, 400, 400, 400, 400, 400] cpp_raw=[400, 400, 400, 400, 400, 400, 400, 400, 400, 400, 400, 400] public_ns=400 pointer_ns=400 slice_ns=400 cpp_ns=400 result=0 hash=a7fc3bd9d42fa9cf
case w=31 h=17 layout=zero-both corpus=positive public_raw=[400, 400, 400, 400, 400, 400, 400, 400, 400, 400, 400, 400] pointer_raw=[400, 400, 400, 400, 400, 400, 400, 400, 400, 400, 400, 400] slice_raw=[400, 400, 400, 400, 400, 400, 400, 400, 400, 400, 400, 400] cpp_raw=[400, 400, 400, 400, 400, 400, 400, 400, 400, 400, 400, 400] public_ns=400 pointer_ns=400 slice_ns=400 cpp_ns=400 result=407971b867000000 hash=8dfb19b47f723b97
case w=31 h=17 layout=zero-both corpus=cancellation public_raw=[400, 400, 400, 400, 400, 400, 400, 400, 400, 400, 400, 400] pointer_raw=[400, 400, 400, 400, 400, 400, 400, 400, 400, 400, 400, 400] slice_raw=[400, 400, 400, 400, 400, 400, 400, 400, 400, 400, 400, 400] cpp_raw=[400, 400, 400, 400, 400, 400, 400, 400, 400, 400, 400, 400] public_ns=400 pointer_ns=400 slice_ns=400 cpp_ns=400 result=c4a651bedd400000 hash=93bae8e06d7f38b
case w=256 h=128 layout=contiguous corpus=positive public_raw=[26600, 26600, 26600, 37700, 26600, 26800, 26600, 26600, 26700, 26600, 26700, 26600] pointer_raw=[26600, 26600, 26600, 26600, 26600, 86100, 26600, 26600, 26600, 26600, 26600, 26600] slice_raw=[26600, 26600, 26600, 26600, 26600, 26600, 26600, 63100, 26600, 26600, 93700, 26600] cpp_raw=[26600, 26600, 26600, 26600, 26600, 27300, 26600, 61200, 26600, 26600, 26600, 26600] public_ns=26600 pointer_ns=26600 slice_ns=26600 cpp_ns=26600 result=40d05bc706e36e40 hash=3f262f3c25d3932c
case w=256 h=128 layout=contiguous corpus=cancellation public_raw=[26600, 26600, 26600, 64200, 26600, 26600, 118500, 26600, 26600, 26700, 26600, 26600] pointer_raw=[26600, 26600, 26600, 26600, 26600, 26600, 26800, 26600, 26600, 26600, 26600, 29200] slice_raw=[26600, 26600, 26600, 26600, 26700, 26600, 26600, 26600, 26600, 26600, 26600, 26700] cpp_raw=[26600, 26600, 26600, 26600, 26600, 26600, 26700, 26600, 26600, 26600, 26600, 26600] public_ns=26600 pointer_ns=26600 slice_ns=26600 cpp_ns=26600 result=3ff0000000000000 hash=92b36eaed3f34fbd
case w=256 h=128 layout=padded corpus=positive public_raw=[40400, 26600, 26600, 26600, 26600, 26600, 26600, 26600, 26600, 26600, 26600, 26600] pointer_raw=[26600, 26600, 26600, 26600, 26600, 26600, 26600, 41100, 26600, 26600, 26600, 26600] slice_raw=[26600, 26600, 26600, 26600, 26600, 26600, 26600, 26600, 26600, 26600, 26600, 26600] cpp_raw=[26600, 26600, 26600, 26600, 26600, 26600, 26600, 26600, 26600, 26600, 26600, 26600] public_ns=26600 pointer_ns=26600 slice_ns=26600 cpp_ns=26600 result=40d05bc706e36e40 hash=dbe5f10c75e5df2c
case w=256 h=128 layout=padded corpus=cancellation public_raw=[26600, 26700, 26600, 26600, 26700, 26700, 26600, 74500, 26600, 26600, 26600, 26600] pointer_raw=[26600, 26600, 26600, 26600, 26600, 26600, 26600, 26600, 26600, 26600, 26600, 26600] slice_raw=[26600, 26600, 26600, 275300, 26600, 26600, 26600, 26600, 26600, 26600, 26600, 26600] cpp_raw=[26600, 26600, 26600, 26600, 26600, 68700, 26600, 26600, 26600, 26600, 26600, 26600] public_ns=26600 pointer_ns=26600 slice_ns=26600 cpp_ns=26600 result=3ff0000000000000 hash=27aaca5e7e61b13d
case w=256 h=128 layout=negative-row corpus=positive public_raw=[26700, 26600, 26700, 26600, 26700, 26800, 46000, 26700, 26600, 26600, 26600, 26600] pointer_raw=[26600, 26600, 26700, 26600, 26600, 67300, 26700, 26600, 26600, 26600, 26600, 26600] slice_raw=[26600, 27000, 26600, 108200, 26600, 26600, 26600, 26600, 26600, 26600, 26600, 26600] cpp_raw=[26600, 26600, 26600, 26600, 26600, 56500, 26600, 26600, 26600, 61600, 26600, 26600] public_ns=26650 pointer_ns=26600 slice_ns=26600 cpp_ns=26600 result=40d05bc706e36e40 hash=f79ed8293f6bcb5c
case w=256 h=128 layout=negative-row corpus=cancellation public_raw=[26600, 26600, 26600, 26700, 26600, 26600, 37300, 26600, 26600, 26600, 26600, 26600] pointer_raw=[26600, 26600, 44200, 26600, 26600, 26600, 27000, 26600, 26600, 26600, 26600, 26600] slice_raw=[26600, 26600, 26600, 26600, 26600, 26600, 26600, 26600, 26600, 26600, 26600, 27200] cpp_raw=[26600, 26600, 26600, 26600, 26600, 26600, 26600, 26600, 26600, 26600, 26600, 26600] public_ns=26600 pointer_ns=26600 slice_ns=26600 cpp_ns=26600 result=3ff0000000000000 hash=27aaca5e7e61b13d
case w=256 h=128 layout=universal corpus=positive public_raw=[26700, 26600, 26600, 26600, 26600, 26700, 26600, 26600, 26700, 26700, 26600, 26600] pointer_raw=[26700, 26700, 26600, 26600, 26600, 26600, 26600, 30200, 26600, 26600, 26600, 26600] slice_raw=[26700, 26600, 26600, 26600, 26600, 26600, 26600, 26700, 26600, 26600, 26600, 26600] cpp_raw=[26600, 26600, 37800, 26700, 26600, 26600, 26600, 26600, 26600, 26600, 26600, 26600] public_ns=26600 pointer_ns=26600 slice_ns=26600 cpp_ns=26600 result=40d05bc706e36e40 hash=f51edac924f49e8a
case w=256 h=128 layout=universal corpus=cancellation public_raw=[26600, 26700, 26600, 26700, 26600, 26600, 26600, 26600, 26600, 26600, 26600, 26700] pointer_raw=[26600, 56500, 26900, 26600, 26600, 26600, 26600, 26600, 26600, 26700, 37700, 29400] slice_raw=[26800, 26600, 26600, 26700, 26700, 26600, 26600, 26700, 26600, 47600, 26600, 26700] cpp_raw=[26600, 26600, 26600, 92800, 26700, 26600, 26600, 40300, 26800, 26600, 26600, 26700] public_ns=26600 pointer_ns=26600 slice_ns=26650 cpp_ns=26600 result=3ff0000000000000 hash=11c9366db9c9a94f
case w=256 h=128 layout=universal-negative corpus=positive public_raw=[26700, 26700, 26600, 26600, 26700, 26600, 26600, 26600, 26700, 26600, 26600, 26600] pointer_raw=[26700, 26600, 26600, 26800, 26600, 26600, 26600, 83300, 26600, 26700, 26600, 26600] slice_raw=[26700, 26600, 73800, 26600, 26600, 26600, 26600, 26600, 26600, 26600, 26600, 26600] cpp_raw=[26600, 26600, 26600, 26600, 26600, 26600, 26600, 27500, 26600, 26600, 26600, 26600] public_ns=26600 pointer_ns=26600 slice_ns=26600 cpp_ns=26600 result=40d05bc706e36e40 hash=80a7df72833edfd2
case w=256 h=128 layout=universal-negative corpus=cancellation public_raw=[26700, 26700, 26600, 26600, 26700, 26600, 26600, 26700, 26600, 26700, 26600, 26600] pointer_raw=[26700, 26800, 26600, 26700, 26600, 26700, 26600, 26700, 26600, 26600, 26600, 26600] slice_raw=[26600, 42200, 26900, 26600, 26600, 26600, 26600, 26700, 26600, 26600, 26600, 26600] cpp_raw=[26600, 26700, 26600, 26700, 26700, 26600, 26600, 26600, 26600, 26600, 26600, 26600] public_ns=26600 pointer_ns=26600 slice_ns=26600 cpp_ns=26600 result=3ff0000000000000 hash=69b8d69cb89ba94f
case w=256 h=128 layout=repeated-row corpus=positive public_raw=[26600, 26600, 26600, 26600, 26600, 26700, 26600, 26600, 26600, 26600, 26600, 26600] pointer_raw=[26600, 26600, 26600, 26600, 26600, 26600, 26600, 26600, 26600, 26600, 26600, 26600] slice_raw=[26600, 26600, 26600, 26600, 46200, 26600, 26600, 26600, 26600, 26600, 26600, 26600] cpp_raw=[26600, 26600, 26600, 26600, 75600, 26600, 26600, 26600, 26600, 26600, 26600, 26600] public_ns=26600 pointer_ns=26600 slice_ns=26600 cpp_ns=26600 result=40cf81efb5c54000 hash=49714b53d54ac7b
case w=256 h=128 layout=repeated-row corpus=cancellation public_raw=[26600, 26600, 26600, 26600, 26600, 40100, 26600, 26600, 26600, 26600, 87200, 26600] pointer_raw=[26600, 26600, 26600, 26600, 26600, 26600, 26600, 26600, 26600, 26600, 26600, 26600] slice_raw=[26600, 26600, 26600, 26600, 26600, 26600, 26600, 26600, 26600, 26600, 26600, 26600] cpp_raw=[26600, 26600, 26600, 26600, 26600, 26600, 26600, 26600, 26600, 26600, 26600, 26600] public_ns=26600 pointer_ns=26600 slice_ns=26600 cpp_ns=26600 result=3ff0000000000000 hash=e593d3b04b0d07bd
case w=256 h=128 layout=zero-both corpus=positive public_raw=[26600, 26600, 26600, 26600, 26600, 26600, 26600, 29400, 26700, 26600, 26600, 26600] pointer_raw=[26700, 26600, 26600, 26600, 26600, 26600, 26600, 215200, 26600, 65200, 26600, 26600] slice_raw=[26600, 26600, 26600, 26600, 26600, 26600, 26600, 26700, 26600, 26600, 26600, 26600] cpp_raw=[26600, 26600, 26600, 26600, 26600, 26600, 26600, 39000, 26600, 26600, 26600, 26600] public_ns=26600 pointer_ns=26600 slice_ns=26600 cpp_ns=26600 result=40bb3b6460000000 hash=dca1f6e90fc4a294
case w=256 h=128 layout=zero-both corpus=cancellation public_raw=[26600, 26600, 26600, 26600, 26600, 26600, 26600, 26600, 26600, 26600, 26600, 26700] pointer_raw=[26600, 26600, 26600, 26600, 26600, 26600, 26600, 26600, 26600, 26600, 29500, 26600] slice_raw=[26600, 26600, 26600, 26600, 26600, 26600, 26600, 26600, 26600, 26600, 26600, 26700] cpp_raw=[26600, 26600, 26600, 26600, 26600, 26600, 26600, 41700, 138000, 26600, 26600, 271000] public_ns=26600 pointer_ns=26600 slice_ns=26600 cpp_ns=26600 result=40e0000000000000 hash=5e6a49abe85e7e27
case w=2048 h=512 layout=contiguous corpus=positive public_raw=[921300, 895700, 871600, 1089200, 910700, 852700, 874000, 884100, 2248200, 867300, 1018000, 1098900] pointer_raw=[870100, 969800, 922600, 897400, 855600, 933500, 985700, 873500, 925100, 931100, 1331800, 865500] slice_raw=[1114900, 2138100, 873700, 885000, 898900, 1010400, 1112900, 994700, 962800, 872600, 917700, 943000] cpp_raw=[1111200, 872300, 916000, 1418000, 869300, 971700, 1122100, 959900, 935500, 866000, 1108600, 1156900] public_ns=903200 pointer_ns=923850 slice_ns=952900 cpp_ns=965800 result=41205e2e4a399ead hash=c6dac67e2265fef0
case w=2048 h=512 layout=contiguous corpus=cancellation public_raw=[3900300, 1095000, 875000, 1093200, 973700, 934300, 1043400, 1463900, 1195100, 879400, 897200, 875700] pointer_raw=[871000, 892700, 905300, 866000, 1071600, 2339600, 852600, 1154000, 877100, 882400, 885000, 881900] slice_raw=[876400, 1339800, 894500, 992200, 957600, 1148900, 869500, 1031900, 2394700, 890900, 888700, 866200] cpp_raw=[1143200, 992100, 997000, 885400, 875200, 877900, 970500, 871400, 1045600, 887900, 1085600, 906100] public_ns=1008550 pointer_ns=883700 slice_ns=926050 cpp_ns=938300 result=3ff0000000000000 hash=a69aed56f8a74fbd
case w=2048 h=512 layout=padded corpus=positive public_raw=[1100500, 919900, 865800, 897300, 865200, 869300, 883400, 866700, 873900, 852400, 864900, 1059100] pointer_raw=[1119000, 927600, 1041400, 865700, 903500, 919600, 866200, 852100, 873600, 944000, 1075700, 955100] slice_raw=[947400, 870800, 873800, 931300, 865300, 872000, 968000, 851900, 867300, 887000, 852000, 867200] cpp_raw=[872900, 908700, 866300, 1099200, 865700, 925000, 932100, 929700, 919800, 1038200, 977100, 1153400] public_ns=871600 pointer_ns=923600 slice_ns=871400 cpp_ns=927350 result=41205e2e4a399ead hash=2c08ab9cb604d170
case w=2048 h=512 layout=padded corpus=cancellation public_raw=[865300, 866700, 923400, 870400, 991400, 865700, 852000, 919400, 925100, 865400, 976400, 1017300] pointer_raw=[891600, 937900, 869000, 1172200, 852200, 917300, 889300, 872300, 908400, 950300, 867900, 928400] slice_raw=[1036600, 1007900, 895800, 873500, 866700, 866100, 937900, 871400, 959100, 888700, 882000, 852400] cpp_raw=[890600, 865100, 866000, 881500, 970100, 866900, 1097000, 1397100, 865300, 888700, 873700, 1109700] public_ns=894900 pointer_ns=900000 slice_ns=885350 cpp_ns=885100 result=3ff0000000000000 hash=d0a747135a70713d
case w=2048 h=512 layout=negative-row corpus=positive public_raw=[1209500, 2938700, 883100, 921600, 1119700, 871500, 891900, 1005600, 1093400, 937700, 1068800, 991400] pointer_raw=[876900, 2410800, 876000, 901200, 934700, 918800, 938700, 869800, 1090600, 898300, 942700, 873700] slice_raw=[2325200, 875600, 2912100, 936600, 874200, 872700, 872900, 934000, 895400, 958000, 877800, 935800] cpp_raw=[2902700, 858100, 2926300, 1229700, 872200, 877000, 885000, 882800, 1147400, 885500, 873900, 867800] public_ns=998500 pointer_ns=910000 slice_ns=914700 cpp_ns=883900 result=41205e2e4a399ead hash=79d855f7de969fd4
case w=2048 h=512 layout=negative-row corpus=cancellation public_raw=[977100, 880600, 915400, 856900, 1470800, 991100, 885200, 1031400, 1620900, 1002000, 1018400, 972900] pointer_raw=[1072500, 857800, 928500, 885500, 879500, 869500, 1235100, 916400, 982500, 927300, 1051600, 1098500] slice_raw=[984700, 955600, 928400, 932500, 877800, 1240700, 901600, 1108900, 1090900, 1106500, 882100, 1717600] cpp_raw=[1206400, 906700, 881900, 1013600, 869900, 931200, 1004800, 897300, 1178400, 879700, 1186000, 1357700] public_ns=984100 pointer_ns=927900 slice_ns=970150 cpp_ns=968000 result=3ff0000000000000 hash=d0a747135a70713d
case w=2048 h=512 layout=universal corpus=positive public_raw=[886900, 1058600, 1051100, 1380100, 906900, 908200, 1104700, 880100, 1235900, 867000, 1119000, 922100] pointer_raw=[929100, 1079700, 988400, 1215300, 852400, 1402200, 866700, 938000, 867700, 873000, 973700, 1302800] slice_raw=[1148500, 1240500, 1046100, 1088000, 871300, 1017700, 1021300, 925600, 867900, 881700, 911600, 892800] cpp_raw=[858100, 1462700, 1763600, 1077400, 875200, 943600, 880800, 878200, 924300, 925900, 866700, 980900] public_ns=986600 pointer_ns=955850 slice_ns=971650 cpp_ns=925100 result=41205e2e4a399ead hash=6e14901679ca267a
case w=2048 h=512 layout=universal corpus=cancellation public_raw=[977700, 925400, 1503500, 1064800, 1178400, 1303600, 931500, 924500, 929700, 935500, 1073300, 2177000] pointer_raw=[921000, 961800, 923400, 894200, 1146200, 876900, 866300, 934800, 874800, 884300, 953000, 1710100] slice_raw=[883900, 901700, 920800, 853300, 1226300, 868100, 864100, 878600, 877700, 882700, 878000, 1028400] cpp_raw=[927600, 874900, 1107400, 936100, 934700, 1207300, 1172500, 1064300, 896700, 879700, 900400, 978200] public_ns=1021250 pointer_ns=922200 slice_ns=880650 cpp_ns=935400 result=3ff0000000000000 hash=f76b74e1e473e94f
case w=2048 h=512 layout=universal-negative corpus=positive public_raw=[1037700, 911600, 1034000, 867200, 948400, 941900, 927900, 986300, 1173000, 986600, 944700, 990900] pointer_raw=[910100, 1081100, 931800, 907300, 1072900, 1219500, 883900, 925100, 872600, 867600, 925300, 865700] slice_raw=[1082300, 876800, 1004800, 947500, 867900, 875500, 1035400, 1105000, 894900, 916300, 868600, 1186400] cpp_raw=[989500, 932900, 904900, 1125400, 903300, 1118500, 889700, 868300, 946000, 994200, 867700, 896000] public_ns=967350 pointer_ns=917600 slice_ns=931900 cpp_ns=918900 result=41205e2e4a399ead hash=36f1d619b4475f82
case w=2048 h=512 layout=universal-negative corpus=cancellation public_raw=[958500, 901200, 873100, 987000, 1858000, 867300, 910200, 928600, 883100, 914100, 906100, 879900] pointer_raw=[891300, 1145700, 931400, 901700, 917400, 941700, 909800, 866800, 866500, 927500, 868400, 1058000] slice_raw=[869100, 1031500, 972900, 1186100, 1002700, 916400, 921100, 919100, 868200, 961100, 1137100, 951100] cpp_raw=[1121500, 856200, 964900, 897100, 943600, 868300, 957700, 905400, 866800, 887800, 874200, 877600] public_ns=908150 pointer_ns=913600 slice_ns=956100 cpp_ns=892450 result=3ff0000000000000 hash=ab9670d8fefbe94f
case w=2048 h=512 layout=repeated-row corpus=positive public_raw=[938400, 863300, 871800, 912700, 910800, 948200, 863100, 876800, 851600, 871300, 962100, 864200] pointer_raw=[864700, 863500, 1051800, 874400, 937400, 852300, 988100, 907400, 863800, 920600, 866500, 879000] slice_raw=[851800, 953800, 908500, 865100, 919800, 1006500, 912300, 928400, 878600, 905900, 908900, 876000] cpp_raw=[1174400, 870000, 1282900, 952300, 880400, 928300, 890400, 881300, 864700, 1052000, 998300, 851500] public_ns=874300 pointer_ns=876700 slice_ns=908700 cpp_ns=909350 result=41208946735a2800 hash=9b7642ffa76b8e74
case w=2048 h=512 layout=repeated-row corpus=cancellation public_raw=[876100, 921100, 851600, 922300, 871500, 866500, 1012400, 865500, 864600, 880700, 865100, 863300] pointer_raw=[875900, 947000, 865300, 944700, 880600, 1051300, 922000, 878200, 864400, 982300, 875700, 851500] slice_raw=[920300, 886200, 887400, 978600, 864000, 984800, 851500, 862900, 851500, 959500, 894500, 881400] cpp_raw=[908900, 1124800, 972100, 913000, 932100, 1085300, 916600, 869200, 1113500, 862000, 864400, 930100] public_ns=869000 pointer_ns=879400 slice_ns=886800 cpp_ns=923350 result=3ff0000000000000 hash=7db41a694ebd0fbd
case w=2048 h=512 layout=zero-both corpus=positive public_raw=[864900, 851800, 870000, 871000, 863400, 1050400, 1225200, 926400, 868600, 928000, 1127900, 1001600] pointer_raw=[1000900, 872100, 878400, 965800, 1044700, 889700, 878400, 1016000, 917100, 868300, 1601600, 1220600] slice_raw=[895500, 864500, 867100, 876700, 1056900, 1020600, 1209700, 945900, 876600, 1088300, 920900, 1376800] cpp_raw=[918500, 897900, 969800, 909100, 1459800, 1058800, 1023900, 871200, 940300, 944300, 1181300, 872700] public_ns=898700 pointer_ns=941450 slice_ns=933400 cpp_ns=942300 result=412e916880000000 hash=adc4660192ca3fa3
case w=2048 h=512 layout=zero-both corpus=cancellation public_raw=[1202100, 888000, 1203400, 1092400, 1060900, 1184100, 1081200, 863100, 1025200, 965500, 958500, 1102300] pointer_raw=[1243400, 1301700, 1047200, 1137800, 992000, 923400, 1056000, 1153700, 1088900, 1028400, 876900, 999300] slice_raw=[1157100, 1088300, 881000, 1014700, 918200, 921700, 871200, 886700, 1443900, 1067100, 869800, 897600] cpp_raw=[1296100, 851500, 1063900, 1373800, 927400, 972500, 915000, 866300, 1056700, 869700, 864800, 908400] public_ns=1071050 pointer_ns=1051600 slice_ns=919950 cpp_ns=921200 result=4130000000000000 hash=5e6a49abe85e7e27
m3_strict_reduction PASS cases=42 sink=0
