contracts PASS invalid/empty/out-zero/cancellation
semantic PASS cases=56 finite-bitwise NaN-class source-preserved
case w=31 h=17 layout=contiguous corpus=positive public_raw=[400, 400, 400, 400, 400, 400, 400, 400, 400, 400, 400, 400] pointer_raw=[400, 400, 400, 400, 400, 400, 400, 400, 400, 400, 400, 400] slice_raw=[400, 400, 400, 400, 400, 400, 400, 400, 400, 400, 400, 400] cpp_raw=[400, 400, 400, 400, 400, 400, 400, 400, 400, 400, 400, 400] public_ns=400 pointer_ns=400 slice_ns=400 cpp_ns=400 result=40702cf2bd10f800 hash=8596af9913445ebd
case w=31 h=17 layout=contiguous corpus=cancellation public_raw=[400, 400, 400, 400, 400, 400, 400, 400, 400, 400, 400, 400] pointer_raw=[400, 400, 400, 400, 400, 400, 400, 400, 400, 400, 400, 400] slice_raw=[400, 400, 400, 400, 400, 400, 400, 400, 400, 400, 400, 400] cpp_raw=[400, 400, 400, 400, 400, 400, 400, 400, 400, 400, 400, 400] public_ns=400 pointer_ns=400 slice_ns=400 cpp_ns=400 result=0 hash=789619667ec2b54f
case w=31 h=17 layout=padded corpus=positive public_raw=[400, 400, 400, 400, 400, 400, 400, 400, 400, 400, 400, 400] pointer_raw=[400, 400, 400, 400, 400, 400, 400, 400, 400, 400, 400, 400] slice_raw=[400, 400, 400, 400, 400, 400, 400, 400, 400, 400, 400, 400] cpp_raw=[400, 400, 400, 400, 400, 400, 400, 400, 400, 400, 400, 400] public_ns=400 pointer_ns=400 slice_ns=400 cpp_ns=400 result=40702cf2bd10f800 hash=d2884b9a0909f1bd
case w=31 h=17 layout=padded corpus=cancellation public_raw=[400, 400, 400, 400, 400, 400, 400, 400, 400, 400, 400, 400] pointer_raw=[400, 400, 400, 400, 400, 400, 400, 400, 400, 400, 400, 400] slice_raw=[400, 400, 400, 400, 400, 400, 400, 400, 400, 400, 400, 400] cpp_raw=[400, 400, 400, 400, 400, 400, 400, 400, 400, 400, 400, 400] public_ns=400 pointer_ns=400 slice_ns=400 cpp_ns=400 result=0 hash=1dab101df9a52d4f
case w=31 h=17 layout=negative-row corpus=positive public_raw=[400, 400, 400, 400, 400, 400, 400, 400, 400, 400, 400, 400] pointer_raw=[400, 400, 400, 400, 400, 400, 400, 400, 400, 400, 400, 400] slice_raw=[400, 400, 400, 400, 400, 400, 400, 400, 400, 400, 400, 400] cpp_raw=[400, 400, 400, 400, 400, 400, 400, 400, 400, 400, 400, 400] public_ns=400 pointer_ns=400 slice_ns=400 cpp_ns=400 result=40702cf2bd10f800 hash=8ff8755106ec0ed1
case w=31 h=17 layout=negative-row corpus=cancellation public_raw=[400, 400, 400, 400, 400, 400, 400, 400, 400, 400, 400, 400] pointer_raw=[400, 400, 400, 400, 400, 400, 400, 400, 400, 400, 400, 400] slice_raw=[400, 400, 400, 400, 400, 400, 400, 400, 400, 400, 400, 400] cpp_raw=[400, 400, 400, 400, 400, 400, 400, 400, 400, 400, 400, 400] public_ns=400 pointer_ns=400 slice_ns=400 cpp_ns=400 result=0 hash=6d1fa80ff9a52d4f
case w=31 h=17 layout=universal corpus=positive public_raw=[400, 400, 400, 400, 400, 400, 400, 400, 400, 400, 400, 400] pointer_raw=[400, 400, 400, 400, 400, 400, 400, 400, 400, 400, 400, 400] slice_raw=[400, 400, 400, 400, 400, 400, 400, 400, 400, 400, 400, 400] cpp_raw=[400, 400, 400, 400, 400, 400, 400, 400, 400, 400, 400, 400] public_ns=400 pointer_ns=400 slice_ns=400 cpp_ns=400 result=40702cf2bd10f800 hash=45edc35f09d36ded
case w=31 h=17 layout=universal corpus=cancellation public_raw=[400, 400, 400, 400, 400, 400, 400, 400, 400, 400, 400, 400] pointer_raw=[400, 400, 400, 400, 400, 400, 400, 400, 400, 400, 400, 400] slice_raw=[400, 400, 400, 400, 400, 400, 400, 400, 400, 400, 400, 400] cpp_raw=[400, 400, 400, 400, 400, 400, 400, 400, 400, 400, 400, 400] public_ns=400 pointer_ns=400 slice_ns=400 cpp_ns=400 result=0 hash=a4ba9168a61697b7
case w=31 h=17 layout=universal-negative corpus=positive public_raw=[400, 500, 400, 400, 500, 400, 400, 400, 400, 400, 400, 400] pointer_raw=[400, 400, 400, 400, 400, 400, 400, 400, 400, 400, 400, 400] slice_raw=[400, 400, 400, 400, 400, 400, 400, 400, 400, 400, 400, 400] cpp_raw=[400, 400, 400, 400, 400, 400, 400, 400, 400, 400, 400, 400] public_ns=400 pointer_ns=400 slice_ns=400 cpp_ns=400 result=40702cf2bd10f800 hash=314c0201084e056d
case w=31 h=17 layout=universal-negative corpus=cancellation public_raw=[400, 400, 400, 400, 400, 400, 400, 400, 400, 400, 400, 400] pointer_raw=[400, 400, 400, 400, 400, 400, 400, 400, 400, 400, 400, 400] slice_raw=[400, 400, 400, 400, 400, 400, 400, 400, 400, 400, 400, 400] cpp_raw=[400, 400, 400, 400, 400, 400, 400, 400, 400, 400, 400, 400] public_ns=400 pointer_ns=400 slice_ns=400 cpp_ns=400 result=0 hash=e5517cc7a61697b7
case w=31 h=17 layout=repeated-row corpus=positive public_raw=[400, 400, 400, 400, 400, 400, 400, 400, 400, 400, 400, 400] pointer_raw=[400, 400, 400, 400, 400, 400, 400, 400, 400, 400, 400, 400] slice_raw=[400, 400, 400, 400, 400, 400, 400, 400, 400, 400, 400, 400] cpp_raw=[400, 400, 400, 400, 400, 400, 400, 400, 400, 400, 400, 400] public_ns=400 pointer_ns=400 slice_ns=400 cpp_ns=400 result=4074dfc7beb80000 hash=552d99476c28af5f
case w=31 h=17 layout=repeated-row corpus=cancellation public_raw=[400, 400, 400, 400, 400, 400, 400, 400, 400, 400, 400, 400] pointer_raw=[400, 400, 400, 400, 400, 400, 400, 400, 400, 400, 400, 400] slice_raw=[400, 400, 400, 400, 400, 400, 400, 400, 400, 400, 400, 400] cpp_raw=[400, 400, 400, 400, 400, 400, 400, 400, 400, 400, 400, 400] public_ns=400 pointer_ns=400 slice_ns=400 cpp_ns=400 result=0 hash=a7fc3bd9d42fa9cf
case w=31 h=17 layout=zero-both corpus=positive public_raw=[400, 400, 400, 400, 400, 400, 400, 400, 400, 400, 400, 400] pointer_raw=[400, 400, 400, 400, 400, 400, 400, 400, 400, 400, 400, 400] slice_raw=[400, 400, 400, 400, 400, 400, 400, 400, 400, 400, 400, 400] cpp_raw=[400, 400, 400, 400, 400, 400, 400, 400, 400, 400, 400, 400] public_ns=400 pointer_ns=400 slice_ns=400 cpp_ns=400 result=407971b867000000 hash=8dfb19b47f723b97
case w=31 h=17 layout=zero-both corpus=cancellation public_raw=[400, 400, 400, 400, 400, 400, 400, 400, 400, 400, 400, 400] pointer_raw=[400, 400, 400, 400, 400, 400, 400, 400, 400, 400, 400, 400] slice_raw=[400, 400, 400, 400, 400, 400, 400, 400, 400, 400, 400, 400] cpp_raw=[400, 400, 400, 400, 400, 400, 400, 400, 400, 400, 400, 400] public_ns=400 pointer_ns=400 slice_ns=400 cpp_ns=400 result=c4a651bedd400000 hash=93bae8e06d7f38b
case w=256 h=128 layout=contiguous corpus=positive public_raw=[26600, 26600, 26600, 26600, 26600, 26600, 26600, 26600, 26600, 26800, 26600, 26700] pointer_raw=[26600, 26600, 26600, 26600, 26600, 26600, 26600, 26600, 26600, 26600, 26600, 26600] slice_raw=[26600, 26600, 26600, 26600, 26600, 26600, 26600, 26600, 26600, 26600, 26600, 26600] cpp_raw=[26600, 26600, 26600, 26600, 26600, 26600, 26600, 26600, 26600, 26600, 26600, 26600] public_ns=26600 pointer_ns=26600 slice_ns=26600 cpp_ns=26600 result=40d05bc706e36e40 hash=3f262f3c25d3932c
case w=256 h=128 layout=contiguous corpus=cancellation public_raw=[26600, 26700, 26600, 26600, 26600, 26700, 26600, 26600, 26700, 26600, 26600, 26600] pointer_raw=[26600, 26600, 26600, 26600, 26600, 45200, 26600, 29600, 26600, 26600, 26600, 26600] slice_raw=[29300, 46900, 26600, 26600, 26600, 26600, 26600, 26600, 26600, 26600, 26600, 26600] cpp_raw=[26600, 26600, 26600, 26600, 26600, 26600, 26600, 26600, 44400, 26600, 26600, 26600] public_ns=26600 pointer_ns=26600 slice_ns=26600 cpp_ns=26600 result=3ff0000000000000 hash=92b36eaed3f34fbd
case w=256 h=128 layout=padded corpus=positive public_raw=[26700, 26600, 26700, 34000, 26600, 26600, 26800, 26600, 26800, 26700, 26600, 26600] pointer_raw=[26600, 26600, 26600, 26600, 26600, 26600, 29400, 26600, 26600, 26600, 26600, 26600] slice_raw=[26600, 26600, 26700, 26600, 26600, 26600, 26600, 26600, 26600, 37400, 26600, 26600] cpp_raw=[26600, 26600, 26600, 26600, 26600, 40700, 26600, 26600, 26600, 26600, 26600, 26600] public_ns=26650 pointer_ns=26600 slice_ns=26600 cpp_ns=26600 result=40d05bc706e36e40 hash=dbe5f10c75e5df2c
case w=256 h=128 layout=padded corpus=cancellation public_raw=[26600, 26600, 26600, 26600, 26600, 26600, 26600, 26600, 26700, 26700, 26900, 26600] pointer_raw=[26600, 26600, 26600, 26600, 26600, 26600, 26600, 26600, 26700, 26600, 26600, 26600] slice_raw=[26600, 26600, 26800, 26600, 26600, 26600, 26600, 26600, 26600, 45700, 26600, 27700] cpp_raw=[26600, 26600, 26600, 26600, 26600, 26600, 26600, 26600, 114200, 26600, 26600, 26600] public_ns=26600 pointer_ns=26600 slice_ns=26600 cpp_ns=26600 result=3ff0000000000000 hash=27aaca5e7e61b13d
case w=256 h=128 layout=negative-row corpus=positive public_raw=[26700, 26700, 26600, 26600, 26600, 26700, 26600, 26600, 26600, 26700, 26600, 26700] pointer_raw=[26600, 26600, 26600, 26600, 26600, 26600, 26600, 26600, 26600, 26600, 26600, 42900] slice_raw=[26700, 53800, 26600, 26600, 26600, 26600, 34100, 26600, 38000, 26600, 26600, 26800] cpp_raw=[26600, 26600, 26600, 26600, 26600, 26600, 26600, 26600, 26600, 26600, 26600, 26600] public_ns=26600 pointer_ns=26600 slice_ns=26600 cpp_ns=26600 result=40d05bc706e36e40 hash=f79ed8293f6bcb5c
case w=256 h=128 layout=negative-row corpus=cancellation public_raw=[26600, 26700, 82100, 26600, 26600, 26600, 330400, 26700, 26600, 26600, 26700, 26600] pointer_raw=[26600, 26600, 26600, 26600, 26700, 26600, 26600, 26600, 26600, 26600, 26600, 26600] slice_raw=[26600, 26600, 26600, 26600, 26600, 26600, 26600, 26600, 34900, 26600, 26600, 26600] cpp_raw=[102100, 26600, 26600, 26600, 26600, 26600, 26600, 27100, 26600, 26600, 26600, 26600] public_ns=26600 pointer_ns=26600 slice_ns=26600 cpp_ns=26600 result=3ff0000000000000 hash=27aaca5e7e61b13d
case w=256 h=128 layout=universal corpus=positive public_raw=[26600, 26700, 26800, 26600, 26600, 26700, 39600, 26700, 26600, 26700, 26700, 26700] pointer_raw=[26700, 26600, 26600, 26600, 26700, 26600, 139700, 26600, 26800, 26600, 26600, 26600] slice_raw=[26700, 26600, 26600, 26600, 26600, 26600, 26600, 26700, 26600, 26600, 26600, 26600] cpp_raw=[26800, 26600, 26600, 26600, 26600, 26600, 26700, 26600, 26600, 26600, 188600, 26800] public_ns=26700 pointer_ns=26600 slice_ns=26600 cpp_ns=26600 result=40d05bc706e36e40 hash=f51edac924f49e8a
case w=256 h=128 layout=universal corpus=cancellation public_raw=[26600, 26700, 26600, 26700, 26700, 26700, 26700, 26600, 26600, 26700, 26600, 26700] pointer_raw=[26900, 26600, 26600, 29400, 26600, 26600, 26600, 26800, 38900, 26600, 41900, 26600] slice_raw=[26700, 26600, 26600, 26700, 77100, 26600, 26600, 26600, 26600, 26600, 26600, 26600] cpp_raw=[26600, 26600, 26600, 26600, 26600, 26600, 26600, 26600, 26600, 26600, 26600, 26600] public_ns=26700 pointer_ns=26600 slice_ns=26600 cpp_ns=26600 result=3ff0000000000000 hash=11c9366db9c9a94f
case w=256 h=128 layout=universal-negative corpus=positive public_raw=[26700, 26600, 26600, 26600, 248700, 26700, 29100, 26600, 26700, 26700, 26700, 26600] pointer_raw=[26600, 26600, 26600, 26600, 26600, 26600, 26700, 26600, 44200, 26600, 26800, 26600] slice_raw=[26600, 26600, 26700, 26600, 26600, 26600, 26600, 26600, 26600, 26600, 44800, 26600] cpp_raw=[26600, 26600, 26600, 26600, 26600, 26600, 26600, 26600, 26600, 26600, 26600, 26600] public_ns=26700 pointer_ns=26600 slice_ns=26600 cpp_ns=26600 result=40d05bc706e36e40 hash=80a7df72833edfd2
case w=256 h=128 layout=universal-negative corpus=cancellation public_raw=[26700, 26700, 26600, 26600, 26700, 45000, 26700, 26700, 26600, 26700, 26600, 26600] pointer_raw=[26600, 26600, 26600, 38500, 26600, 26600, 26800, 26600, 26600, 26600, 26600, 26600] slice_raw=[26600, 26600, 26600, 26600, 26600, 26600, 26600, 26700, 26600, 40300, 26600, 42100] cpp_raw=[26600, 26600, 26600, 26600, 26600, 26800, 26700, 46600, 26600, 26600, 26600, 26600] public_ns=26700 pointer_ns=26600 slice_ns=26600 cpp_ns=26600 result=3ff0000000000000 hash=69b8d69cb89ba94f
case w=256 h=128 layout=repeated-row corpus=positive public_raw=[26700, 26600, 26600, 26600, 26600, 26600, 26600, 26600, 26600, 26600, 26600, 26600] pointer_raw=[26700, 26600, 45700, 26600, 26600, 26600, 26600, 26600, 26600, 26600, 26600, 26600] slice_raw=[26600, 26600, 26600, 26600, 26600, 29000, 26600, 26600, 26600, 26600, 26600, 40000] cpp_raw=[26600, 26600, 26600, 26700, 26600, 26600, 26600, 26600, 26600, 26600, 26600, 26600] public_ns=26600 pointer_ns=26600 slice_ns=26600 cpp_ns=26600 result=40cf81efb5c54000 hash=49714b53d54ac7b
case w=256 h=128 layout=repeated-row corpus=cancellation public_raw=[26600, 26600, 26600, 26600, 26600, 26600, 26600, 26600, 26600, 26600, 26600, 26600] pointer_raw=[26600, 26600, 26600, 26600, 26600, 26600, 26600, 26600, 26600, 26600, 26600, 26600] slice_raw=[26600, 26600, 26600, 26600, 40400, 26600, 26600, 26600, 26600, 26600, 26600, 26600] cpp_raw=[26600, 26600, 26600, 26600, 41900, 34100, 26600, 26600, 26600, 26600, 26600, 26600] public_ns=26600 pointer_ns=26600 slice_ns=26600 cpp_ns=26600 result=3ff0000000000000 hash=e593d3b04b0d07bd
case w=256 h=128 layout=zero-both corpus=positive public_raw=[26600, 26600, 26600, 26600, 26600, 190600, 26700, 26600, 26600, 26600, 26600, 26600] pointer_raw=[26600, 26600, 26600, 26600, 26600, 26600, 26600, 26600, 26600, 26600, 26600, 26600] slice_raw=[26600, 26600, 26600, 26600, 26600, 26600, 26700, 26600, 26600, 29200, 26600, 26600] cpp_raw=[26600, 26600, 26600, 26600, 26700, 26600, 26600, 26600, 26600, 73300, 26600, 26600] public_ns=26600 pointer_ns=26600 slice_ns=26600 cpp_ns=26600 result=40bb3b6460000000 hash=dca1f6e90fc4a294
case w=256 h=128 layout=zero-both corpus=cancellation public_raw=[26600, 26600, 26600, 26600, 26600, 26600, 26700, 26600, 26600, 26600, 26600, 26600] pointer_raw=[26600, 26600, 26600, 26600, 26600, 26600, 26600, 26600, 26600, 26600, 26600, 26600] slice_raw=[26600, 26600, 26600, 26600, 26600, 26600, 77300, 26600, 26600, 26600, 27100, 26600] cpp_raw=[26600, 26600, 26600, 26600, 26600, 26600, 26600, 26600, 26600, 26600, 58000, 26600] public_ns=26600 pointer_ns=26600 slice_ns=26600 cpp_ns=26600 result=40e0000000000000 hash=5e6a49abe85e7e27
case w=2048 h=512 layout=contiguous corpus=positive public_raw=[1058700, 1022800, 951400, 978200, 973000, 869600, 871800, 3555600, 1162800, 1187600, 866000, 882500] pointer_raw=[1842600, 966000, 881900, 926000, 1481300, 873200, 1212700, 900400, 878900, 1051400, 959900, 1021100] slice_raw=[3565900, 946300, 906800, 2150900, 876400, 1135600, 1346500, 890000, 987000, 982300, 871200, 885500] cpp_raw=[984200, 1078400, 1201700, 944100, 1144300, 1301800, 1038300, 864600, 872600, 891400, 1018500, 864900] public_ns=975600 pointer_ns=962950 slice_ns=964300 cpp_ns=1001350 result=41205e2e4a399ead hash=c6dac67e2265fef0
case w=2048 h=512 layout=contiguous corpus=cancellation public_raw=[999100, 868300, 946100, 874200, 920900, 1118400, 1051600, 933600, 1064800, 912100, 873400, 874500] pointer_raw=[931400, 956500, 1126500, 956900, 962100, 1015900, 951700, 870900, 1003000, 1122400, 971200, 985300] slice_raw=[1108800, 1022600, 918000, 896000, 1615000, 1176100, 881200, 965200, 878200, 867600, 1161000, 928400] cpp_raw=[880000, 889900, 865500, 851700, 872600, 883200, 1042200, 932600, 865300, 1058900, 919800, 883300] public_ns=927250 pointer_ns=966650 slice_ns=946800 cpp_ns=883250 result=3ff0000000000000 hash=a69aed56f8a74fbd
case w=2048 h=512 layout=padded corpus=positive public_raw=[1161300, 970500, 852300, 885700, 1030000, 871300, 954600, 900900, 869500, 867000, 1015700, 911700] pointer_raw=[881600, 1123700, 931300, 992300, 1147700, 1228800, 943000, 874100, 1035600, 1903800, 881100, 1015300] slice_raw=[875000, 1054200, 922600, 1008500, 992000, 1177000, 865300, 892900, 919800, 1435100, 924000, 921400] cpp_raw=[873600, 911500, 851700, 1098600, 865300, 1202300, 924300, 1325900, 954900, 986000, 877400, 865600] public_ns=906300 pointer_ns=1003800 slice_ns=923300 cpp_ns=917900 result=41205e2e4a399ead hash=2c08ab9cb604d170
case w=2048 h=512 layout=padded corpus=cancellation public_raw=[870900, 913900, 926100, 1012800, 1825200, 852300, 866200, 1176400, 935900, 1123800, 1182200, 973900] pointer_raw=[852300, 912000, 1143500, 865700, 1009700, 882200, 929900, 1060700, 949700, 1082400, 1912000, 1070600] slice_raw=[865900, 1971700, 1118100, 1066200, 1223800, 876100, 883400, 962200, 1140200, 874000, 921700, 885400] cpp_raw=[1022100, 955900, 934500, 872200, 919800, 851800, 956000, 851800, 878600, 2229700, 1003500, 1083200] public_ns=954900 pointer_ns=979700 slice_ns=941950 cpp_ns=945200 result=3ff0000000000000 hash=d0a747135a70713d
case w=2048 h=512 layout=negative-row corpus=positive public_raw=[880300, 1212800, 1123300, 942000, 942600, 1036200, 942100, 931200, 868900, 1101100, 980500, 1201900] pointer_raw=[1223900, 886900, 1036400, 961500, 892500, 1139600, 963500, 1087500, 907300, 1065000, 920900, 896400] slice_raw=[1004800, 894800, 1034600, 878100, 1810600, 1133800, 1070800, 1119300, 1065300, 948200, 1694500, 885500] cpp_raw=[1085400, 892900, 943600, 1136100, 928200, 1262100, 853600, 954300, 969300, 2225700, 935900, 972300] public_ns=961550 pointer_ns=962500 slice_ns=1049950 cpp_ns=961800 result=41205e2e4a399ead hash=79d855f7de969fd4
case w=2048 h=512 layout=negative-row corpus=cancellation public_raw=[868700, 1106200, 926700, 926800, 885700, 876600, 1147100, 867700, 921800, 931600, 1081100, 1532400] pointer_raw=[1126000, 1039900, 872100, 873200, 867100, 1655000, 875800, 958500, 943600, 1161400, 966000, 996000] slice_raw=[943000, 873900, 1067200, 868100, 1768700, 902500, 935400, 950200, 868500, 948000, 2347900, 854600] cpp_raw=[1043900, 1020700, 979900, 876400, 955700, 876700, 875500, 903300, 946300, 2117900, 1143000, 1034800] public_ns=926750 pointer_ns=962250 slice_ns=939200 cpp_ns=967800 result=3ff0000000000000 hash=d0a747135a70713d
case w=2048 h=512 layout=universal corpus=positive public_raw=[1925100, 1547400, 1049400, 1077400, 1215100, 890800, 959000, 3112100, 934800, 937600, 877100, 1045100] pointer_raw=[1010600, 880400, 1034100, 897100, 1071800, 852700, 1082500, 1072400, 993800, 904600, 1189000, 1192100] slice_raw=[1472000, 1043300, 910400, 879300, 945200, 878800, 1828500, 873300, 901000, 1945400, 1968700, 926600] cpp_raw=[869400, 2826200, 1010300, 876500, 906000, 882500, 947700, 1021400, 867600, 956600, 888200, 879700] public_ns=1047250 pointer_ns=1022350 slice_ns=935900 cpp_ns=897100 result=41205e2e4a399ead hash=6e14901679ca267a
case w=2048 h=512 layout=universal corpus=cancellation public_raw=[1016300, 875900, 957200, 955000, 853500, 866500, 989000, 878700, 889300, 2397200, 1135300, 892100] pointer_raw=[876200, 1054500, 962700, 1138800, 1215100, 896400, 931800, 994400, 945700, 952900, 2914800, 884400] slice_raw=[912400, 929300, 878200, 892700, 1026300, 992200, 852800, 948500, 880400, 852800, 1041100, 910700] cpp_raw=[1634900, 878600, 882400, 943900, 943900, 944200, 886400, 901000, 904100, 969400, 1043700, 1527800] public_ns=923550 pointer_ns=957800 slice_ns=911550 cpp_ns=943900 result=3ff0000000000000 hash=f76b74e1e473e94f
case w=2048 h=512 layout=universal-negative corpus=positive public_raw=[867100, 1009400, 919600, 869500, 946800, 1264700, 866100, 963900, 903800, 888100, 952500, 879400] pointer_raw=[945200, 852500, 1118900, 871200, 1000500, 866800, 874900, 1003900, 877200, 873000, 941300, 889800] slice_raw=[875600, 958600, 958000, 868400, 1174000, 852600, 1041600, 1044000, 925300, 867100, 1311700, 867200] cpp_raw=[1053500, 852700, 1001700, 939600, 866200, 927900, 959300, 963500, 868700, 868000, 935600, 1007300] public_ns=911700 pointer_ns=883500 slice_ns=941650 cpp_ns=937600 result=41205e2e4a399ead hash=36f1d619b4475f82
case w=2048 h=512 layout=universal-negative corpus=cancellation public_raw=[876100, 930300, 2334000, 1029400, 927200, 931900, 1036500, 1132200, 966400, 1117400, 1155200, 1003500] pointer_raw=[1199100, 948800, 903500, 928700, 1060100, 878600, 1092000, 867400, 1097500, 1534400, 2251800, 867600] slice_raw=[999100, 924500, 980600, 1005400, 1122300, 923600, 927600, 1004100, 1069000, 1124200, 1174500, 1013200] cpp_raw=[1076600, 865600, 915400, 987900, 866400, 1977400, 1076700, 1167800, 883700, 949100, 1288400, 994300] public_ns=1016450 pointer_ns=1004450 slice_ns=1004750 cpp_ns=991100 result=3ff0000000000000 hash=ab9670d8fefbe94f
case w=2048 h=512 layout=repeated-row corpus=positive public_raw=[879600, 932800, 2090100, 875000, 903200, 898100, 1092200, 971800, 942700, 1222300, 1113500, 1074800] pointer_raw=[1125000, 894800, 1474900, 1079100, 1659900, 1001200, 868400, 953100, 929200, 925000, 954700, 957500] slice_raw=[1065000, 940700, 1026000, 1030900, 1373000, 997700, 952900, 1141900, 939300, 1049400, 959000, 1103800] cpp_raw=[998400, 1077700, 1650800, 1032000, 1292100, 923700, 925100, 903200, 883900, 1070600, 925700, 911500] public_ns=957250 pointer_ns=956100 slice_ns=1028450 cpp_ns=962050 result=41208946735a2800 hash=9b7642ffa76b8e74
case w=2048 h=512 layout=repeated-row corpus=cancellation public_raw=[1069600, 931500, 1042800, 940700, 881400, 1172100, 862600, 1057700, 1869900, 907700, 1077800, 1020200] pointer_raw=[979200, 880600, 942600, 991400, 890200, 918100, 864200, 926500, 870200, 889900, 1062800, 888300] slice_raw=[921100, 930900, 898500, 1172200, 957200, 1051600, 930100, 888100, 862500, 973000, 1227500, 1185200] cpp_raw=[945600, 869000, 851500, 868700, 871000, 979200, 878400, 1071200, 966700, 958100, 916800, 976900] public_ns=1031500 pointer_ns=904150 slice_ns=944050 cpp_ns=931200 result=3ff0000000000000 hash=7db41a694ebd0fbd
case w=2048 h=512 layout=zero-both corpus=positive public_raw=[1157200, 1106200, 1027200, 1099700, 1080100, 1245300, 1147600, 921300, 870500, 868800, 1014800, 871000] pointer_raw=[974800, 1319500, 985000, 1418600, 1052200, 877100, 1684000, 2028400, 1659700, 2045100, 872600, 916300] slice_raw=[1048000, 1167100, 985000, 1160700, 1284900, 2214500, 2295600, 1429100, 1198600, 908100, 854800, 1308900] cpp_raw=[851500, 1737700, 1276000, 1734800, 1042500, 5276000, 1168900, 1062200, 2930300, 867200, 894500, 1140700] public_ns=1053650 pointer_ns=1185850 slice_ns=1182850 cpp_ns=1154800 result=412e916880000000 hash=adc4660192ca3fa3
case w=2048 h=512 layout=zero-both corpus=cancellation public_raw=[869300, 868800, 889200, 870200, 2178500, 934800, 879800, 898000, 1095000, 1903200, 929600, 1102300] pointer_raw=[1668000, 983400, 931600, 1075800, 936300, 870200, 1085500, 971800, 1068600, 915700, 1072500, 1252700] slice_raw=[960500, 1131100, 1074600, 1022000, 935200, 881800, 935200, 980400, 1014300, 977400, 1004200, 1282800] cpp_raw=[868500, 991500, 882000, 1070300, 921300, 863500, 868500, 1864000, 1091000, 873500, 1092200, 1076400] public_ns=913800 pointer_ns=1026000 slice_ns=992300 cpp_ns=956400 result=4130000000000000 hash=5e6a49abe85e7e27
m3_strict_reduction PASS cases=42 sink=0
